rowLabel	avP	dP	avI	dI	f1	dF1	f2	dF2	h
?	-1	2692.3913356569697	65.50213996007578	1508.4212899803856	608.6175024806688	10563.673168914396	1379.271913015242	33395.14340032741	-2.016464249843783
?	134.6195667828485	2764.837469180614	75.42106449901928	67.70100836908341	528.1836584457199	-1980.268810636361	1669.7571700163705	-1917.555667498009	11.63747570911106
?	137.2418734590307	-27.103391127068324	68.88719037852995	-183.64381197730717	509.60406194885076	129.86467062682317	1283.3941296403416	-8570.99420047961	11.423798341554903
?	133.26439722649508	-303.8783643224577	66.23887390015392	63.70509980977262	534.676891977061	3431.1004404086652	1241.2074599923899	3263.3388841192036	9.987125477576658
?	122.04795524290782	-2685.2879445299022	72.07244536901858	-236.7548059579456	681.159083969284	1724.5224403761135	1446.5610738463017	3405.4058631850385	10.400378493343643
?	-1	-2460.959104858157	54.40113360225664	-248.06672988497957	620.9030139958667	-540.5599069575125	1411.4777531516418	59.20671530012443	-2.4374380778164615
?	-1	2818.5124941885874	59.669108874769606	396.30780118876936	654.1310886214084	140.63151646633972	1449.521409611308	1073.7639304027382	-2.3640370884498028
?	139.92562470942934	2657.318039290516	74.2165236616951	-7.155644165731873	627.9345898191837	-1226.0945678982491	1465.1659496717787	-1873.073255730997	5.841963209552657
?	131.86590196452576	-2818.5124941885874	59.31132666648301	-453.8318253867457	592.8263602264959	1472.053092536162	1355.8677468247581	-392.1467414628661	2.822074493537926
?	-1	-2657.318039290516	51.524932392357826	-211.23428000170924	701.5372444459918	2177.8157986697925	1445.5586125986354	3410.122552666663	-1
?	-1	2884.0913508867366	48.74961266639755	327.31344531404403	701.7171501599855	-700.0944727244672	1526.3738744580912	-3602.5678728415974	-1
?	143.20456754433695	2674.8020538332953	67.89060465806004	436.715403801053	666.5325208097684	-450.47458119028494	1265.4302189565553	-5012.836632671915	6.532673346535193
?	132.74010269166487	-237.66031931432886	70.58538285645022	-83.75402460375305	679.1934211004713	-3772.0688028921986	1275.7320428244952	-2832.5428391171517	15.598365697239046
?	131.3215515786205	-20.922009051844253	63.702903427872386	-120.98693910859498	477.92908066515827	-5194.449192125553	1123.8030770006976	-2621.766614362707	10.644564462211719
?	131.69400223907266	-78.77333121183362	64.53603590102047	71.33602853715865	419.4709614941934	-2355.815466305985	1144.6437121063598	191.36789844267224	13.096058447711666
?	127.38288501802882	-190.95481061254486	67.26970485473032	-118.15986435350159	360.1383073498589	-1040.9399597422841	1133.3714719228312	4520.949336742147	14.097933509465975
?	122.14626170844541	-2567.657700360574	58.628042683345384	-226.48567320634834	367.4239635070791	3921.0406309591017	1370.6911789434673	2939.9228689236697	13.455757464189377
?	-1	9.699580599743447	55.945421194412894	163.68406552207077	556.1903388978142	4105.539741296518	1280.3676153690149	-9621.743191929776	1.1490223594192395
?	122.63124073843258	2338.926480041837	66.81224595944893	185.45067594299294	572.7009505719052	-2967.224021371123	889.6040193469781	-6845.777244960287	10.373003981141194
?	115.94632400209194	-161.24907964516603	65.21795499156255	-248.59275670960932	407.8291378292579	-402.90913006622355	938.0787531210002	5911.074099234466	11.420704755369737
?	114.56878675617429	-2338.926480041837	54.38260812396848	-275.98938490204364	552.555494068594	8895.726104097414	1185.157724308701	9832.609819541287	-1
?	-1	828.7230659508628	51.418485746460355	181.38100059475957	852.6154430341289	1196.5965666245177	1429.709244098065	6443.6064918475395	-1
?	156.00494005371746	2999.629255538026	63.45165815370647	490.38560905720345	612.38532239982	-4966.2440972818695	1507.3380489010783	2101.897814124548	4.346494038948235
?	148.98146277690142	-146.46837116421565	75.93776619932055	138.64679892262617	604.3032381700352	-664.955103502711	1534.8041348042925	-7496.541061235696	14.347298493001139
?	148.68152149550667	57.01775788478182	70.38399809983778	-212.39804130021307	579.1375672246844	-380.2514861118126	1132.5109958392932	-6805.022539936393	13.299851748856213
?	151.83235067114052	124.97817011159884	65.31786413430989	96.65354293229561	585.2906638644446	-785.2695541136625	1194.5530078074726	914.0334952930235	14.067881947162101
?	154.93043000108662	-10.97013843742956	75.21667524645257	206.6109717613379	539.8740895190013	-423.098454389844	1178.2126706039444	-3730.1644857016336	16.4917581742478
?	151.28384374926904	-226.28359397048123	75.64841272237679	-280.71010721569	564.1357411449524	-1571.884026875848	1008.0447835223907	-332.5594849636033	20.85592578338883
?	143.61625030256255	-25.387186983328412	61.181169885668055	-529.0725382568365	461.2798881752088	-676.847931622321	1161.5846963557642	5908.408404280751	9.472427122207616
?	150.01448440010262	-2892.3250060512482	49.19478580953494	-367.0132891593964	530.2933445638363	1418.8712948562168	1303.4652037364285	2584.8240226740086	-1
?	-1	-3020.28968800205	42.83050542769822	-136.9554917325455	532.2234529180197	782.2361218347548	1290.8258974894648	1915.6763516475742	-1
?	-1	0	42.34701122290766	120.08312709989755	569.4051506555741	1893.0068860201784	1399.2490213188073	3313.0819271873697	-1
?	-1	2422.7220506714616	48.834661782693104	529.2979465424983	626.8737972190287	-2082.742954796393	1456.4799938488334	1894.5176335983963	-1
?	120.1361025335732	2284.3504336215515	68.8119085500326	400.67457124710097	465.2680029157543	-2122.0788818997794	1493.9749029987272	1074.2275780683158	10.459269806934902
?	113.21752168107767	-224.37061467524452	68.86839034504817	-40.681538779124615	520.7698531240396	1493.172276920885	1510.1913727522492	-1234.8443563832632	14.05332435074367
?	108.91757179981096	-243.14320614779638	66.77783161107637	-109.11751562984027	539.9266167617986	559.9539323275594	1432.232685179564	-935.9826076591427	12.682965662685136
?	101.06036137368784	-168.80077411620292	63.41251456355615	-111.92831821388101	548.7675497404176	574.7208880385865	1463.392242369292	-8760.226066537494	12.581680424239648
?	100.4775330940008	291.9431398197517	61.18141570038231	-361.6885120112816	568.662661163728	-657.5109708432791	994.2213818526889	-3245.475941399247	10.180964464567005
?	115.65751836467544	-2029.5506618800143	45.328088962992055	-302.483351678421	515.8920011982536	2527.863784318122	1301.1184452993296	10028.467429070348	-1
?	-1	-2333.150367293517	46.057248116461246	110.28703199499927	695.0558503796342	4774.886568375569	1495.6447533062067	4729.893601007914	-1
?	-1	0	50.842440562742	114.19956010314947	754.6363296170313	-86.85290025006938	1537.6131253497244	-1429.3828879758898	-1
?	-1	0	51.7672261216187	-23.492195841986156	690.7132053671307	305.6449674174507	1424.1756089074124	493.7643643633209	-1
?	-1	0	49.667830770642695	-147.12855151064767	769.9185779879038	1740.0502329218232	1562.3013435678904	5917.459347495344	-1
?	-1	0	44.41079854608634	-351.7017563341789	777.7157170132216	-2458.567472611423	1720.0485762821786	1394.7929686073762	-1
?	-1	2397.4555511615476	32.08274295393381	343.0286610814915	646.990204357333	-6858.41642355084	1632.040991998259	-2859.3117994848362	-1
?	118.87277755807696	2492.3982973621623	61.56223160016086	745.1504278476318	434.79489583568085	-4686.839825784792	1577.0829863079373	1317.4222231799424	4.460542201617662
?	123.61991486810768	81.7499291466811	69.34026434631527	84.1417373750133	412.64821306809426	-799.5671193011714	1697.9121031572558	-1961.6998085339471	14.570842725251747
?	122.960274015411	18.154636683804092	65.76931846891151	-287.60004123996697	394.8165398706224	735.8046038243666	1478.9979958812403	-5196.380336259135	12.559287222163686
?	124.52764670229789	60.22653919585785	54.96026228431697	-249.14393767754265	449.43844325931246	5020.731553750809	1438.0930863443	-1542.0545024069188	-1
?	125.97160097520388	-2510.5529340459666	53.31212158503442	-42.15215983684062	645.853117558162	5514.082662572537	1401.8952707608946	-1063.3308113252126	-1
?	-1	356.6096870728681	52.852654292474945	317.8620341379869	725.1425763879383	-1578.5800525928346	1384.9265457780396	-1295.526968332374	-1
?	143.80208532884723	2854.8970156636124	69.2052232919337	512.4129712818672	566.9241149285206	-1996.2180744560558	1337.1189223442761	-3888.4479192231493	3.5313868675646987
?	141.7448507831801	44.46021402444971	78.47330285656821	198.76486900126352	625.3316726651359	2064.863152348078	1190.5041498168828	-2011.0053018831766	16.90683882954318
?	146.0250960300697	66.39887466061192	79.14346674199685	-107.44072498404886	670.1672725459241	-125.33793131195851	1236.5686572501177	245.69993226165568	17.775195827464234
?	145.0647945162107	-2940.5019206014044	73.10126660736579	-408.90132217521756	619.064776099538	281.7542139720364	1202.7891464299655	3305.034796254866	11.230366656456688
?	-1	-2921.2958903242243	58.69840063323604	-375.9086410653277	684.2549832445259	2830.2707970604692	1401.8203970628604	4599.0027675201945	-1
?	-1	2904.556998569819	54.30583455409947	23.91106120718058	760.578315952561	-2144.5231370128963	1432.7392848059744	1324.8794454907786	-1
?	144.22784992849043	2600.5621235485473	59.893953693595066	291.924572135076	577.0288263938815	-6429.391991161563	1468.064369337399	2625.2870236220365	3.0620484585578347
?	129.0281061774269	-428.82710023117266	68.90206316085322	104.4776571340868	439.10871639448396	-3118.9028758432014	1564.0036359870758	-616.303694137989	11.866025076977632
?	122.78649491693187	-2600.5621235485473	65.11783655029939	-302.37870076565747	421.08368260172193	2807.3209948232543	1437.2491846304997	-2625.528437874764	11.193915998769896
?	-1	203.52270366709448	53.783128122570396	-175.78765373955554	579.4747661356462	3338.747011573625	1432.727214093338	791.1113502168956	-1
?	132.96263010028656	2502.5886950482995	56.32845386332164	277.3591365271224	588.0210331804026	-3086.645995913801	1476.8047521413444	5793.024901181077	-3.091365792733998
?	124.12943475241453	-371.7273392324704	67.65108494892647	-51.17196208535351	425.1424663399567	-4647.399844761259	1722.3784591523909	2546.3349598478408	7.954910177691817
?	114.3762631386631	192.78277340866094	53.769855759053975	-112.73102760286446	355.65104094234044	2752.0750935319775	1604.121500133736	-10969.049799713255	4.592103778864872
?	133.76857342284754	292.827353151355	62.014533568783264	340.91194511361886	562.7462210165551	3707.420790497063	1173.92596916673	-14858.991472896227	-0.7883793339218114
?	129.0176307962308	-79.83799594270437	70.81545301473486	9.851778609273971	541.022080467193	-685.3212335763216	861.1719264889273	-5615.415979325634	11.866552262891018
?	129.77667362571233	-2600.3526159246253	62.50712249924696	-427.63005834206365	528.4801593377391	1153.2517478934228	893.1551702004493	12217.086319413427	11.260233682304943
?	-1	164.702975658077	49.43395009763175	-145.35854909786104	598.6846678618639	719.5016593511516	1472.0262424595965	14351.70120126007	-1
?	138.01182240861615	2663.6922793627523	55.239195044353934	391.9681104215811	564.4552423052966	-3637.3256334547277	1610.7402302634503	-2117.6405232103966	3.6803781621950185
?	132.18461396813714	-123.61778207503947	69.03235561871074	203.06301712239517	416.81838618912815	-1638.8121049383838	1366.144216299077	-9955.137502574169	16.200203206961536
?	131.8309333048642	3.434877395467891	65.39234590047366	-57.00269969538076	482.5146370583777	603.09963895299	1112.9833551347435	-5993.40868723695	14.585938232496346
?	132.35635783791054	-154.73485523929324	66.18222063394171	-269.2742698158325	446.97336813677754	-2206.175642409349	1066.4737819372306	-263.74059513657903	17.03892016653253
?	124.09419054289957	-2667.1271567582203	51.92863240968208	-443.55964702728943	372.2058549379106	50.538967537478534	1099.7963253779146	1497.9030647607494	-1
?	-1	99.80264777870566	44.00423828257732	153.83955875535517	449.50031651365146	1777.365206165227	1141.3689351752678	5599.524797135798	-1
?	129.08432293183483	2408.848763109742	59.62061034744981	498.95146329627613	461.07411524617163	2563.1652071100916	1379.7725652347035	4573.557215184813	5.610114134191422
?	119.44243815548667	-311.5195894298312	68.95181144739104	120.20801963908511	577.6585768691556	1887.0312760576176	1370.0467959345076	-3696.885961923885	7.900566660479716
?	113.50834346034333	-175.8839172909402	65.63101132940405	-365.79730619848294	555.4256790490522	-1215.402953449329	1194.92826713851	-1519.7816238202367	12.858512631458813
?	110.64824229093969	-2290.1668692068747	50.661946137466956	-308.20360148112167	516.8884291966893	2490.021640790946	1294.057714743496	6972.007757278986	-1
?	-1	181.72751170751448	50.22083125534802	292.67564929994495	679.926761088599	466.3914059905181	1543.528655002458	4930.718684712391	-1
?	119.73461787631538	0	65.29572860246415	28.920196484277444	540.2079994962152	-1328.7650959164741	1540.5936489791147	-2815.0582126980507	3.590335216334494
?	-1	-2414.6923575263163	51.666841079561884	-482.7128264607747	613.4885062927756	-24.38003471502506	1402.775744367556	-806.9317892683677	-1
?	-1	2887.7025578965186	41.160087279425504	231.24537765373927	538.9889977604639	392.7152465292116	1500.2470595156965	-693.4363576977628	-1
?	143.38512789482542	2897.2911258858144	63.229109962248806	627.913801109088	633.1242686192361	2278.0048753532415	1368.103926482668	-5398.407189254659	2.5749780487663063
?	143.8645562942902	261.73267793935713	72.55577733487979	225.62878557630805	652.8892415281256	-230.2060068469731	1230.3267000529645	-3565.478676418683	13.32992787220191
?	156.47176179179323	223.3225450949734	74.51054924106417	-328.40866449743095	621.6139682768875	-2687.201383383845	1189.8299926617344	-194.40064804904137	11.127242899303656
?	155.03068354903883	-3149.4352358358756	56.135344110008305	-482.43318135630875	518.5291723589338	-53.97813898250907	1220.6066676505125	763.1139499508781	2.943499931296843
?	-1	97.0653531268241	50.38889017324882	366.619959038067	618.915061327762	89.93522921880671	1227.9856901592782	887.2660184252741	-1
?	159.88395120538001	2984.793219426981	74.46634206191159	475.8220639840816	523.0259338198741	-1389.0134676041753	1264.969968571776	-4632.024624209501	7.0754510099197665
?	148.2396609713485	-612.8599158674767	74.17999337245281	-144.45170102541675	549.4643879475535	310.6868263795092	996.384458948804	-6588.560548952492	13.485633793335163
?	129.2409554120063	-660.5583965069261	67.24375701064078	-439.7300108759964	538.5602751388495	367.017497313674	935.5419411241526	2632.3109820359064	7.098520922790966
?	115.21174114600232	-2604.819108240135	52.19349282865307	-283.23943135806576	567.8152628132372	4562.59832400772	1128.0000080505988	9959.708048841252	-1
?	-1	-2324.2348229200547	53.08178544273754	-37.64340235842794	766.6901913392347	2709.0130036917076	1433.5273435662134	7215.354150301262	-1
?	-1	0	50.31132271073168	-66.03395024503168	703.265912997822	-727.1875008736155	1488.7677155656606	1578.4370130076115	-1
?	-1	0	49.78008793048597	-221.140989140523	730.3308162955541	-786.1346422805883	1512.4491942165937	-2063.102594723221	-1
?	-1	0	39.25427325370557	-308.1528888186396	663.9591808837928	-4089.514687317929	1385.6125858295	-1692.2232841633436	-1
?	-1	2615.042597162653	34.372443489554044	383.0315975203009	525.8550819296584	-6130.111105593536	1427.8380300084268	-1615.4092455612738	-1
?	129.75212985813218	2808.986231548833	58.40585312972055	760.9570941097497	357.45362560411706	-684.5665078152093	1304.8421235514365	3269.485091156578	-1
?	139.44931157744116	199.23463908643626	72.4202981950414	327.7886940812458	491.626756538898	1350.5799041376692	1591.3122845662551	2999.8406976168976	11.75934110397905
?	139.71386181245396	12.671598297374702	74.79528783378278	-3.3862555889183574	424.9826208110003	-3429.3259845481666	1454.834158432281	734.8840457994837	13.062346376610737
?	140.0828914923099	94.452671464334	72.25098541559548	54.483331919666306	320.1604573114903	-112.48184851851687	1628.0564868562292	1434.9382056792006	17.62231744608453
?	144.43649538567064	141.93252051318547	77.51945442976609	7.554995767853567	419.35852838507446	1234.8478416682472	1526.5810687162407	-4667.946257876368	16.31462200673983
?	147.17951751796915	145.51802519272877	72.62873520398816	-180.06634528715105	381.90284939490243	-1203.6608509314008	1394.6591739624116	-5888.105828018882	12.469253846652938
?	151.71239664530705	190.6151676214098	68.51613716540857	43.81630712776358	359.17548583850464	2144.1062650739	1232.1757773152976	-2216.8815506753876	17.33470815673657
?	156.7102758990396	365.29833191242705	74.81955056037633	192.1498004147794	489.10816264859704	5177.195185754563	1283.8150964286426	-3877.6236834937026	8.988579452148828
?	169.97731324092834	532.9571516110868	78.1236271861475	53.006205655786594	618.0352451262319	2029.619060815849	1038.2945931406132	-8107.015923097731	12.793855104724855
?	183.35813347959385	446.6798028245619	77.46986084316565	-3.4033588610310637	590.5891156893891	-914.6454163470422	878.4643002737575	-1155.1241860203909	14.205933149955467
?	192.31130338215635	26.755314515406308	77.95345924309595	-40.43136788488695	572.3029743088799	-31.347650565853765	980.5383838395939	1247.0373708371606	17.296630463860062
?	184.69589920536416	-26.933407208599743	75.44829244892131	-326.9570126760857	589.0217331610965	1264.7361351725817	940.8161688156154	6729.827741545063	8.283840234758518
?	190.96463302172637	112.03031583731996	61.60560860929172	-338.1896423708215	635.5397810675088	699.0187615412153	1317.0297709168458	9762.206678172677	0.9669109095360654
?	190.29741499723013	43.12414972631204	58.538810330380294	-61.930621107308575	623.9726712381571	-37.76343585273266	1428.9265027242475	2906.503805510021	-1
?	193.12084050804197	-535.4170946453356	58.5090775539263	360.2552624075844	633.6516092748722	-1680.7137307151393	1462.3549611923463	1714.9732106135496	-1
?	163.52656026496345	-790.5743473019226	76.55157345075945	383.2326305406385	539.9369847024004	342.3839266141602	1514.6751632549247	-244.40186984240515	7.9391057387854165
?	153.59212314294598	-453.7521780491953	77.67070908095816	-194.52766153119524	650.7708056055801	1561.603857713213	1450.134867700226	-6630.861749635579	12.616628549227935
?	140.83895136250376	-214.79180045686937	66.82519037419972	-146.32658737838136	618.0171775880608	-2186.008744397992	1183.1320757731469	-7692.159061039788	3.200333130794085
?	142.85253312010255	164.54064898853406	70.35437971203912	192.50253064645176	541.4703683856809	-1626.872330600164	1065.526914648238	3723.5475536927283	14.04014726017709
?	149.06598381193044	287.24144579915037	76.45031690652228	168.7095095061591	536.6735610580529	1406.013341030612	1369.3094534577826	7389.930438636578	13.661256535366453
?	157.21460541006002	351.395601432945	78.78985518734704	7.429514392189871	611.7710354372113	680.8183108762456	1435.0234365800657	-2418.3122563219645	16.644650096555765
?	166.63576388357762	104.07734917788312	76.82179262613177	-356.7659984057451	570.714476601865	-1336.4103255150374	1248.3938406416848	-6721.1489659623985	12.41469336010113
?	162.41847286895415	-162.8342690435943	60.95155526705985	-404.6972421235255	544.9505191614596	2123.282953821393	1098.965988281947	3803.998723569812	1.8654600341216576
?	158.49405043139794	-3268.369457379095	56.586930519955565	-95.06183164566471	676.8786242929343	3165.738224739714	1438.5937768201748	3848.869302430562	-1
?	-1	-623.5172099777559	56.198463684776634	162.66453184588002	703.2374303984448	-2126.825065195529	1291.4094534034743	-1640.8494339516633	-1
?	127.31818993251025	2439.5820644149703	64.72015711224954	151.59424998538282	570.5373710331583	-5218.993607187275	1356.5513051225919	2187.094398792154	2.253451563390236
?	120.97910322074809	-2566.363798650214	63.77817618404575	-296.5842044629226	442.2877500390819	-1901.6965005186273	1400.7641733430817	-3408.717111617469	8.253052250108919
?	-1	-2439.5820644149703	49.89094688910346	-208.28570773353394	475.4525460072272	3433.7267757941204	1186.115449541719	4758.218724910647	-1
?	-1	2685.7090812577726	53.36389079736909	372.6811237796868	613.9740888287873	-819.8561660500986	1638.6751095886132	5615.417010701828	-1
?	133.28545406288816	2722.9424449448356	68.52500307808774	405.13432203130225	434.45973770472244	-1064.208191512111	1466.8863000768094	-8635.804073887406	3.7851732838997636
?	135.1471222472413	289.5650242131039	73.62060689893413	166.88586600285564	560.763679253182	3267.5658800458295	1206.8849058942444	-4725.225730632804	15.954627498659837
?	147.7637052735433	215.05032786059493	76.86929637823049	-10.24427920184852	597.8380317070133	1109.383330530474	1230.62501354517	72.3340534963202	17.26909233471272
?	145.899638640271	3.0799961916466256	73.1083929388417	-442.2213018310281	616.2328457797055	47.40456794876326	1210.5016085690604	2251.885931028354	13.298263931692796
?	147.91770508312564	-2937.9927728054304	54.75823128667916	-358.5792746666323	600.2082601044515	1187.7004451264086	1343.2193100965874	3422.927649937686	-1
?	-1	-2978.3541016625236	55.179429205510154	-35.14120635805098	675.6178680360257	2336.109675231052	1381.647991065944	2186.531854864737	-1
?	-1	2692.6074673803014	53.00117096877662	121.89433665285591	717.0137438660037	-12.499642478062514	1452.5459028398238	-1479.6409944253317	-1
?	133.6303733690146	2505.040223397152	61.27414603815293	427.5636411771752	674.9928859121226	-1426.3414340146123	1307.6659413446778	-4240.748259130539	0.5067321161879952
?	124.25201116985716	-325.9284697791742	74.3793530276353	185.73477003440553	645.6966721652733	-1655.2301288249478	1240.5084898832977	-3428.191990520016	11.312251328610722
?	117.33394988005594	-171.5315771945382	70.56088453987317	-39.655717293379524	592.2313794708755	-9.471156877232295	1136.2563418186776	-230.4846238342051	13.37600060212622
?	115.67543231013028	-80.3737435621781	72.39656716296634	-224.55975819179622	645.2231143214117	66.27222851963803	1228.9842586915875	998.1379749846191	16.987664876633982
?	113.31526270194705	-2333.508646202614	59.3328966302834	-516.7203412975955	595.5449908968574	1514.120363738908	1186.1632405679084	4434.157008997278	7.8400497272316665
?	-1	-2286.305254038949	46.56055009808665	-275.03956360399667	720.9291325083568	1717.2990632611588	1450.6921091414506	5244.565210576484	-1
?	-1	2591.3110415827377	45.580918450083615	440.4342940603091	681.409944059915	-3670.3522099020934	1448.3915010967316	1949.180467560925	-1
?	128.56555207913644	2595.5280902186305	68.58226480110203	496.2372144536591	537.4115220132528	-2761.5934926248983	1548.1511325194965	-359.63033459674205	9.106524245531196
?	128.77640451093106	93.35453065121418	70.39277917276648	90.94190097114027	543.3302694286706	847.3340586977231	1430.4099843668946	-853.2689140352962	18.257313339248533
?	133.23327861169713	60.498797300621945	73.12935984965903	36.957951315567485	579.7782249481388	896.8425927802796	1505.4876868177319	-1784.0132125549299	19.032497524267193
?	131.80134437596215	-147.2122609047343	72.24067673854485	-316.985830864393	588.1723990676844	452.1259562201765	1341.2093237391484	-4824.630508168474	15.815469905257823
?	125.87266556646044	-2656.0268875192523	57.28006830643943	-408.2715882189571	602.3845227591476	2368.183541363091	1264.256161409309	-109.2688988916647	3.404246932183179
?	-1	-2537.4533113292177	51.827097327597066	-154.35416719643638	706.5815761358385	3133.3075235054544	1335.7458787945652	2918.3163983505315	-1
?	-1	0	49.56235994661764	-31.569534941638835	759.0498989344197	-505.7837133287144	1410.171981326835	1985.9001060422568	-1
?	-1	2395.5517899979786	50.24862058051513	263.5746377010529	681.2923904694029	-5783.089209552094	1435.0408840966777	-2068.9376413430346	-1
?	118.7775894998985	2430.470325753322	62.74109183167024	-79.10152691233776	469.89543845681607	-5526.55235983965	1306.7250992596837	-2422.372147779292	3.168541974275912
?	120.52351628766566	-2395.5517899979786	46.293544234898256	-338.37706344055965	404.9647724774214	3126.5818282038763	1313.9222767077135	2216.9662231043308	-1
?	-1	-2430.470325753322	45.822238659642316	74.24284391764785	626.2245298670093	5303.919298496905	1417.5734104148999	3911.4375563261915	-1
?	-1	0	50.005686430780635	75.26357227935277	670.1607374022657	675.8542481898327	1509.4941545240224	2175.3954389899204	-1
?	-1	0	49.58541727360994	-24.39934430398219	660.0172422765008	2209.316300587519	1526.3431823643955	880.156417615061	-1
?	-1	0	48.78571921558153	-41.48391378929049	780.6265524316412	1110.0552772904546	1553.5019754047753	-763.1488729958919	-1
?	-1	0	47.511221584145424	-144.29566233238938	715.5200061410234	-1725.1185191315396	1488.185738714601	-2006.4795386597305	-1
?	-1	0	41.570936098962086	-240.0342716150469	694.3706264750646	137.51303120258447	1453.1779984717891	1024.9457008500567	-1
?	-1	0	35.50950800339312	160.4891946796728	722.3956577011526	-893.0992404192839	1539.4330237571037	1073.063345212094	-1
?	-1	2184.3087784346008	49.5953958329457	351.74045088884907	649.7156644541005	-3748.1564323304606	1506.8311657323936	-2907.973991500286	-1
?	108.21543892172966	2191.790935052506	53.09653054783551	82.21543592113407	534.9878360846302	-4090.532207741939	1394.03432418209	-3142.3004688257265	-1
?	108.58954675262491	-2184.3087784346008	53.70616762900239	-51.753921360730615	445.1890540670043	-1893.4307778378127	1349.7161422911079	-1689.3816148818737	-1
?	-1	-2191.790935052506	50.50883447979899	37.6817547389497	440.3162971927399	116.56792845002583	1309.5652434379965	236.52702601597497	-1
?	-1	0	55.590255365949865	62.44143134131587	451.01745048950556	1458.463818780734	1361.5424935919066	1152.2775218372108	-1
?	-1	11383.473070872158	53.63090604686483	46.79202969136928	513.2394881317777	3062.0397026864016	1367.1791195298579	689.5121782403651	-1
?	568.173653543616	0	57.92985685051836	80.57162054305933	604.1194356238278	2743.7292125189124	1396.0181025039253	38.925980023545335	-1
?	-1	-11383.473070872158	57.659487074017854	-88.272611673131	650.4259487577252	268.9323306944296	1369.1254185310352	862.2642676905766	-1
?	-1	0	53.51622626686175	-157.6066770487647	617.5660521585495	-493.85371925018245	1439.1313158884548	1507.4563579198289	-1
?	-1	0	49.779153221579506	-177.23768903060662	625.7332627952158	1301.9743557087984	1444.4982364270277	1611.5207675811005	-1
?	-1	0	44.65434181533129	-160.05893004727128	682.6647699439903	524.7302602338816	1519.707354267511	-731.8933078222459	-1
?	-1	0	41.77620671921583	-151.77809790398695	651.9697758069102	-1158.0234322253518	1407.9035710359149	-1184.799219670455	-1
?	-1	0	37.06543692013184	133.51824159875954	624.7635983327219	100.59831320091546	1460.4673932839873	414.71021763442286	-1
?	-1	0	48.4521187991539	290.4089430836096	656.999691466956	643.5025982849061	1428.6390819176363	323.74636005625683	-1
?	-1	0	51.585884074312524	20.74746635290551	656.9387282469677	212.89228021253774	1476.6547112868004	1752.524945466364	-1
?	-1	0	49.48949211679919	-87.75802369563937	667.6443054775831	1549.1016460035582	1516.2653291909558	781.2688632235793	-1
?	-1	0	47.19798288953049	-94.19114942034932	734.3938105471467	2190.256171336747	1515.71815444798	-542.9120089719222	-1
?	-1	0	44.77993464578166	-230.63578467251006	777.157114044422	-1462.401070329049	1489.1197287423593	-533.3417779052539	-1
?	-1	4449.473214423712	35.66619365590483	-12.029617125718602	661.2737570306932	-5380.7946707738265	1489.0510655527169	-1784.023953174321	-1
?	221.4736607211888	4150.479403686535	44.17845378949572	450.19261973536743	508.1173805057268	-5145.988421542126	1399.918531083642	-2540.841726876752	-1
?	206.5239701843297	-4449.473214423712	58.17582464267352	95.46405505615589	403.97433595358325	-1347.08796341561	1362.0089792088775	-0.5851114578717814	5.168235175066207
?	-1	462.40439544133176	48.95165654230358	-97.09456105905038	440.7629823349454	551.4999935669108	1399.8892755107483	846.880495512966	-1
?	229.64418995639662	4174.262410777679	53.32109658972093	164.4141857443696	431.5493356319292	-570.192856844386	1404.3530039845264	334.08185399880927	-1
?	207.71312053888693	-983.9981710383673	57.17236582952218	-91.91073259666379	412.2533394927257	-1085.533904260406	1416.593368210689	824.8915636137982	-1
?	180.44428140447755	-4174.262410777679	48.725559959887676	-337.98919894091614	377.2726404189081	-566.8977196540265	1445.5975821652169	1375.6984255212851	-1
?	-1	-3628.8856280894993	40.27290588247613	-58.74025298828047	383.90845351002395	113.91741797294637	1485.3782894867543	173.04788565397965	-1
?	-1	0	45.78854731047361	234.4579138441126	382.9685113175555	977.5445032621733	1454.249976447916	-1429.151773998249	-1
?	-1	0	51.99580157468193	157.5393504186046	432.7856786731333	7097.486621068092	1413.9207007868408	496.1318305872803	-1
?	-1	0	53.665514831403954	52.088981662954666	737.8428423709652	6595.360775541324	1479.0565679772803	-747.0620039587114	-1
?	-1	0	54.6002506578297	78.26532497577023	762.5537174502042	-3799.772556204985	1376.5676005889047	-4650.583383746768	-1
?	-1	0	57.57878108019252	-15.74133398099696	547.8542145607132	-3199.5582826768964	1246.5273987899386	-885.0386550595259	-1
?	-1	0	53.81318395877984	-43.63973076469231	602.5758033163571	5284.1316044158975	1332.3156678359278	3578.695879383521	-1
?	-1	2760.3453165620904	55.396794541957874	163.3122207325665	812.0607947815119	1153.3411724806133	1425.4621927591172	-728.8526975760066	-1
?	137.01726582810647	2631.3202135674246	61.97879499540828	412.2879003660604	660.2428619403886	-3493.587145692723	1295.873032957127	-4217.891639004146	3.596603626670651
?	130.5660106783731	-165.87657946868083	76.01118956026119	291.25579193166953	637.3814374968732	-347.56814243618425	1214.567610808907	-3532.2514453574786	13.527947982421745
?	128.72343685467231	-1.6197058449193715	76.54158459199196	3.989704735513385	642.8644548185791	358.20997187695355	1119.2604606892505	-1329.6421898423334	20.731437889439707
?	130.48502538612712	24.98312578986905	76.21067479703686	-87.68774856283261	655.2919360907212	-224.4570369663361	1148.0855013167893	1116.5054951818433	16.411046093011798
?	129.97259314416578	-2629.700507722505	72.15719716385027	-476.7840991971315	631.6416029702622	-256.85367903760925	1175.0857354483435	4010.7851510861406	10.373900074234863
?	-1	-2619.4518628832784	52.371469837179944	-451.69374959392144	642.4492521388405	1455.930696575717	1348.6247588710992	7140.854947096962	-1
?	-1	3136.7498517427894	49.57250968415388	215.5633243318899	704.4381377990491	-189.9575114813588	1532.1284828031967	6001.454158342518	-1
?	155.8374925871417	3074.021080839707	63.14963605377459	552.4750135736446	632.9513765647724	-3317.7591465344135	1648.6974667882293	4823.2604297641	0.37623520394628285
?	152.70105404198753	-126.74778685336595	77.1962603628365	296.0389651355429	538.550180472326	-424.5019676844694	1773.291504291405	-1528.1495430564164	16.89647783574527
?	149.5001032444733	-224.43817820876427	77.95158431055195	-160.89307017286018	611.7262781805487	1397.324058311279	1572.2899896354074	-4056.1776525378914	15.121129335127858
?	141.47914513154916	-2990.0020648894238	69.15160685419338	-1559.031686211017	608.416383387891	-12234.5255636108	1570.4826216645076	-31445.7997927077	3.303405300537247
