rowLabel	avP	dP	avI	dI	f1	dF1	f2	dF2	h
?	106.88345124154155	2102.5157998336795	69.75979637370254	1472.4683301384518	555.8195658807454	5850.097517846463	2034.5250753321045	38985.84971275001	8.830837390124147
?	105.12578999168399	-118.73307761405414	73.6234165069226	26.141955292512478	292.5048758923232	-2469.155783849111	1949.2924856375005	-4057.6017638365056	7.5542999789253145
?	100.94679736083884	-71.72001299323622	71.06689413832817	-69.5391268920832	432.3617766882898	2975.603569718669	1831.6449871402792	-3033.8634672241724	9.937277861103691
?	101.53978934202217	227.91153566905342	70.14646016231843	-4.3730459763662575	441.2850543782567	1430.466319020966	1797.5993122762918	-2253.0156974991364	12.314803820351068
?	112.34237414429151	500.2163624372231	70.84824183950985	-8.789417347790904	503.8850926393381	3445.022650412247	1718.9942022653224	-9326.744133329747	6.199916016900233
?	126.55060746388332	588.526054750895	69.70698929492889	-4.495812812570819	613.536186898869	2250.6698191917185	1331.2621056098046	-10109.738113632946	4.490541194550557
?	141.76867688183626	228.07323805833397	70.62345119888131	-409.26805493603734	616.418583598924	1443.714836148579	1213.5072965836753	1989.8553450816876	9.988149218858686
?	137.95426936680002	-2855.373537636726	49.24358654812703	-335.9793813135652	685.721928706298	5160.861371307259	1430.754872863889	10728.218308227471	-1
?	-1	-2779.085387336001	53.824482133203055	168.31806947285446	874.4616521642869	4143.452047145516	1749.9182119950488	7000.803282140134	-1
?	-1	0	57.65949002176975	87.72821230950429	892.8945310635737	1728.3102541879707	1780.7950369708956	2185.431107822474	-1
?	-1	0	58.21089274867827	-41.905602497045145	960.8771648736854	916.3919358010313	1859.1897673861724	1893.4750484126819	-1
?	-1	0	55.56420989691749	-164.0669077830674	938.7141278536253	-2557.8449500608076	1875.4687893915298	-1118.3213561554467	-1
?	-1	0	50.00754735952489	-235.4998544380417	832.9849173706449	-7626.046664525643	1803.2736995784	-6727.9125485417835	-1
?	-1	2043.3327870076691	43.789217175015395	341.18144259579594	557.4117946273428	-9033.01521620355	1539.0731619644403	-4355.964871418647	-1
?	101.16663935038355	2186.3769643906217	67.0666194893147	621.2316104969221	381.334156560467	4448.291444910581	1585.4754560074675	1216.628964284772	14.797981604904807
?	108.31884821953118	128.49671305153026	74.85079769986153	39.405867465999016	779.8263668728721	7990.088583021367	1599.904610178679	-8683.734568723186	8.338597662573626
?	107.59147500296007	-2186.3769643906217	69.03691286261466	-425.20393184952	780.8385857115358	3039.7300257467573	1151.2887275713078	-2738.146081143002	8.208161775110465
?	-1	-2171.8295000591993	53.59060110738551	-453.3282198397082	931.8128681602101	4416.605377604479	1462.9973061215287	5481.3321823434535	-1
?	-1	0	46.37050187062923	60.07684677820089	1001.6688545917599	-2615.3214351661472	1425.3553366884807	5386.304290523008	-1
?	-1	2377.752508490983	56.59444344629556	426.76654933370884	801.0467964019026	-11954.133222671573	1732.3125206476793	-11936.272450613817	-1
?	117.887625424549	2160.558051961354	67.70882933731464	236.03723928427806	403.96219345818196	-8871.301915515045	828.5417141577907	-4775.2863227659145	11.623890138745141
?	107.0279025980678	-370.47930773733805	68.39630541050947	98.68348292384118	357.48170062615	7930.093912973776	1493.5482045093834	29804.459656325293	9.291723965066092
?	99.36366003768208	243.40706327036662	72.6430034835067	62.73138401682013	800.4668891068711	1659.1560219947505	2318.7646969740567	7184.032422401445	4.987462070408627
?	119.19825576158614	353.4054066787234	71.53287461135048	-11.76462257855717	440.43950172588757	-8336.964702935893	1852.749825629456	-11362.232801119606	9.304328007394181
?	117.03393037161827	-338.2232538855814	72.05477235457884	-197.0940657106544	383.61865396007613	-4251.656622410537	1750.653056918076	-2828.6144339435004	12.799301863705656
?	102.28709306730705	77.1670108870682	61.67817132581775	-178.22028438221562	227.8566706053605	3820.6404560154456	1711.3191039322808	-682.4333694615774	7.255020411437407
?	120.89228091597168	125.66477866567982	63.143758135468055	214.07019795815324	574.6506767608486	2100.6437393855913	1716.531388444997	737.2766960139318	-2.5972213181823776
?	108.57033200059105	-474.8914514842646	72.38168122372542	-6.879068633002981	332.88885757464016	797.1871207936936	1748.1829387329774	1278.7245535163754	8.396205301640535
?	97.14770834175843	201.24400823697255	62.799804703817905	-95.16988962651132	614.5100328005333	6046.9605586189045	1780.4676161208158	-1189.183789733678	5.279096135557979
?	118.63253241243969	241.29784225559325	67.62318674239985	162.9611291558146	635.2368855055856	294.60605994886436	1688.7237492462934	3648.2515015263302	7.259464590367827
?	109.2126004545381	-270.09887455137465	70.94786116160864	92.051760844516	629.2403357979765	6566.42807333848	1962.8801911971325	2291.228150136988	14.086881083694852
?	105.12758868487094	230.13729057930144	72.22577478462566	93.38719302549399	963.55828917251	-6804.84269263725	1803.285156753143	-15803.181875492259	4.731385243711731
?	120.71946498350319	231.61668246131322	75.61722081288335	-3.2157689700630927	288.9982011661137	-10341.785796673967	1172.7210974225188	-10576.08072533024	14.151422599964729
?	116.70842280793661	-102.71445844182685	72.0649863361225	-7.8584975634726035	446.4689993388112	911.2047304021306	1274.4811204866305	9103.162311594611	13.231580826925171
?	115.58374206141184	-166.06683923554058	75.22429593470972	10.702760969957401	334.55843768622026	-3718.7538768997274	1627.8792130022498	14790.965826174388	10.195350917429936
?	108.40508084615958	-19.33303173415366	72.60012438462037	-40.34982496706842	260.5313054938247	3027.483945067971	2014.0294117953506	632.8474397799658	9.43563975251025
?	114.61709047470416	-56.7880233634042	73.20680468635629	-141.50325129432804	485.93263493961894	7234.856483383226	1659.5215849912481	-8656.206327431206	5.114877095406823
?	105.56567967798937	-2312.341809494081	65.52496181990397	-33.89195998241317	622.2741296629863	6592.878867783907	1581.21909542379	2877.5730072881624	4.6489998814722355
?	-1	-2131.313593559785	71.51220668723563	-45.18205849990575	815.5765783288146	7890.063701889508	1803.4002353556564	-535.5761640409442	2.4647880687193724
?	-1	2639.388745554937	63.265858894908675	67.78847903250518	1016.777314757462	-6029.88166561313	1554.4402872217427	-16384.707590223323	-1.078648402110748
?	130.96943727774638	2344.5147968690585	74.90163063886088	102.73874969677402	514.0824950481591	-8553.00616924616	984.1648558444932	-11062.76596523373	6.0484965682753735
?	116.2257398434525	-471.7519783912601	68.40279637974736	-88.68448677589984	589.1270062951555	-292.6758366903606	1001.3019889600581	3950.847622147424	6.471556234542065
?	107.38183835818346	-377.69323573698125	70.4674063000659	-91.66378941813879	499.4487032136411	-3675.353962716486	1181.7072369518637	5310.9670785129565	13.116130240436371
?	97.34107805660351	-2167.6367671636767	63.819606908840434	-124.14288655462302	405.3593081593319	7541.755324649238	1266.850342885705	7252.713534869784	7.182100343684496
?	-1	790.5028467406938	64.26026197233477	181.36663357466284	876.5364694461017	6287.051423949218	1544.3429136953516	397.8090739353334	-1.652912747598895
?	136.86622039363806	2571.5649370064716	72.88793858757354	102.25415049464155	719.7118793567917	-8372.551154806999	1286.7407965824716	1482.192307316105	2.5309188225869645
?	127.57824685032313	-539.2772279872439	69.37296949706683	-523.3374379758533	457.90891170575327	-3027.969416659875	1618.4525290611566	7091.686358196537	6.320061351901128
?	109.90235899427596	-2571.5649370064716	46.72106668878097	-501.63505085239314	568.3134085237984	2773.9892945347488	1641.3251144922972	749.9096121141273	-1
?	-1	469.3949313973544	44.291216954447265	519.0205857090168	596.6083764324902	-1198.9599035215551	1655.9480096668628	-780.2915068474777	-0.4764185808527911
?	133.3721055641436	2559.370990346102	72.67209597423172	585.0888023648648	508.3654133477209	-2717.244366835012	1602.3105391499234	-2016.701777304268	6.511986132149036
?	126.96854951730465	-349.9458732192987	73.5456570726904	-19.234478886737985	460.7461580907401	5231.721942960541	1555.1129208016498	4804.788595705981	11.91808683288966
?	115.87481190317872	-2559.370990346102	71.71037202989483	-97.30717269427407	769.951510495747	10077.568769399086	1842.5499689352216	3719.1605792756895	3.477374959824624
?	-1	1463.2742666013357	68.68029843797672	-131.76302727266932	964.6245965606926	4058.8587145772553	1741.0709497654336	-4513.330523612997	0.6822342174665859
?	189.03852523324525	3844.4414517239084	65.12222066626138	119.8270308599227	972.894446224609	-10487.923914473	1616.8834427545726	-13933.543789450378	1.3177502246335562
?	191.22207258619474	-186.58847841029123	74.67164998097283	230.70960597470983	440.2284008370444	-8444.137059257382	1044.3937602929172	-11942.13237470105	19.141839156849876
?	179.70910131273072	-843.8310693448314	76.65770096499684	-91.62876184877239	550.6875932617414	217.80748627135003	1019.7768240195222	3288.626171225367	13.697709836820337
?	149.03051911895332	-855.080489525213	70.09021188853423	-90.55995685789075	451.11877515061184	-2405.125676499692	1208.825068854185	11505.061173426519	8.906009801781229
?	136.95507683647023	-463.8204697999756	72.12970312210231	-73.01446687670617	430.43130943675726	-2684.768145437661	1595.029882690846	15025.037221002407	9.48437017849228
?	125.83949562895462	-601.7116506227062	66.43948854469893	-245.93866490297404	316.88036787872926	6112.6675152006865	1960.0769299043027	5652.906029678008	7.094904074776358
?	106.86949430533502	257.20843806346414	59.832769876953655	-18.80702559962152	736.0646851967905	2845.304840686499	1877.6751841747455	-2612.5852581393656	1.7668692001744122
?	138.69991753212778	282.57064500438435	65.49913726471786	117.42725330193961	459.1456099130537	-6639.727720299736	1829.4476669973349	-3361.273050076	5.709214650959585
?	120.99802655555419	-191.6446085592362	65.70413254205062	34.308543498106424	404.0782991818049	1416.3942581598353	1709.611531670946	-5714.922114730773	7.781025776553068
?	129.117687104166	193.7531729853613	67.21456443962318	128.61946983542612	529.9653228210452	2223.4907578809202	1543.7015612607972	-7373.070324538884	7.603731008434162
?	130.68568520482222	-28.751468168888824	72.1351060338219	47.45421915501214	515.2528370758505	-3718.2136128624948	1340.9580154440032	-796.5077043145203	13.430462725002133
?	127.68011369572157	-91.29495620711712	69.58727539737377	0.6100365800895724	344.05464217792115	-3041.550059594845	1503.8761760450714	8723.127024949681	10.43688894832789
?	126.12093739446638	-339.80811358777976	72.16560786282638	-155.5885611488179	363.17533409610877	9689.929052928384	1777.1143666914857	4854.149527964618	10.928334057569202
?	110.68970801633265	-2542.418747889337	61.807847339932906	-322.4733697683615	828.5510948243386	9401.355807553937	1746.5836524433014	-1818.7470666304234	-0.4813193088967885
?	-1	646.3699888280041	56.04193937440836	140.824474613841	833.243124473804	-1509.7790787706354	1686.1770133599648	4208.667844554321	-3.0256391820713078
?	143.00820745773274	2651.476811707184	68.84907107062493	310.24406608340337	753.0621408858071	-6412.012607909787	1957.0170446710167	2781.6908217660884	2.5027475993447266
?	131.57384058535874	-2880.164149154665	71.55414267857847	48.475602917936726	512.6424940783157	3159.3359858484337	1825.2615544482687	-2032.8007823122498	6.705852355822495
?	-1	277.2797196363795	71.27285121652176	-34.09726295965141	911.0289401782283	4884.34146764945	1855.3770055554046	-2688.387626865347	-0.0794230269640379
?	145.43782656717767	2763.159177532075	69.84927953059591	98.87175421638467	756.8595674607874	-8893.363815727527	1690.8421731050018	-9704.562198808415	-0.888814370154301
?	137.15795887660326	-445.66880901715155	76.21643892734097	55.5703159017971	466.36074939185346	-4065.2268352423707	1370.1488956149856	-14517.139676481007	6.434724238042247
?	123.15438611632017	-330.05065938752927	72.62779532568575	-101.1955015333465	553.5982256986696	-2382.8795527775283	964.985189280954	-2363.2031920030877	8.716164454875905
?	120.65542590722686	60.854443461133414	71.15666385067367	24.940438567708814	347.2167717529775	-2950.3147767651594	1251.9887360148316	1302.2476338181878	19.06783627589062
?	126.19710828937683	179.6710383553921	73.87481725407119	82.47462748113152	406.08248686041213	2129.6414865266565	1030.0975709718632	4958.957793788508	12.591094030040756
?	129.63897782499643	55.90378163371716	75.28039522473023	7.150223432511521	453.69884607930993	-2259.15447896979	1499.9366257042561	17875.021546319163	8.94256214334329
?	128.99229737106268	-73.71964276764967	74.23232842569676	-16.303672246221538	293.124762911923	-1978.0909343443957	1923.8486482878182	6846.705207516549	12.369816670435695
?	125.95299568661396	-69.6591698107758	74.46521161241915	-44.496900774724836	354.7942993620905	-82.75520044025059	1842.2718860800824	-7913.941164785602	11.336475161367122
?	125.5093388805239	87.80032908449019	72.00748338696053	3.008677967542905	288.9870028899105	3097.4197900157205	1528.1515900485394	-13305.167893102622	16.10759951830106
?	130.34301214083845	29.323357017069714	74.6156455107963	4.723763721863764	509.66528886287597	4751.5695666138945	1177.0134914249536	-12999.463670658792	10.38660440328169
?	126.97550673137738	42.72236582100178	72.24367157305372	-8.257271197103679	526.5654812206044	-3242.745665584213	878.1784065156022	11693.004985600892	7.4650789569613805
?	132.47913043188854	290.15876563803533	74.20278195094112	11.518210335578983	347.5280055836659	-2532.5536371238354	1761.6637407049961	14545.108957287524	8.570121028185927
?	141.4834450132791	291.4528626593402	72.81958208983266	-31.76599045331767	399.9377993644131	3982.8861818313335	1605.4338543799759	-15696.162962148257	8.13034090010334
?	147.0517735648555	-125.75202438676386	72.61448242827524	-177.73335353314272	546.6723146752319	4259.2733279656495	976.8555925975861	-798.1212034435595	13.77156424452688
?	135.19584379394092	-2961.0354712971202	63.93291441317556	-519.3732674480824	612.9014657626948	-609.2337456277095	1565.527794207798	6230.217382875561	10.053373183347233
?	-1	939.4513284676701	46.64581905587121	133.87656377937338	516.2106273938465	434.0319802970809	1288.366461741363	-5382.858072967093	-1
?	182.16841021732426	3961.488931333396	70.6267426021442	585.585572305774	634.6030647775488	-2134.0847768296835	1296.3848905594443	-7529.5808342418	4.472760855844213
?	197.0744465666691	407.3921223599055	75.9250976711598	-0.10663744058973672	409.5063885523627	-5966.634857256682	911.8874200292744	-7008.769719233055	16.452839333773376
?	202.53801633531947	-498.2877815308257	70.62141073011472	-518.2023028864638	336.2713219147157	-1770.3038181784048	945.9464045977928	13195.137985234489	16.478827945592215
?	172.1600574901279	-4070.7603267064037	50.014982526836704	-188.64787810324967	320.9911976434428	13543.946935369873	1571.6443192909965	18343.080629867978	-1
?	-1	-113.98341148617857	61.18901682495227	439.0275727199237	1013.4686686832069	7227.856971246707	1863.1004360911884	6748.996082004079	-1.510141795148783
?	166.460886915819	3119.4993493800653	71.96636116283281	224.94004749458875	682.3840462057768	-11781.570589712934	1909.0941233911992	-2990.2798591723936	2.4717369848378374
?	154.9749674690027	-268.55694709090284	72.43601919968167	46.80267180163968	424.3901391975624	-4319.644663527927	1713.5864431325692	-4724.901669258577	7.550109780976359
?	153.0330395612739	-332.47675123415326	74.30649475291479	-65.6089461089473	466.40181302938123	-1203.1045287066374	1672.8490399282712	4438.551202969467	11.710807763631157
?	138.3511299072951	-725.6686033047799	69.15557189423431	-440.11760544385555	364.23491276223075	1039.4066158162925	1935.5140032810418	3323.593573228607	7.891979335217664
?	116.74960939603504	265.24306839717025	52.30061448072209	-65.97616194413342	518.3721438201957	4094.233359340171	1839.028718589701	-4995.306170343147	-1
?	151.61328332715357	658.587368175661	65.85676379702765	464.2770580790735	568.9465807292386	807.9204746247507	1685.7486947638854	-5033.420114897403	3.2184511532922078
?	149.67897780481798	-257.1893305743729	75.51446738467568	71.6850228867767	558.7681675514331	-1697.8630504056473	1587.3577128448317	-4834.414947010745	8.491266678636512
?	138.75381679843497	-502.62644756688536	69.44101494136648	-241.439313709826	484.0534282089565	-6105.323000779536	1444.027947413349	-873.0492189604396	11.626214906575933
?	124.5476554264738	-514.5984045383669	63.442501699184426	-135.5427250033451	253.50201751245731	-5154.318630540307	1543.7052518968098	266.11438138284126	17.174289927703477
?	113.02389657151672	-264.40177785056176	62.663878691199244	-49.6837476117847	226.33749668194207	-865.8431532324394	1457.333666482491	1228.138185588659	19.44427149217336
?	111.32756653394576	49.8884762920132	60.9583143185952	153.5560591413599	210.2098598508355	1272.9523591751115	1605.1121611762426	9210.387477352748	7.048202453119735
?	115.51832038611737	-122.48938394326431	70.34168164826721	51.636425278293856	289.9851146406974	-111.04187533160524	1917.8530403501268	6776.695750878203	12.062885290137803
?	105.20309733678256	-105.18248324835562	63.54013558250988	-253.0779255454002	204.65776608425526	-1666.610993007557	1943.9469487201516	-7061.957815254848	8.60116802734064
?	110.2591962236996	818.6288337452564	57.68778537099725	122.48533432889703	206.65456499031987	8481.40025064599	1564.7551495873856	1413.467683596496	-1
?	146.13453902404524	1181.2677982307998	69.66440229895471	354.54823879533177	628.7277786165532	6875.718564941893	2014.6203328999761	2452.3573490179247	3.887052650240472
?	169.3225861352394	376.2254461036056	75.41519731076377	-1.4580785961825933	550.4404932374133	-411.13931785524676	1687.3730170382814	-15259.10119907603	6.816618285297174
?	164.94581132922545	-391.18043286003024	69.59149836914558	-188.9429082908468	608.170812723791	385.24957139169055	1251.6652729461773	-14597.2446664382	10.835902842886446
?	149.76356449223795	-372.0103703069789	65.96805189622147	-11.430357349040362	569.7029718069978	-2196.0780186323473	957.510783716374	1024.7214681496134	12.897360128355961
?	146.34529281387657	-360.01390616388977	69.01998050169357	-52.583350030002876	498.366911792174	-4593.869155958954	1302.9013463536578	1924.5149016961977	13.97963593518819
?	131.76286918404352	-2946.9058562775417	63.33888439472133	-302.41216783469616	340.00951400905086	2629.762254674098	1053.7365288011836	1376.9521347954792	8.927411030480519
?	-1	1382.7990810000863	53.89937210995881	67.51126016021057	629.8550245258784	9330.023889513783	1371.7489530934315	15988.856177922346	-3.724299006949292
?	200.9028232340476	4139.973358345306	66.71444740273185	341.7585830607444	806.5107084847383	-6946.028389858208	1853.179337697298	11172.915562506521	-1.6550969509361022
?	205.99866791726458	-202.82939976860646	70.98730126299597	101.54783554493356	282.55360503296924	-3783.7188330311437	1930.3947312187556	-1931.5354890419871	11.74132183508556
?	190.7613532456173	-4139.973358345306	71.79183917997851	-2.0231977694808805	617.3247668331818	11350.070219943056	1756.602563245199	-3443.9446378840453	4.675580472531637
?	-1	-574.5077757604023	70.88614137452193	-29.325337978908795	850.05711603012	3677.8609099513137	1758.197499324554	1118.1458556032787	-1.6900319098765628
?	162.0359644575973	3029.8407302538276	70.32557228103308	94.48324341832552	801.2178123307468	-8611.435173023527	1812.5098560253628	-6906.479193106263	-0.5952702199092379
?	150.49203651269085	-773.6867443834839	75.61030354543819	-10.88892351420672	419.4853573789452	-6671.835869210686	1412.873539669242	-16172.87402909431	6.76500823277924
?	123.35162723842323	-562.7510728403945	69.78112610532274	-24.26406375896144	467.6260188702137	-1297.5077764162677	1003.8661545706501	-2951.854867084718	10.216163894587776
?	122.35448287067122	229.21063200893852	74.39710035749012	130.2182184088942	354.60996855813204	-3305.514579132014	1265.2807963150067	9442.47002271688	11.936859746495461
?	134.81215883887012	1047.649329238826	76.29203702576743	51.02934232273715	302.3502899136136	1.3437912418021418	1475.9896557064924	7316.0109327011005	13.349748398258422
?	174.73694933261234	1436.717505178882	76.94856747362697	-46.0344166067303	354.67715812022215	2111.752719671768	1631.0813429500604	6845.404211398733	8.82356254978075
?	206.64803409781396	253.95768326410098	73.99031619543092	-518.3255016185182	407.93792589720164	-739.9049935501345	1818.2598662764278	4009.705814743084	11.478579243053687
?	187.43483349581734	-4152.960681956294	51.03229239270115	-571.3241093013124	317.68190844271555	5341.831887875819	1831.5666336872139	806.2530229693385	-1
?	-1	-167.82917705190133	45.4241107303654	458.498448470608	675.0295202909916	5476.091539505547	1858.5725174248946	-10085.98473656209	7.550573784861373
?	179.0433746432223	3468.833435685532	73.95721481623147	523.1938972855299	591.486485417992	-2359.100077692373	1327.2673968591112	-16119.485275942314	4.780959828736786
?	172.441671784276	-265.448215691449	71.5838055946418	-72.82995609820429	557.0745164063734	-1388.1957638492945	1052.5982536277818	-4617.486129753959	13.4948071909606
?	165.7709638586499	-476.58513794404655	70.31571701132127	-161.87018673789936	522.0766972255275	-5809.120785007059	1096.393090371414	4761.331015063	12.931183097531658
?	148.61241488707375	-308.2828112322647	63.49029625774686	-124.24575402798995	266.61847715602147	-2450.3934378094878	1290.664804380931	14834.061698020167	12.656015802857548
?	150.35682329703673	733.1430807647158	64.1034293099218	106.5180579685629	399.55702533505354	-1152.4573231770446	1838.0961752724197	10560.061957783812	10.212568395523398
?	185.26956892530941	979.830578103821	68.81619915617499	96.79892142831	208.99561099716945	-3074.6365359174865	1818.6679022701196	-127.62073517677936	13.75889779623326
?	199.3483522022276	-97.78812819752238	68.94337538133728	-40.74073095416068	245.82519853917975	-429.38072277338716	1831.7151385135808	196.15971682514171	15.241975721058992
?	180.3801625154333	-252.80515353473197	66.77916260846696	74.12832028898122	187.52657485850017	-96.85026303351526	1828.4758881113767	-347.75423719440494	19.834241550362066
?	186.70809452549105	-340.3942067574099	72.64979139578632	-81.93427660207988	240.982685387504	3413.0836928621657	1814.3274266538606	-31.13928456073165	17.525784391308804
?	163.36045217756288	-398.1807193024346	62.68244877836298	-26.96667409745383	358.18075950160784	9102.921685447363	1826.91892388334	1081.1985153102426	10.302119208677587
?	166.7990585603694	-94.84283545408039	71.30145769091364	238.70506349166902	696.1287696598706	1260.868803634695	1868.3873524193725	-2593.7670990086644	3.447062190256922
?	158.61831040485887	-408.38172966863146	74.61770195294639	-338.01474120206825	421.22419968334236	-7612.207984372108	1697.2305689329073	-4733.295325126863	9.817728541842644
?	146.3799720769379	-103.4139498611311	54.400720630810284	-237.1507198543111	315.5183704412666	2114.4864683917613	1631.7225861630302	2946.6907276209636	-1
?	153.44761291180234	-34.659254077386784	62.76016596023088	178.64138646747668	526.94852310293	-1472.332423394243	1844.565105313955	3106.638751182056	6.53941466187281
?	144.64700937306856	-3088.952258236058	63.332789954184086	-166.45568377000504	241.9017492715547	-1560.8955014500189	1787.0545237221324	-4570.197759353912	10.118352930223788
?	-1	24.484761036922663	54.43738177173066	236.93509736948826	448.90374803042937	4891.133750190299	1616.0552173462602	-2851.99016465746	0.3780993436585689
?	145.87124742491469	2783.9864709207104	75.17954482265846	384.3079234129109	486.45843678106877	-375.40360774704953	1644.45501548926	-2131.260810265561	6.659237055689367
?	138.19932354603503	-271.3089850381196	73.65277794237613	-13.292804946445406	430.13356764307696	733.5075079890604	1509.4921768329825	896.4872872074407	8.04281706327677
?	132.30579817300875	-326.7377275509702	74.51490457533619	-247.61311491114955	523.1338121805217	5643.755952505646	1689.2793798496318	11016.463637854538	6.913088560991454
?	121.86243716848658	-2666.1159634601845	61.2721221968187	-286.919699902372	712.3213652683583	8333.487676448764	2060.3153587257075	4880.47817044618	4.831712753750814
?	-1	471.2336953628394	60.16891958021764	20.80103606636307	939.8081960029583	3887.95430180792	1933.30328837194	-8726.635898920858	0.8482494604920977
?	145.42412193662847	2766.4713336802647	62.31217400013685	191.50577290530916	906.7190803587536	-7761.431994854611	1623.9835637796662	-19572.06974726188	0.08182919903248612
?	137.32356668401275	-377.5760202928975	69.74420822548306	133.36861293175238	551.7365962602291	-11691.371460345517	954.6998010088494	-9907.14354448826	10.275320837582598
?	126.54532092198366	-277.56950898614673	68.98060464672444	17.301768533488147	322.1505073414798	-6555.358372888924	1128.6263865552548	14866.139887028083	16.146366497881225
?	123.44509123470546	-303.3232901266052	70.60929665215747	-6.190311580567163	223.9686776157841	5416.519946823732	1698.0067953602509	12942.862971679939	12.95058867574439
?	111.37915641565345	-2488.901824694118	68.67108906769609	-124.68501760440022	592.9765046826655	17882.957671033924	1775.7695351392495	-832.1593176121799	6.543310113461997
?	-1	44.01847152626958	64.37504577193748	-165.7092874702747	1118.1165611674771	3101.530876561332	1656.398829479642	-6047.0469731888115	-0.5881222444920112
?	113.58007999196693	2192.9116986271083	60.38562469418238	188.07789057331502	748.0530485107315	-10353.617314229934	1473.41718647981	-13033.694364218281	-2.105944873508803
?	108.64558493135503	-277.20953633252077	73.7789403006032	226.3623500165192	600.4356954559822	-1724.047457509493	1004.7141112687302	295.4387503301233	9.281617864789485
?	99.71960317534094	-2192.9116986271083	71.7037421950083	3.081321208181589	661.8506756352572	9012.556302100409	1488.189123996316	16639.278462130067	6.7987116559121485
?	-1	-2014.392063506826	73.93300636101228	-30.78013793633556	1051.063510561001	6087.832003703507	1836.6780343752307	8291.15299424175	1.017787034165806
?	-1	2745.396310910784	70.16473529819153	14.193788719024433	966.2422758204315	-10231.33574898158	1902.746773708402	-4977.428522028594	-2.1308010073015753
?	136.2698155455387	3085.110699427848	74.6426957969635	-8.430850779771818	539.4967231119239	-9280.036044788212	1587.8066082738019	-3421.847694665092	7.950995752776751
?	153.25553497139185	365.755211048229	69.74319275920294	-571.1516283864546	502.2404735810225	933.9978191545957	1731.654388975148	3663.699284055219	5.825820559112754
?	154.5575760979501	-3085.1106994277934	46.08511437764086	-285.3948896079192	586.1966140696535	9000.977578021008	1770.9915724765622	1555.5229367023692	-1
?	-1	-3111.151521958958	55.47344827880678	251.03422602256995	952.2893524820793	6767.5944165347	1809.4305358102677	509.41753942696965	-1
?	-1	0	58.63682567876954	72.90265246694243	924.5763348963933	238.81615553621148	1796.462449447911	194.7898136250587	-1
?	-1	0	59.11858090215395	3.582180908619057	964.23016025889	391.1226802240175	1819.1700264915207	338.15251372090614	-1
?	-1	0	58.815934724200496	-48.56435171261355	944.1324689075944	1277.7781443008098	1813.3700751339566	-335.81890651530534	-1
?	-1	0	56.69036331652324	-124.19900404367604	1028.1190674739314	-1330.1088879485308	1802.3790811657552	985.131534666211	-1
?	-1	2157.9902040166944	52.605984522016605	-131.84551364116854	877.627024510167	-10028.072324068047	1862.6266518672678	-2234.787070246366	-1
?	106.89951020083626	2658.7741091665116	50.09808763446472	432.5734712879335	526.715451270522	-11285.017367749244	1690.6397276534353	-5872.504850587855	8.463788620738955
?	131.93870545832746	1348.802643549018	74.23465808641359	537.2044049800738	313.3761561226968	-1090.0081530475738	1569.0014093378709	-442.5623185194882	8.226600110204807
?	174.33964237828812	1343.9590395310572	76.95830788346879	-9.235495135503566	472.2150436181425	1098.144318423273	1668.5116117274606	2940.4239043270527	8.737485817065572
?	199.13665743488127	20.95119682473664	73.7728833296384	-482.4925331783285	368.2833720438612	-333.1576975809024	1716.0226045542256	1577.5028514016005	10.715585808609376
?	175.38720221952497	-826.495675409366	52.83368122455202	-144.20104718524777	455.55715873909713	12372.300226963891	1747.3867542975418	4597.260513144159	-1
?	157.8118736644124	-717.297163541715	66.56283097037591	418.38816346932504	986.8983833920645	-100.37297659423274	1945.8856302114368	1485.5709096967455	3.5052000164235415
?	139.5223440424387	-455.73254654627624	73.75308939801857	145.95845558203015	450.5385099093854	-8916.150645592192	1821.66529978238	-4453.355521816443	6.304153932630408
?	135.02524633709825	200.11756916987054	73.86075374947752	-67.12340299272019	541.0908511124486	-202.48478144318082	1723.2178541206115	-3967.324276356806	10.541048987022137
?	149.52822250093237	734.8022794248093	70.39691924838252	-65.39103234900942	440.41427083722624	-3561.8989064851207	1623.299085964537	-3959.069646817932	8.128574968916576
?	171.76536030833924	308.6744621256959	70.59120213202701	51.92971645815345	362.99590578819004	1115.8742112346579	1525.264371779712	-520.9849685809348	14.937251353996846
?	164.9619456072174	-462.3733526140918	72.99340507129023	-75.11743956028347	496.20798139895993	1788.1828964175982	1597.2498375354899	1063.2596870288794	12.158816511463996
?	148.64669267763432	113.02039183062514	66.83533015401278	52.17301595269885	452.4050506090712	-408.9966534746428	1578.4273561311568	2327.4226367198557	5.932448429867124
?	170.61296519874873	136.06007661535818	75.6020558689252	-41.15590263941981	475.7581487252275	-2195.236306455574	1713.6209693714843	7224.362256177089	11.738401342386691
?	155.44969650840233	-3432.259303974926	64.77753502204176	-417.2428490327949	342.643235286291	4856.080792065204	1939.6454689400164	2756.6880816418616	6.3862065428978
?	-1	-628.8931187527111	54.739913417285166	5.727804874650733	718.5621883284912	6371.093921668266	1851.4553734535793	-1748.3042738926113	2.995815721516614
?	124.00504057076633	2424.6723757620853	65.0639252657743	362.23665712368495	661.1979313697088	-3061.2434655377156	1852.2302552453846	-4713.717519399853	6.287738789384065
?	120.23361878810599	131.498364131245	72.85174627346967	88.94051277189776	565.5000150516032	-3262.724270465375	1615.7694974835833	-7821.764146210292	6.507488144884588
?	130.57995877732867	634.7185360535208	69.51095090436925	-113.10168635581685	498.0617178464378	-5586.263445568659	1461.1420479348644	-1414.8958198932023	6.558235395577823
?	151.96954559078247	299.84908322632435	67.19666195567875	-65.00636208497745	286.1868427731663	-5025.665188042711	1545.0247064889222	2238.823393910484	19.99964705899605
?	145.5724129386451	-255.34159442035366	66.26063280012033	106.96460513592162	246.77845844429865	1195.1648009791415	1573.0832176303902	5670.159877368688	19.00102379157127
?	139.2024658697646	-529.3124411232561	72.5448922124749	69.68668641373384	345.9450828221242	123.30254874052908	1828.5327003573607	8879.320875393934	7.317336429722218
?	119.10679088248192	-491.72540409984276	69.74496712080708	-206.25392710842965	252.9435858813252	-1659.0424189310854	2017.0492614000932	-3649.8092433891343	7.771786509133404
?	114.61619566477212	794.2790564584542	62.23219585705328	94.89224309353979	262.99296187556877	5389.096770195403	1646.0422381879014	-4943.431417693476	-0.9046174428427836
?	158.8207437054052	1383.815049942047	74.48957927548413	265.61229504335535	522.3984243910992	5803.090437574226	1769.877690515416	1008.4143699059262	2.818475694582582
?	183.80694816187545	125.2604730851072	75.51281060922123	-168.2421497085581	553.1474837542842	1861.4749269886247	1696.4629566831984	-11010.326339312813	9.417170676389379
?	165.08376735966064	-864.2124931185637	66.07747179005611	-191.5314899971342	615.4721707405317	948.5936807433201	1219.3613735497674	-11770.455511176966	8.266934070920911
?	140.59632350594666	-765.9059516384649	65.93623610936439	35.92461910421213	600.5771677914509	-1708.309698054264	1107.9401811243417	-751.381268441208	10.325568173174183
?	126.78846977773685	-648.5978457422953	67.87370274526674	-173.49557486716898	530.0566858378173	-7130.775296969514	1181.7923101277065	1375.7671867474105	12.736088447588909
?	108.16643121883143	-2555.7693955547006	57.261457366005814	-289.30015803302126	244.0384029429701	5232.335565861532	1176.7285404617132	11453.122414972424	7.41819859301252
?	-1	-2183.328624376598	53.40869484361547	186.90562643680883	791.6734641308976	17236.72033307795	1754.4484308763358	15650.412073694779	0.6114332589672494
?	-1	2571.495967915996	66.60673868784639	341.11941500510693	1105.8744195968798	-11015.723432839732	1959.2491441464633	3219.052558239782	-0.35413116472628653
?	127.57479839580161	2601.7748587648175	70.46466559387106	47.85897418484598	240.88729248890323	-17343.512357117568	1915.4010587883272	-1329.5317929858759	11.784134087681007
?	129.08874293824272	-2551.495967915996	68.99968739708872	-1409.2933118774013	238.6988017409891	-4817.745849777996	1892.7725544971686	-38308.021175766	11.712893382222648
