rowLabel	avP	dP	avI	dI	f1	dF1	f2	dF2	h
?	-1	-20	56.165720008047124	1155.09730520062	912.970158107443	19426.878874339265	1673.8917753284568	31415.20091922718	-1
?	-1	0	57.754865260031	0.79114346609515	971.3439437169634	-55.175865222738594	1570.760045961359	710.742673753698	-1
?	-1	0	56.20527718135188	-36.97115944278748	910.2113648463061	-2358.774137251709	1709.4289090161417	2164.629161473057	-1
?	-1	0	55.90630728789163	10.290844358703028	853.4052368543779	-1942.9811128765691	1678.991504035012	1609.7196042750788	-1
?	-1	0	56.71981939928703	77.512918283161	813.0623092024777	912.2411469168039	1789.9148892298956	1804.6160338091618	-1
?	-1	0	59.78195320204968	198.94700673846137	899.0172942002181	-3253.5752300731574	1769.22230572547	-2731.006774726184	-1
?	-1	0	66.6671697362101	-2.8320568771464143	650.3835476988198	-2770.8152731475348	1653.3645504935864	680.9338083464992	-1.373488788279871
?	-1	0	59.64035035819236	-28.202176107785995	760.4765305428414	6283.414215141958	1803.268996142795	2006.4414063576673	-1
?	-1	0	65.2570609308208	-54.40385813214762	964.5542584559177	294.97592260829157	1753.6866208114698	-1121.7629406419157	0.05183355954029356
?	-1	0	56.92015745158498	-193.75736717766975	775.225326673256	-3672.8750385935664	1747.1808491106992	-1523.2556534036078	-1
?	-1	0	55.569192571937315	1.2162478765023355	780.9105065262394	905.4889024001537	1677.5238381412894	-2395.768379820281	-1
?	-1	0	56.980969845410094	40.09572653057344	820.4997717932637	-78.54190420255002	1627.392430119685	-2980.727540838454	-1
?	-1	0	57.57397889846599	11.292887376312837	776.9834113161119	-1314.6998534495299	1528.4874610993666	1019.4076658510849	-1
?	-1	0	57.545614214225736	-122.76750720988974	754.7647791207871	-292.9343291481584	1678.3628134122393	2916.748476551981	-0.22296447761466887
?	-1	0	51.435603537971495	-108.38786233515482	762.3366948587039	665.3200639905111	1674.3248849269658	2762.532288826453	-1
?	-1	0	52.12622109746799	18.150386938502816	788.0307823203127	292.823709719041	1816.4894278535621	956.3388432154208	-1
?	-1	2008.6641214854958	52.34312288489664	421.80413743382604	776.977880344656	-5575.944411566689	1722.1418270877368	-6859.256895252814	-1
?	99.43320607427488	2072.8125830536433	73.21642796915931	562.6486810773192	509.233561741978	-7272.22693220332	1473.5265830909211	-9263.196048457017	5.246278980821559
?	102.64062915268227	104.96170539926699	80.47555693876262	104.67662421474178	413.3665337344897	-2109.8048670867106	1258.9820246648856	2649.760343003361	13.608884846667104
?	104.68129134423823	-16.107052436848072	78.4502591798964	-308.36502440390217	403.7433183876424	3671.0235345206493	1606.0146002410893	12060.357183672506	18.585758266240504
?	101.83527653083986	-2113.625826884763	65.05730571856753	-361.9402819102005	596.9177104605219	11284.26401673127	1861.99988384851	4013.600808008706	7.274302438886952
?	-1	508.8510054298585	60.353245084386366	214.27730128806425	967.9565192242063	-1849.6198017823037	1806.6946406415248	-2169.0878061155836	-1
?	127.27782680233281	2482.664574184192	75.77117078297076	345.1498613509629	504.43672037140664	-10051.685700601945	1753.5454935427308	-8507.15326059448	2.8287567960538427
?	123.13322870920972	-270.5537471393584	77.61073815193453	-84.57374482769914	465.3722341941086	1119.7470912073313	1381.3369776118004	-9837.18879929308	10.86358605986501
?	113.75013944536488	-331.38405256203384	71.5424835415858	-332.58395972407453	560.4240749317733	-1542.6694921230328	1261.6860535780763	-1604.717263015044	8.814900013742248
?	106.56402608110801	-2295.002788907296	60.981540165730785	-420.8311769610309	388.2387595879569	3761.634952374317	1301.1011144610482	799.1778867372925	12.848901289300343
?	-1	431.6942029062996	50.50092469353423	-67.98325442833098	748.5058225504893	7348.309541785816	1301.644947914941	3602.065774175659	-1
?	128.148736226423	2572.5226197035977	57.58237744431423	359.19502160151916	755.654236677248	-7257.375725451136	1481.2044031698313	7490.059930348132	2.8319577795188033
?	127.62613098517998	-2582.974724528458	68.4606757736102	-226.28962505317028	385.63703627793217	-1793.9021610027028	1676.147944432348	491.1722018539872	10.467019331344481
?	-1	149.4964572571594	46.26789619165571	52.15264851878539	665.9591286271128	2740.6860123007127	1505.7630132625306	-5270.496484086866	-1
?	135.10095384803796	2835.6107108213914	71.06830819954948	683.1795921957743	522.6713368929679	-4982.080077172726	1412.6231202280044	-2425.3684687611144	2.6930910077001453
?	140.7805355410697	225.6535888296069	80.42687580144445	-16.042182261512878	416.8551247684763	-512.5778942781603	1384.4945898244748	1296.408243694217	19.123902496545902
?	146.38363328951831	-2835.6107108213914	70.26619908647383	-430.0195023276249	497.0424421790599	8550.871614475645	1477.4435324127153	5066.6004582608	10.385927768429736
?	-1	-2947.6726657903637	58.92590068506319	-310.77733004629624	844.398705492259	8801.476234385576	1637.824612737515	6240.970665275135	-0.08995607854357857
?	-1	0	54.72733258415901	-2.283526555890203	937.1162538983391	2139.7379452891964	1789.4920656764723	3542.802715545296	-1
?	-1	2520.2101973654676	58.81172435726868	441.8058507730115	951.3856027567189	-9571.966023818959	1814.96474851478	-2348.084520950258	-1
?	125.01050986827349	2404.806196641023	76.8176251228096	382.1295103967746	458.51795270739075	-11586.877650923832	1672.0878396289593	-7402.157082422912	11.3424642239951
?	119.24030983205124	-145.57130121610655	77.91819987710743	3.0307412767643855	372.04172021052676	-1591.605059358694	1444.856894393634	-3748.530919847082	17.72277140586358
?	117.73194480746815	38.40989093764531	76.96916218664782	4.088352816696382	378.937699739456	2635.935289880133	1484.661293636605	165.2487735042267	18.236487095760577
?	121.1608043789335	14.861571697736675	78.12261751794225	-41.577819420777054	503.8384847045335	2928.1935168180316	1453.1193330688454	-1411.7854783764692	12.005881609558287
?	118.47502339235498	-128.54922662843296	74.89027121560898	-207.384834888007	525.347375580357	-2433.827313626982	1414.0720197177818	-4396.01673727672	15.720772116846456
?	114.73334304751188	-183.293534302888	67.75337577354193	-228.41997032622243	382.14711902318487	-2312.4888034600613	1233.3184962050102	3848.782343740736	10.887358000751377
?	109.31034667721062	-179.92947149753724	63.469272699297896	-113.44446886568616	409.7229354073544	3819.6781143650273	1606.511136904818	13461.063367540703	6.403901198114945
?	105.73686947263505	-2206.20693354422	62.081152330257645	-198.70163692004	573.1310247414356	9005.383398919046	1906.371664582043	4735.924869689973	7.759770475263146
?	-1	442.0275381202801	53.53419085329593	49.025253729385305	859.9921053533051	-346.89793038507685	1843.3073803893158	-4889.498702827467	-1
?	127.83824637864898	2599.248254483782	64.5324150167269	507.52111686659754	555.7861282221818	-7677.82214239236	1661.8967294406705	-7359.572672905196	4.19517976391075
?	128.96241272418865	-20.315392841085682	78.91024669662572	200.69093886463875	476.1009982336885	728.2349611169778	1475.3287467440573	-5286.451307190656	6.002877293902033
?	126.8224767365947	-26.20782548831054	74.5669619599588	-251.61192152448226	592.1978762780306	524.6043659146433	1397.5741640811386	1992.4841077737826	17.085922181722417
?	127.65202144977313	-2556.449534731903	66.32965062040165	-507.64115675227623	502.33121652942054	4457.978187094424	1574.952952132746	1866.871418628227	9.831515139959244
?	-1	-2573.040428995472	49.18490412234508	-248.90842566819248	815.096785632751	6770.670132810452	1490.9177350125497	1851.6540441668278	-1
?	-1	0	53.88422933699207	18.12455605119616	840.864723169942	-363.07296857182695	1667.5356543410871	4161.672275327311	-1
?	-1	2082.1262835109947	50.091131924904886	115.762280023321	796.9431372041597	-9286.593419549681	1699.0013487789145	-7378.762769540753	-1
?	103.10631417554937	2147.261476547604	59.6723433381581	329.66674542389035	376.53505219245955	-7297.159980268318	1298.5975158640508	-14790.522844891546	-1
?	106.36307382737982	-37.60172214270553	66.57446919609934	166.73528008047955	432.0851381907451	2599.1956212513437	959.4752065343398	-7227.812775176852	11.90221511039119
?	101.2262280684141	-174.39371878539652	68.00910734218205	-176.36596344500708	506.49483325502626	3598.532366236305	937.2068771052095	6418.103463921507	12.144383186220418
?	97.64338788811003	-2044.5245613682894	57.75617102384902	-128.15236771839895	612.0117565025597	5201.140686511526	1280.380379730414	11279.789362993233	-1
?	-1	474.78243992821916	61.60148895626212	367.61594766302824	766.5518675806017	-2041.6269846818573	1501.1963452548691	5825.607324115988	-3.4796855109618003
?	121.3825098845209	2294.968474924872	76.13696840700037	-97.42616384233165	509.9304072684672	-4496.329572476593	1571.6607459362124	598.4613204492256	6.754858586164606
?	113.7484237462432	-2447.6501976904265	56.73018076414556	-718.8844977015255	541.7353889567728	3926.6222518870886	1531.1194112773303	1330.7449329589283	8.24690553398068
?	-1	-36.17126158350898	40.19274352192422	259.02392576428673	706.2615198628209	1332.3721035279825	1638.1979925841586	-7176.702924360041	-1
?	111.93986066706776	2221.8951550760476	69.68137705235985	684.838531710939	608.3539941331717	-3148.8537312900917	1172.2842650593295	-15279.716860105227	2.1970939035862798
?	110.09475775380199	-108.27045987888236	74.43467010747105	-78.34240214784444	548.8188332983169	-374.15302312227954	874.2121495788999	-1778.134193646999	17.530752836986117
?	106.52633767312366	-2221.8951550760476	65.76425694496764	-367.4348105493567	589.6463429770578	5452.638005895114	1083.37755537698	11663.061730217987	10.007378959544054
?	-1	-2150.526753462481	56.06292958000328	-199.03837243102245	821.4507335930716	7060.026763910073	1457.3652360897972	13044.412272994023	-1
?	-1	7964.124574661269	55.812338323416554	219.9638687507707	942.6476811725602	-1817.096266068192	1735.5981690266788	5803.535027383676	-1
?	397.20622873306206	7523.578794827001	67.06112301754178	478.53327249438763	730.5959202896623	-11187.117170718378	1747.54198745898	3127.2917599371767	0.6249295782477979
?	375.1789397413487	-457.2917620665708	79.73900194813585	149.98282677942055	383.2918226366432	-7112.4921538445815	1891.962757023537	3810.5551478831103	15.664762344903433
?	374.3416406297336	-438.08407345047084	74.56026435651278	-731.5998196634988	374.9713125974345	6813.189149802754	1938.0697448531348	-4287.107878509202	12.02924542580834
?	353.27473606882523	-7506.832812594699	43.15901096496104	-526.6419525342769	723.9512801267797	9103.112799872712	1677.6073630980777	-4919.0864627571855	-1
?	-1	422.0094521482978	48.22816672979902	474.3239918014666	830.1269525910685	-4982.103598442597	1692.1154217152764	1043.5272127097905	-1
?	374.37520867624005	7669.996985612239	66.87521055503429	230.45923529895572	474.8461002046507	-5807.249808588565	1729.783723733567	-137.33023329889014	4.973917894265523
?	382.4998492806106	-7507.504173524828	59.751128494746766	-215.91252481966072	539.7644621616413	9632.311697875857	1685.248910050332	-1646.1662232714584	6.034581435055654
?	-1	-7669.996985612239	56.07958431405129	-123.25174969206118	956.4616850984419	7334.379121510878	1647.4754125699944	-921.2064305683349	-1
?	-1	0	53.58854101014373	-43.47004784241095	906.4834182371839	703.8613981687106	1639.1885885219153	328.08772668986995	-1
?	-1	0	53.90608192193075	204.97435587004819	991.6547550068773	-6371.880425061167	1663.8797989044879	-411.5570402777636	-3.4649740287382342
?	-1	2198.9247374024712	63.8372588036461	430.46103493776184	587.8893969841266	-12657.871859644987	1618.6107365080272	569.6177004414878	6.720377804628004
?	108.94623687012317	2075.9245728287174	75.42913366881876	267.0432590988252	358.76116202463015	-4363.997516735185	1692.3606839265622	393.9152587671484	7.950321905764272
?	102.7962286414355	-112.56044329751415	77.18942175858732	66.32811082335361	369.68952114736817	4234.642520782703	1638.3064994463846	-4176.444216603546	11.75543624075399
?	103.31821470524748	21.76717087230039	78.74553920998643	-19.731358402826586	570.4932880637646	3110.3379970368583	1483.5384730963856	-3802.0198867744784	10.017527907205164
?	103.88458718505052	-67.40350818890018	76.20285383844599	-285.47131020242705	525.2064209992105	-2918.4513539861723	1448.2055051076613	-551.328153970173	10.095720462818516
?	99.94803929580249	-51.932175953243316	64.47197369986513	-381.5157983141861	424.57072036445646	-2636.3248650120004	1455.972065397877	5522.145766691107	12.661841635143302
?	101.28797838738836	148.56063604018343	57.12706392273675	-5.63492335793969	393.390177748611	-1135.1322709555332	1724.3127934422157	8269.129242556557	-1
?	107.37607109781163	192.5870006777002	64.19022753196815	323.3399133953017	367.81410681668	-722.3191592386119	1869.4285275257034	-424.7617512978665	10.4532688174657
?	110.91732842127334	62.99225752450376	73.29405959250178	202.53803905790747	357.27421978668053	-194.8779817540817	1703.0747058773225	-6929.210927996143	17.040302894808132
?	110.52568397403681	5.679044650222543	74.31712948486349	3.4924143327964554	358.07020772897596	546.5019906209144	1522.9679811258975	-3047.8743203128915	24.555743499012387
?	111.20128065378447	-167.7196378321705	73.4686803091416	-141.25554620842985	384.59931931772616	668.5501362308527	1550.6809898616784	-6166.068670935764	11.543740650211467
?	102.13970208242831	-346.1454756632268	67.25435217444202	-127.82550052138208	391.4977145405185	1163.55565928275	1214.6645475791104	3566.991511669984	10.426692869313568
?	93.89400687062319	-2062.7940416485735	67.07740528307252	-303.0978945557431	442.77710228186345	7638.622749287442	1729.030565445177	4144.593711943627	9.427147090388136
?	-1	-1897.8801374124705	52.09945744665492	-194.25756105235092	773.4288520048892	5946.84598111164	1421.894233176291	-1627.1782907609816	-1
?	-1	8255.150141489956	57.36452723045501	359.03285835766013	740.1194013374444	-6613.8537132753045	1647.6716509071282	5591.78312542547	-2.3155446321752122
?	411.75750707449635	8161.019045936526	70.05110036453786	-181.97793855789152	442.73616634112517	944.8852667094332	1701.4833894475635	-634.9924101873626	6.089122735433826
?	407.05095229682485	-8255.150141489956	48.26563030256047	-484.1277400439287	787.3636646729159	7407.397290299153	1615.9220303977602	-1180.196655226218	-1
?	-1	-8161.019045936526	45.84471336234151	403.72126992257705	813.1060308560815	-967.6686790881433	1642.4735566862528	-4370.854165100624	-1
?	-1	2051.4520456622495	68.45169379868925	625.5161382052785	738.9802307185089	-2316.260351001687	1397.3793221427297	-8088.737997789201	-0.883211745832956
?	101.57260228311212	2078.1542726935827	77.12052027260532	91.04748871698779	697.2930133059975	-475.59459776049096	1238.0366567967942	-2723.5912807838854	15.88143210636295
?	102.90771363467877	63.4028575417633	73.00406823453862	-108.86676206027072	715.2005008304844	124.85952259518898	1261.199758103536	219.8946971792619	17.673503039660535
?	104.74274516020027	52.05854439393637	71.6771821695918	-75.20566502527429	703.535989435757	-736.7816573937674	1249.0313916557573	-369.4604574036534	14.942924096976322
?	105.51064085437558	-3.5278799394220197	69.24378498327492	-116.10607716454196	678.3614179607962	-878.4233768034195	1242.7267352333533	77.62338691787618	15.660428042613272
?	104.56635116322917	-103.37106065417808	65.87187831136473	-105.76685992141088	659.6148205955861	-980.2505550343939	1252.912561001651	2225.486504443578	13.817712062833639
?	100.3420878216667	-37.11197356253464	63.955441987204395	-115.24979984621096	629.3488902090767	-4073.0517732950384	1354.0010604555318	1165.9358654982493	11.836016631182776
?	102.71075248510245	26.993406106763683	60.1093883190542	-17.490496784100234	455.96223193083495	-4857.868451314189	1311.2093542765633	-1910.2353493933538	17.804810610292144
?	101.69175812700487	-97.49191550822593	63.080917147999386	35.37477690963284	386.4554676433681	-493.51477892785687	1258.4892929858645	6256.3119479908655	15.269758358086584
?	97.83615670969117	4810.059440321589	61.87812716453583	-239.3908713452234	431.2864929844422	4788.565474093936	1624.0249516761055	3001.39459617482	7.840766509272064
?	342.19473014308346	5942.012300943092	51.11137358073826	121.9036526896005	625.8837413480641	4536.239552727997	1408.559022794605	-1390.9333044211512	-1
?	394.93677175684473	1374.3027749962382	67.97330979901584	429.5167259746607	658.0984706208412	-3461.5077339627474	1554.4782864550482	4757.493666255663	2.5997588809777397
?	410.90986889289513	-7918.735435136923	72.58720987947122	-434.40194635475376	452.8083546499273	-388.5775753847033	1646.4337061073873	1028.0518077474371	10.995678691891655
?	-1	-6140.939101675986	46.253212481278226	51.015562080295254	638.6695918516061	2228.8779203237013	1605.8808768424199	-6573.003906012274	-1
?	103.86291380909688	2035.6843470777703	75.13798798348597	598.5303705999785	564.252250666112	-687.0002571546253	1317.7835108067748	-8770.748572064553	2.2484807068091404
?	100.78421735388815	-56.12039001915426	76.17973101127704	-66.93274436048792	604.319578993875	439.35690048749547	1167.3434482391938	-2633.8641011686063	16.532759302584807
?	101.05689430813918	-29.353653410649475	71.79135076546159	-190.02419848511647	586.2200956904867	5471.43463583502	1186.090305748345	7821.599792804796	14.591131239029446
?	99.31653468335568	-2041.137886162791	66.67852108702125	47.45248431872386	877.891310785625	16421.851130488663	1558.4234378794322	15111.8265430806	2.0354785316335957
?	-1	-2006.3306936671208	74.16397498139777	164.88581590891246	1407.3126522149169	8242.395132210986	1941.6816329023723	13589.446283232113	3.7480972323088055
?	-1	2035.955591737787	74.92281188246685	-163.01446544881088	1290.0110673961728	-14095.170939887013	2237.8957520410354	-2405.6292803632455	6.48387595848246
?	100.79777958688899	2015.3258417841587	66.01325170895726	-100.61648725708928	702.5541052205687	-14885.95894133468	1821.4001688842104	-11624.709716983667	2.307147820983209
?	99.76629208920758	-58.94881362575624	69.8919875196124	-121.41176113531827	545.7131203294415	-1675.8831505015282	1656.6602661918541	-7187.800389948473	8.376645508397539
?	97.85033890560119	-2015.3258417841587	59.942663652191364	-440.9564663319863	618.7599476954925	3550.6279412052836	1462.010149386788	-2254.1542539639195	4.977409954693487
?	-1	6110.722191182967	47.844164203013165	201.54617460184198	723.244517389705	425.88720294238254	1543.9525534936586	-5731.781368801473	-1
?	403.38644846474847	2531.9671132617846	70.01997238228343	654.4768737440472	640.0543078426116	-6489.151973857438	1175.4210809467154	-12915.814426104485	2.5922018531938793
?	125.59835566308877	-5383.123026965705	80.56800789021541	78.82986221163151	398.7869186968343	-4894.6874987778865	898.1618321884366	3235.4459578076035	15.493380622584644
?	134.23029711646413	492.26764940728805	73.96146549286499	-50.77815871431017	395.31993290371815	-927.2270060949824	1337.193378837095	16395.77285735183	7.290285026813066
?	150.21173813345308	314.7852912834628	78.02909995449991	-224.8715394883633	352.4255683920853	4729.500754663889	1717.9504750560252	9687.158014164053	13.901623273480862
?	149.9695616806372	4544.097810391956	62.71788851844686	-141.0966894304405	631.7949706369118	3442.692980818641	1821.551279545296	1558.124722988351	7.442119370055713
?	377.41662865305005	4405.170651494338	70.97426548297791	30.91878581470237	524.5602174330168	-3757.2907213899507	1795.8567112054425	-5913.901582098336	5.840368991185243
?	370.2280942553533	1292.1950569467697	64.26382780918198	-312.16741501249373	443.9304345674149	4749.017630354066	1525.8562004403802	-2461.087108375918	8.172500747063426
?	442.0263815003883	1019.6996775460743	55.36589473235328	240.10817438271687	762.0110989507192	-55.255398025543826	1672.802355786647	2447.435533963912	-1
?	421.21307813265685	-904.1941923789702	76.26923652831778	120.07249858067993	441.16766466613774	1321.8742791621892	1648.2279771385754	-927.8304238846009	5.173714598631599
?	396.81667188143996	-8444.261562653166	61.36951966138726	-234.0221057468352	828.1048129088284	4029.978506625246	1626.4108345924171	385.63434288223243	1.2008039335116956
?	-1	-5498.438973432842	64.56813124097606	356.895225994384	642.6665899973993	-8862.105590994972	1667.509694282687	-3123.5226736119894	0.3791387044069072
?	121.89472320979881	2461.3809605269767	79.2142809611064	297.64567696280375	384.9995333590814	-3430.7779876092477	1470.2347009118182	-54.32042286667657	12.09795912579601
?	122.0690480263484	19.86845836880441	79.45041508911619	-23.387675262864118	471.12769061693757	2000.833211648044	1664.7936731393531	5924.715729980465	12.732271189140047
?	122.88814612823903	-10.502688362902044	78.0448971979632	-56.153694626863654	485.04119394148324	502.58885572741696	1766.4704874108404	-557.2596359580458	20.768523932803017
?	121.5439136082033	-227.12645608423338	76.64273035777302	-298.9169287783093	496.25713340330833	1938.7055741085214	1636.930691341451	-5607.837167444511	12.9561182068737
?	111.5318233240274	-337.25381901564367	63.099050759047785	-352.6472536246621	581.976472646909	-1850.5569194070822	1486.0786290386159	1167.3523317078884	2.483386800736817
?	104.68122265742117	-277.0009764084703	59.01036767653998	-229.5534272334943	403.72928743295455	3662.812777854585	1695.2983079268452	616.2070312870468	-1
?	97.68177450360393	-2113.624453148431	51.62137939737311	-109.72294358923828	765.1171115396376	11029.671275316345	1516.888980602968	-7995.467945981164	-1
?	-1	5909.619743723234	53.52422049707808	219.91269437888383	955.2128511987698	-2764.645992289703	1295.5249106277884	-5672.786371818117	-1
?	393.1627616897646	2035.8839168049863	62.617014116317264	303.1611753062331	626.8848119251529	-9709.22193214519	1233.2496620120633	2069.7007085140403	4.907595631885326
?	100.79419584024895	-5805.877147893287	68.68227926238969	107.91953049997214	469.75175459151205	-3889.278659069364	1399.00994605349	5116.3618073508815	7.9510487996394446
?	102.86890429510127	-41.05744430794105	68.01299064131585	-220.7518117778181	432.4208789716854	1882.8873009249103	1489.0677523796064	7775.356365491102	10.134499063811742
?	98.7413236248519	-2077.378085902033	57.64468867349882	-365.24528332524443	563.8961196377572	8994.510234351455	1787.7777643280438	3110.6578096036055	12.260035716612341
?	-1	6437.859853952262	49.750726475053696	76.77880950047735	882.1463906892566	679.1466245542644	1644.6006428597861	-3183.334146744535	-1
?	420.6343163224638	2093.09398612592	61.483629148522674	512.6533563103486	597.8534508654703	-10230.600516038841	1628.6110569908176	2767.2241744084577	8.517356784125997
?	103.65469930629563	-6377.419385375273	75.38339429057103	96.80875650624293	370.61636488731637	-4033.7671756257428	1782.9618515802085	-3492.5489743766443	8.385772878171917
?	101.76334705370131	42.73520536705988	66.3240669738348	59.37081549229269	396.1650920841839	2765.5012608881834	1453.983608271986	428.03094685784953	8.505873378343319
?	105.79145957464861	32.543406353471596	78.35193506518566	214.77443867632806	508.89142793172505	3693.8662971134745	1804.363398923101	1552.6483816062282	7.728713364749508
?	103.39051737137488	-42.8422668271027	77.06278890765117	-88.03513976279336	580.858406939857	-1264.8408708642455	1531.6160273522971	-9038.63607131581	8.827696190512842
?	103.64934623329349	38.374015679228386	73.950178077046	-26.068939039892122	445.649384388513	-1728.7003663046135	1352.431595357312	-5557.680651770831	14.298709824971993
?	105.3092181553363	9260.764484837184	75.75934195565657	-156.34283027147205	494.4233886246266	5531.709489976182	1253.7319947637566	-2546.8073400531603	8.79808469053507
?	566.687570475151	3674.818537043838	66.13303656347243	-121.68884270244533	722.2348588873211	2491.0390910133365	1225.0912283546545	-1214.095515266299	2.115384005453511
?	289.05014500752753	-9299.107460439467	69.67489982053432	240.40841591196795	618.975343175293	-5887.382810426855	1193.0272190004418	1710.8724501033491	2.7894261657241217
?	101.7321974531793	-3690.68814163523	78.15345735907079	35.19090807545963	427.86571836597943	-4628.169927606794	1310.6348508598217	449.6812518783297	12.306289977830604
?	104.5157379257667	191.7734121891952	71.4344452243073	-10.225158008542543	387.56684679495413	2945.4176535312026	1215.5112815943583	1941.0601025044548	15.622405908878997
?	111.32086806263902	159.71881901337923	77.64219945864366	88.0620243005632	575.136601042539	6017.757580874178	1407.687855985044	2723.9878851862436	7.122955727171539
?	112.50167887643563	-23.411880070700672	75.83754643933544	-119.95652637724689	688.454725838662	1923.2938171738078	1351.71067585367	-2556.8328699010635	17.976983257148838
?	110.15027405910399	-214.0776256477948	71.64437313978134	-328.63655545522226	671.3012919012291	-1074.5282688297918	1279.8462124899913	-3036.389588466579	13.08566707395212
?	101.79779759404593	-286.52376140879045	59.40571866657439	-260.3704879266601	634.7283123971725	-3943.8243958095645	1199.8911964303416	-1073.9721971701276	-1
?	95.82408598866452	-224.8844792162779	58.62584874344838	116.33155623214306	474.11007211075156	-1887.4853673062146	1226.1476026314851	-3987.368411855585	-1
?	90.55357363323208	-120.8193204877368	65.22229647818152	-107.00452718343921	540.3540440318621	1596.6016945617162	1000.522775837563	-429.35177930830076	3.6000325903705654
?	89.7831199642777	-1831.0714726646481	53.27562238427644	-318.2253191833193	553.9401568388371	1242.6941781272806	1204.6800136660702	10572.861952540674	-1
?	-1	5174.3659999804395	49.31103051901561	143.45468213340519	602.488752938226	6341.052128691017	1529.1658734645948	7346.706934121288	-1
?	348.50141996329876	7159.427344283011	60.44835649094667	394.05161896514664	870.9927632733868	-3388.8212740298463	1572.0153603721333	-3115.3038049836973	3.2117516288679755
?	356.97136721415563	1953.2254961890756	69.01361146727322	151.9838281554348	433.04768923673123	-6522.64840370732	1373.4006832154078	2645.62174702119	2.7969891777094764
?	446.1626947727539	-5552.520574859161	68.04754789871852	-73.88592135649284	544.8603430880162	7458.952760222274	1704.2964477231947	1538.5497383813445	2.6941980031888013
?	79.34533847119366	-8943.25389545495	65.31931539944853	-185.48393450258735	805.9953272478502	7572.15726471832	1450.328170134476	-1144.8846885203302	1.977389455998517
?	-1	-1606.9067694238504	58.77335117358902	-107.82191718110244	923.4682063239376	-64.08241344078215	1647.0522132971773	3061.144457627276	-1
?	-1	0	59.92821954039333	41.78025949485968	802.7912065758111	-1114.4085941310755	1603.385393015842	303.3476391771867	-1
?	-1	0	60.862364148332034	-51.110795858425305	867.747776617383	-1319.0296874476207	1662.2195952560369	2843.8933345381115	-1
?	-1	0	57.37267974747203	-30.799547383397357	736.8397222034291	-1141.7574726123028	1745.5800597427497	-348.16812924613674	-1
?	-1	0	59.322386779162144	197.7449502031867	810.6599029867671	1797.7944640500887	1644.8111887937298	-5517.960652476103	-1
?	-1	0	67.2599272576315	209.14441370620708	826.7294454059348	1228.9597396916663	1469.6820271189406	-2456.2414365247982	-3.3286678416853515
?	-1	0	69.77960746447265	-32.12229873852135	872.1078899713513	347.62949301188615	1521.9991169674881	1652.31139816572	-2.8456270738718548
?	-1	0	65.65381232070541	-57.01265121908709	844.1109200565294	3678.199846622688	1552.2975970272278	1514.8154813118174	-2.1829417200649286
?	-1	0	66.92897490351825	-141.6956369001805	1056.0178823024883	-925.3554259112848	1597.73989103308	1185.3755690543417	-2.169455183453535
?	-1	0	58.56903047569629	-145.57124061573964	797.8431487609645	-7337.738665779311	1611.5663754799457	-1780.1100924334262	-2.502381356949717
?	-1	2066.9276425785124	59.65041287273117	188.00384115789203	689.1309490135175	-2613.940121853399	1508.7343864114075	-4855.509045235848	-4.091432050889346
?	102.34638212892709	2009.1806706330756	67.96922253359102	285.89893838354465	667.1461426682927	-3982.0229773207043	1368.7909232181498	-2058.4668961647076	4.455216262714473
?	99.45903353165521	-115.1335133707159	73.9453597919086	107.74483677885132	490.0298001474794	-3332.3525607611114	1405.8110416031707	2216.099825892407	7.933058313587404
?	96.58970646039121	-138.43494746027235	73.35646437253367	-67.94768809052886	500.5285146302347	1704.1897734809409	1479.5959145127717	2019.042960372029	6.584532633684416
?	92.53728615864149	-1951.7941292077965	70.54797538738211	-231.0745436609788	575.2392888215277	4465.576775489845	1506.7631896217736	-2306.1712575640777	3.8802488396553922
?	-1	321.0505197428128	61.80273718948456	-15.758777482274471	723.8073534047302	4159.373333186634	1364.2873516345662	3566.338033912252	-1.6474187467899304
?	108.58981214578236	2162.963282903148	69.76003651326838	311.022531797425	783.2079554808623	-7033.648223792098	1685.0800913173887	10739.397904924264	2.1217634691006855
?	107.14816414515893	-26.446868415867378	77.35386377935603	223.15750816381546	372.12494221512026	-8789.776871763323	1901.257246880787	5639.88492076982	10.489416579798803
?	107.26746872498897	-84.61245447192106	80.91791192145931	-15.01769113488912	343.71911189268997	27.267786858105477	1967.0743373558837	-2447.7985121051206	13.16035430377865
?	102.91754142156282	-140.03063538230037	76.60297922261157	-231.47191930732203	373.48833155802555	-61.590105637013984	1778.8673212755293	-5202.825335269448	10.887322357963729
?	100.26593695587385	-15.490412066944323	69.34431595609304	-90.47430274362185	340.6396066108392	-445.27006502285695	1706.9330705924076	-6988.248472799679	14.81897634692557
?	102.14302081821559	35.57466406702083	72.07926408543041	6.929143135262636	351.2248283068824	611.506955018953	1429.4548976355404	-11174.993993918897	15.192151138088573
?	102.04467015922492	-27.908032746725155	69.69077311285618	7.0748128636562475	371.2149543617873	412.98163990427935	1148.1833708964548	462.9096106454815	15.992821827126821
?	100.74761918087931	-38.35773805902138	72.43300472861323	89.79853951928945	371.87391030209665	283.08454380844006	1452.6003781678148	7003.394508324132	15.52871253065876
?	100.12678325627382	15.845847636118494	74.18070008882071	-7.610614358554704	385.3691815522095	-37.11396971173319	1498.3530963126664	1766.9367970965254	17.565450837744194
?	101.53991156268525	-2.0274804530606327	72.05247401068549	114.32334837895164	370.01821181650996	267.55892240107033	1540.9472180226423	5036.1042403167	15.682535973386365
?	100.02540923362079	-77.43828775986889	79.89686750776838	32.54134407312744	398.7471276722632	1586.7263495605894	1750.158308328505	438.81956256316073	14.659713067599569
?	97.66799717469175	-2020.5081846723872	73.67954121434188	-470.1330778160424	449.35452929454055	10255.843314939488	1562.8881961508007	-150.11689007634928	12.618687793694237
?	-1	887.854135780613	56.39021361696592	-81.26565184047762	911.5392934192449	4913.653374043996	1742.6524638246874	319.9929837726222	-1
?	142.06070396372303	2862.71894225709	69.61625862231794	324.75263387952873	695.0371979967439	-5978.738984178096	1578.887845339432	-8253.838337544172	2.0797078594638836
?	142.13594711285654	-2861.21407927442	72.62784531094259	-330.1720123716774	612.6023442103359	-2450.6885966937207	1329.960546947473	-2672.343338918279	8.696216409905023
?	-1	-642.6864160628562	53.10765800373384	-101.77791466421209	572.5027681620561	-932.9858509081149	1445.2706783935162	1519.7521963541988	-1
?	110.00162630971327	2096.276403070614	67.53894957773191	98.32548528255475	565.9530516649295	4807.389553320674	1405.948156765184	1500.1953486295693	3.0197466960152166
?	103.81382015353218	-2220.032526194234	58.023932267861646	-434.80587024058116	812.8722458280932	7014.578250650218	1520.2804458249957	3505.28256940745	-1
?	-1	-2096.276403070614	45.798656065702545	-233.76126694312669	916.6819641974454	-3729.438694854797	1581.212285235559	-2418.871525620054	-1
?	-1	19.999999999999716	46.335868920705146	-915.9731213140379	626.4003110853507	-18333.639283948647	1399.3368695439913	-31624.24570471073	2.420112704524949
