rowLabel	avP	dP	avI	dI	f1	dF1	f2	dF2	h
?	126.66942780587101	2277.3942157909723	78.09055862697757	1229.9935400851907	375.36626910777767	9491.298836487276	1393.8176629196048	25245.131443194816	9.42187808126222
?	113.86971078954862	-101.26661631654997	61.49967700425954	-295.40868722809233	474.5649418243638	4142.127418593298	1262.256572159741	-1060.3193986073893	1.6214676861140955
?	121.60609699004351	39.728709176717686	63.32012426557295	291.9053298068268	582.4726400374426	1467.5991676920166	1340.8016929892353	-4068.7400373245996	6.610636589262713
?	115.8561462483845	-218.04498252806275	76.09494349460088	231.74018704149594	547.9449002089647	-2897.8276738190066	1058.8195702935109	-9751.846287669376	10.779513706184487
?	110.70384786364038	-137.09653011446707	74.90713361764774	34.94369221752408	437.5812563464923	-995.8221407332089	853.2093786057667	-4887.444974487417	10.49375533155531
?	109.00131974266115	-11.989852913729353	77.84212810547709	9.849216305082964	498.15379317230423	946.7230443593419	814.4473215691401	2646.6510373155284	11.478255507484565
?	110.10435521795391	-27.94836313754616	75.39959443290189	-115.6540981540397	484.9174085644594	-2305.2806001375466	985.5419304715431	10858.970242767162	8.492079475111511
?	107.60390158578385	-231.72329530274573	72.0594231977751	-134.0274047287426	382.8897631654269	-3114.5910893605374	1357.395833707498	10776.05518975981	13.12520651368529
?	98.51819045281663	-50.849462107567845	68.69822419646476	-195.5363359710234	329.18785409643255	764.6587978737456	1524.3446899595335	2540.3233731230653	13.770681558020858
?	105.06142848040545	262.5759500048364	62.28260639922394	126.96311320912062	421.1227030591142	3664.319674520902	1484.4120023636513	-6635.483445299735	5.792348178385341
?	111.64698795305844	-69.44942355265931	75.0463798569208	38.219396181604814	512.4038378224776	-124.77385592412122	1192.5705176945469	-5488.526146799841	13.511899094334927
?	101.58895730277249	-2252.939759061167	64.19357620830418	-239.20164053883136	414.88401026290813	605.2465767313396	1209.985695023659	3756.282660540552	9.489578205158013
?	-1	-2051.7791460554477	63.086297829979216	-132.59386504403426	542.6661666590446	3089.2219651583587	1380.3846507215746	6610.084217403491	-2.0968166834628965
?	-1	0	57.56388295610246	-406.8387093905806	569.3451085208262	2137.2503340298344	1540.4899058938338	2898.397718631606	-1.3552214948832484
?	-1	3099.2996229818027	42.74436236045017	319.0484579969649	649.5286833605364	-2072.2048862488887	1525.304536653155	-10017.194585037705	-1
?	153.96498114909028	3122.304060203033	73.51630585595072	720.9826662001287	465.7348642083817	-3991.8017475861325	1039.630176641948	-13271.35449581081	12.25574604335144
?	155.1152030101518	-56.816249293032634	78.79349567045664	99.62067424051233	449.93859598122964	-935.2244263467643	861.736811862614	-2077.3754224886675	25.41298746519147
?	151.12416868443864	-247.77196366683177	78.49733956797634	-318.9929136590398	418.9736428910434	-782.3475680843028	935.7614055175146	6400.118580415993	21.17979886730785
?	142.7266048268102	-3042.4833736887704	62.84384998750463	-575.1720727440708	410.82121757701447	4267.566240410015	1181.742740883414	10369.940626446903	7.841782927201939
?	-1	-2874.5320965362075	49.738735930772776	-269.54294148588593	632.3519549115443	2817.7235586065517	1454.2584368398602	2149.4896121222637	-1
?	-1	2549.3978649867045	49.366702913210354	410.493141002108	551.7073955073419	-6473.126531265457	1289.217221489527	-10507.623368213262	-1
?	126.46989324933533	2396.3712621969407	70.2633929808782	452.2757094328517	308.6956283482712	-3359.1725575764067	928.8772684291967	-4763.44376426593	14.253299652409716
?	118.81856310984713	-2549.3978649867045	71.98048838485296	-344.2345476379647	383.74876762852136	3464.851851010099	1051.0450332762302	11641.129892416091	11.372955319583602
?	-1	-2396.3712621969407	53.051665598979945	-495.2537429470486	481.9382208987763	4865.5060295458725	1510.9337630500017	10970.651996913439	-1
?	-1	0	47.21780123750051	-26.23657428812618	627.0240691058152	6711.064461677709	1599.5776331219026	4343.384682968427	-1
?	-1	0	51.739836884573634	140.51910841377963	817.4914439826621	1790.4098145150267	1728.1029971984233	29.14881562744083	-1
?	-1	2781.578521062266	54.2437566581895	389.6935356229391	716.5445598315666	-10421.60815649697	1601.0350739032747	-5745.672994450541	-1
?	138.07892605311343	2530.7815994480225	71.22451366572061	367.57858774469264	296.4110361578131	-8725.508298983083	1440.819347475896	-10495.216692967346	12.324410976238443
?	125.53907997240123	-226.16002842869685	72.62268604542415	109.20162876247805	280.26914488241215	418.933600997445	1076.274239254907	-3193.807414812133	20.26402434668295
?	126.77092463167858	-89.7534860157804	76.68459510384452	80.39853982147939	317.35771620768537	811.8158426147982	1281.1289767352891	2393.5828793343876	22.567812139806406
?	121.0514056716122	-390.52209158630484	76.64261303649812	-117.23630005446485	320.8599370131521	-35.76910635257488	1195.9533832216264	5804.3456534162615	18.608044279653335
?	107.24482005236332	-74.76653419790345	70.82278010112127	-119.67402943471673	315.5692608900566	403.0728095731657	1571.3462594061025	3632.467974871917	14.479469194896115
?	117.31307896171703	349.82642745331674	70.65891156476228	15.927295024457905	341.0135774918104	1158.5676355172598	1377.5767819652224	-2715.4979620079916	10.819283839247518
?	124.73614142502917	-2366.2615792343386	71.61914485234416	-354.60582240107453	373.49764266591967	6137.03155359769	1435.5713613057028	6778.578369166815	12.992067280801336
?	-1	-2514.7228285005813	52.928620444708535	-564.3918927842146	647.8651551716952	6208.132107712771	1716.5057004235634	1523.3918966436918	-1
?	-1	2661.590740921158	43.39955021313341	408.7499230940671	683.9042480515585	-1879.1273297484788	1511.7409561378875	-9346.292720684496	-1
?	132.07953704605802	2499.6564925519015	73.36611659941191	503.90792397708975	553.9087886842711	-3997.920222945307	1249.1910643893382	-5061.0085438533	5.463980490608318
?	123.98282462759519	-62.97758254267245	68.59494641198792	-196.59629630703503	484.00823690429297	-344.56006667288165	1258.6905289452222	1500.6755511281413	9.088189995921827
?	128.9306579189244	-148.4429422142479	63.53630178406015	119.77432941978255	536.680785350627	-1024.4502654632586	1324.2248419457453	2389.110797340502	2.9592067908019057
?	116.56067751688279	-541.0956683099316	74.58366288297705	-171.6322358391827	432.78572363113	-301.6619734113612	1378.1460688122474	8037.150807072759	7.558655099139164
?	101.87587450342791	308.6261832338769	54.954689992101045	-251.723704125549	521.597686680059	3063.817802182569	1726.0823822993818	1622.8833416589089	-1
?	131.99198667857658	389.9332425079751	61.997477676699646	409.3479741694002	585.9766137402579	799.5901889350222	1459.2902358951926	-12679.111150086614	3.552965145613479
?	121.3725366288266	-384.7865877225308	75.42208870057098	201.7669500230015	561.57719612681	-2143.063164411245	1092.1268247950534	-6559.7610369261165	13.17574077463235
?	112.75265729245011	-243.54173871368772	72.08582517784969	-209.37761610585585	478.82345551969604	-4090.145113927428	1131.302184048888	5919.09217709658	12.187397528474708
?	109.19544969314225	239.4522428140374	64.95320789527823	-13.219181590228619	357.0699404304393	-2927.024378779428	1388.0814336498813	8452.35057145624	14.306826913577234
?	124.72526943315194	123.44241509803497	71.42486609833826	-108.43183807394875	332.47223658072517	-860.2769872310884	1553.9197126216984	2167.817676054818	16.38812251083728
?	115.36757044804398	-2514.5053886630476	59.53161599158081	-541.1960707139493	314.05609106888505	2577.65243768878	1496.4723174526218	1589.8165224997513	10.810772519750973
?	-1	290.2058658797505	44.36506256264089	48.904355178690395	461.3548584651637	4871.549466772569	1633.4105387466857	-6661.541787606962	-1
?	129.87786374203145	2515.8298322441947	61.97683375051532	659.831715368992	557.6335644075126	-907.7275256183632	1163.395228072275	-12336.277881145419	7.083948067954557
?	124.79149161220928	-132.50106128624984	77.35664833109037	386.2905762004415	415.9684821842457	-1228.3974538666425	1016.596644689417	-1540.3503312834491	14.892465774352342
?	123.25281067771898	23.713056968345057	81.29136256053732	106.20900506424145	496.2136917141807	2205.040974375586	1086.3777115081027	3850.0434990876283	19.821101156307407
?	125.97714446062653	16.599787054347875	82.66709858430242	-32.65790271652446	526.2205309030246	-629.8704695725417	1209.0988196437977	2058.284612225614	24.868074013682097
?	124.08280003043637	-82.82784769023864	79.6584674247111	-164.44690111938658	464.72016823555373	-3776.096475841439	1189.291942119383	1634.0961371039853	14.38255820719067
?	121.83575207611462	-299.6962214904732	74.44475352833312	-162.021304728016	337.41570711095335	-2836.019257200754	1290.8036264989967	2904.840025333066	19.458819454677787
?	109.09798895591277	-403.492814076817	71.55740218831033	5.063238521501905	322.9192053755165	2030.031977451503	1334.5339433860358	2412.313299782981	14.657943232520566
?	101.66111137227384	-205.5916863756703	74.69791545440822	85.57064474684496	438.91730598352814	3268.8174151096123	1411.4192914881453	-1062.9616948155574	9.482398755447202
?	98.81840463712929	-62.960640630291145	75.83593442565257	41.89622911898213	486.36007613099656	1063.9859179283899	1281.3858586452582	-2259.8483510077986	21.831997840381028
?	98.51307934075929	-34.05249104400594	76.79272691035732	-17.771294537495585	492.11660187994744	116.03734097852266	1298.4268739377558	-447.815067391595	24.546164242734964
?	97.115780084929	-35.50745708153484	74.94736969877779	-120.63821149517409	492.1619431799227	69.5811589885218	1258.9951052756785	-1144.6359340456816	21.5856024329082
?	96.73770648668256	-23.211103374609447	70.76081633559863	-408.5579020296104	495.5956598293735	392.19654006837374	1241.195077235472	1028.0656538742678	18.13926778132781
?	95.95522491619853	-1954.7541297336581	54.51947459729735	-580.536069860877	511.7717701833413	1957.9792705282787	1310.3983879693917	3262.914328841482	1.8523383834469058
?	-1	-1939.1044983239776	41.73401284255489	-160.68424295554692	593.4946233557871	4285.798870034	1404.3407936775454	2954.860959521549	-1
?	-1	0	46.48526244952003	83.02350346510026	726.0617136850406	2148.0851820894313	1458.1414359454686	1568.721865333597	-1
?	-1	0	45.88518801580989	-40.468783900050624	700.8988824602583	-432.61257077534236	1482.776886944225	132.78312307785248	-1
?	-1	0	44.461823254517505	-59.13253984782564	704.4310851462735	-657.131880830175	1464.7805920993612	-1117.8021092278907	-1
?	-1	0	42.92856102341862	-113.21389322128096	668.0422884187497	271.90059704788706	1426.8867814828307	-663.1491908239265	-1
?	-1	0	38.80112859345348	-120.27386396705538	718.0261149986678	-1366.9603784585868	1431.623132558165	-56.93034796305275	-1
?	-1	0	36.91486782506587	56.68268266428177	599.6942694958206	-2844.040710492828	1424.040264084678	-143.73500665103217	-1
?	-1	2069.655485892725	41.635262726667555	617.1486730285106	575.8240794740269	-2712.901006064871	1424.4363822256134	-4443.710131159371	-1
?	102.4827742946359	1935.6833286172002	67.7723014764913	602.137601277286	464.0492191925775	-2748.2967947418097	1201.8547575267103	-6213.179259205093	6.95963244676522
?	95.78416643085967	-125.15945005253614	71.74214279053174	-83.03759991628768	438.4092397369369	-2824.193528125473	1113.7774192653599	-6442.987658610368	9.818277019915596
?	96.22480179200912	431.45812323166393	63.620421480676924	-32.75377061848286	322.8395427863043	-3098.1012331699226	879.705374596193	3295.7992834428687	-1
?	117.35707259244279	661.4842855762738	70.1044542596076	284.19043889818556	283.5041780784413	-913.4266473159379	1278.5673834375027	5080.222491437971	16.240626356078206
?	129.2990160708227	204.6663020571218	77.82994342558615	123.35216131401198	277.1682104205076	2020.664263919487	1133.7164991680906	-2028.9796523839032	19.69672729179432
?	127.59038769529884	-301.69256648426307	76.27206232530818	-175.92628615072306	384.5373912744153	5423.6607153392015	1177.118400818308	3667.9780152166536	11.97684054101744
?	114.21438774660959	-2571.807753905986	69.03362911805003	-414.82041199016965	548.3512461874667	4551.165773172138	1317.1153999289227	9371.58420149981	4.450771959354358
?	-1	-2304.2877549322	55.531041725799774	-288.3218309889023	612.0956799330214	3081.1149109600406	1645.6976108932968	5367.033612864471	-1
?	-1	5606.388495649973	54.617537568604966	198.2178000488878	702.4069917354682	-4765.659723456251	1585.4670805721453	-61.73923140180727	-1
?	279.31942478249766	5113.942993400253	65.44193172824413	131.73394414229196	373.8126937602097	-5163.48093850122	1642.6106493232064	1634.3283935283594	12.534206679322244
?	254.69714967001175	-5606.388495649973	61.20423477571954	-167.31675419978177	444.23294481040807	6638.108425868961	1667.183500248563	2372.60251331711	13.7089984325391
?	-1	-40.299688930688404	57.07609401825507	1.4057724694356515	705.7181150536566	2106.8263980046668	1761.2407749890615	1796.6687641906874	-1
?	252.68216522347734	4917.0808773642975	61.274523399191324	328.8634554818704	549.574264710641	-9022.64024668794	1757.016938458097	-2411.163935964841	8.169822773592621
?	244.854043868214	56.75411662660301	73.51926679234853	304.74259659243637	254.5861027192611	-5794.647922032695	1640.6825781908199	-3580.451742776726	27.080040357604368
?	255.51987105480748	121.28052350970833	76.51165322881309	101.73812740348417	259.84186860900735	320.3852323615075	1577.9943513192613	-6873.628521966818	25.232474574114594
?	250.9180700436994	-2507.859459763947	78.60617316252272	4.35300655180727	270.6053643373364	493.4150506595785	1297.0011520924802	-12715.742541987132	30.1928489967646
?	130.12689806661058	-2580.1779537526972	76.72930355640345	-88.19258599260596	284.5126211419862	16.180891700501036	942.207224219907	-4718.860148591605	26.494540801289855
?	121.909172356065	-267.55735423740686	74.19654386289244	35.84265516987712	271.4144089223615	1744.9434414922648	1061.0581446629008	6601.897208941474	20.610213720131853
?	116.74903035474028	-400.2559332616889	78.5214363148973	38.695869158602385	371.7597932165991	3011.924199336757	1272.3020846669795	4260.207252619768	10.19205542892588
?	101.89637569298063	-476.63138221897924	76.13133732082255	-452.0294932893738	422.0106188891988	719.7363318543014	1274.0685072938884	5214.155929855838	11.408482362815686
?	92.91746124379141	-2057.92751385962	55.91996165042869	-700.7975533580212	407.74660980931407	-27.13649891449573	1533.0098811597704	5523.177041997166	4.894085974128307
?	-1	-1878.3492248758348	41.091459652921614	-27.528159749702567	420.653793943474	6142.225892466586	1550.2273593937457	-4871.959976576781	-1
?	-1	0	54.543553662943566	151.68686931960391	714.8579044326423	5733.323052117554	1289.4118823309323	-7395.131628654612	-1
?	-1	2625.4858178967534	48.67580311890178	154.87843070817615	707.3199465493507	-5732.514153183517	1180.4707779610164	-9149.635865708875	-1
?	130.2742908948372	2506.109913333891	62.28747519835235	512.3658805186217	428.2321967734674	-7691.139811851421	831.9300890454902	-10278.31601305823	9.29704130658326
?	124.30549566669411	-294.7955316172916	74.29409714483278	194.80198588075123	322.762955956781	-1545.7119315101918	666.5549773081068	-2100.6685500415488	24.258302295851998
?	115.53451431397268	-484.77498800910354	72.02757449238987	-221.15919984148059	350.9466001979581	234.7657488955903	726.8966615434131	3131.65461397117	15.056448006546646
?	100.06674626623902	-328.1768132964948	63.236137152758786	-190.39658424548531	334.5012434015605	303.04812755251754	823.1377080066648	6760.2490301366615	12.36864551792619
?	99.125673649148	-66.11803920707355	62.50774528011564	199.14543657676703	366.0990065755839	1350.2535827642773	1064.909113050245	10397.057369186701	10.938950497318245
?	96.76084430588536	-205.15544658462306	73.1934089815971	25.669227812691794	402.0139225397741	-405.18347744094655	1342.990576465998	-1194.9469348208138	15.610111414270047
?	88.86790131991688	-221.26419860023128	63.79120667075023	-373.2959292196384	345.8398327035367	721.2833439636999	1005.1617663092045	-1973.9256942893942	8.341032472543482
?	85.69763437587383	353.4113425579933	54.52861252061525	230.74036972397178	438.078089737959	1481.741449171397	1244.2942917515286	3110.7788927041083	-1
?	106.53846844781648	319.27656260001953	75.32822515694878	369.8920249174487	419.92690516210627	-9.705403599493854	1160.7007109444094	-10920.370137450174	10.43219936567691
?	101.66146250587475	73.82370657469377	73.02321376648762	-63.7056323767427	437.5928195579843	27.89349477117422	698.2757848790218	-7993.7114264142665	8.931092453893024
?	110.22965377655116	198.30535172110459	72.14294353811165	-241.51114379391132	421.321579900665	553.8096946755953	761.0151396236975	4375.950973258352	11.138144119815696
?	111.57673009192995	2.7678579218726993	60.94765657679209	-283.04415845220603	465.28330429176395	4656.250602756392	917.0733335419386	10292.1216508484	4.5669204551383045
?	110.3680466726448	-2251.5346018386067	57.9907356155014	-90.20937243130636	654.1341100384838	2814.8775434740237	1275.6212221661156	6718.041813620608	-1
?	-1	-246.82717429354855	56.43718795522679	55.21454554174488	606.0271814654647	-5837.809998206003	1252.9754242229678	633.7257683921348	-1
?	98.02668795796741	2117.018121940902	60.751462892588634	321.7315316879285	362.2436101281846	-4030.838970363447	1307.3075105857222	-677.5931992732764	-1
?	104.85090609704473	-3.282127325718432	72.52376453962316	328.5582911943198	404.485232947293	4139.08049464581	1219.0957642593041	-562.6495244461078	9.483525979459888
?	97.86258159168149	-315.7133328954279	77.17937745230456	-362.4803201395604	569.1976348604744	2694.0915032827406	1279.175034363417	3812.8626101887676	6.867980882581494
?	89.06523945227339	-1977.2516318336368	54.399748532645205	-540.0980645851101	539.1898081114296	219.1168088904768	1409.7388947687418	4172.040918340955	-1.1051570413835907
?	-1	-1801.304789045474	50.17447422304915	-176.94642677009318	580.1534753049982	1727.69942617107	1487.777080280464	-613.7802809002664	-1
?	-1	2120.3135981918404	45.55242719414058	130.84871112673116	625.5747794199828	-4836.562809405909	1379.0498807237286	3032.458947006159	-1
?	105.01567990959164	2003.3702860565609	56.71690977938569	332.12798740243306	338.3253348347036	-6960.0908525818	1639.4000276307713	1696.351383583448	-1
?	99.16851430282769	-211.8457443769184	62.15882656426217	131.98281196876397	277.57023679089394	-1132.7275948635493	1463.8674499029007	-3477.570840750626	-1
?	94.42339269074576	-2003.3702860565609	63.31605037782386	-424.91931962471494	281.68895509152634	2259.7285335581864	1465.5214855932406	363.2020153602811	15.782137744815817
?	-1	-1908.467853814922	40.9128605830265	-339.9637309469384	390.55666346880287	6398.23284009528	1482.0275506709147	-2155.6365499657963	-1
?	-1	2062.8549331002223	46.317863830477	642.212877024985	601.6005970962892	629.2914636504418	1357.7396580949512	-2213.721802599401	-1
?	102.14274665501075	2083.3855340926093	73.02350443427564	625.0302242148792	422.02123665132484	-3530.295612652391	1371.341460540945	245.78970184155511	12.037585293500443
?	103.1692767046301	160.97885449241346	77.56937504122085	126.3842803232983	425.0858164636703	181.28276154229022	1370.029143187029	858.7199298453273	19.38225990992164
?	110.1916893796314	251.40406379923948	79.34271845044053	-5.918592419739944	431.0853747284393	-11.845659758114422	1414.2774570332112	-164.9117960615337	19.12726614493565
?	115.73947989459202	162.03126471471649	77.27344542023386	-54.24510355202832	424.4935334757646	-518.6215288056401	1361.7835533839523	-5973.230398520048	20.762889340822532
?	118.2932526153672	-26.322778169108382	76.63046327283912	-26.904699690402747	405.1542982881574	-607.760985298854	1115.61593710721	-4895.865063472669	26.133684401288615
?	114.42334098613661	-457.3807815556534	75.92821043571372	-26.504594286038905	394.105484210822	6.094513652059298	1116.9903002103197	5380.098735329835	19.055660966955763
?	95.4242135375846	-624.8949293756101	75.30523355853718	-49.31853785818607	405.45902397076037	1057.0705407229211	1384.6208738737007	4276.8413266899115	11.830400066189878
?	83.17859451735622	-264.5640698237467	73.46228354280443	-81.28449408445732	446.95901124696786	1242.6714570485567	1330.8323665448145	-1444.468073671729	14.843620216202249
?	82.19601004639732	-59.44956133535236	71.24100885431433	-109.60531678406151	467.592596823188	476.5195153768076	1312.3974701901145	-1223.14153446232	17.161452470115
?	80.20611645058861	-87.2377599698763	67.98201770360137	-95.19688926668783	470.78498701580816	-110.090794870254	1269.6752898216987	-953.7606722527505	11.825298787867817
?	77.83412204790352	-19.506367534857603	66.48116439097996	-32.65563762301878	462.0880570796753	-105.05075328786043	1264.7094365774772	202.82213901130106	11.902131954988814
?	79.23079807384573	-23.539276233045513	66.34923582245044	-45.248209215325396	465.53244935141515	-182.8750230170335	1279.8163967722637	1061.5332908096154	15.004124843665164
?	76.65715823625125	-27.434117479609863	64.2187539302137	-107.40052952302146	452.94430592882367	-1218.1809974648681	1317.7861011179577	939.7922764427254	9.105372192326069
?	77.85909219986525	12.057796264666976	60.979209346299385	-147.84696505172784	404.62339947817196	-279.9805601774231	1326.8060105943998	2596.5604517440033	-1
?	77.2600480494846	-1577.1818439973106	56.82640567762733	-198.4890522957501	438.94527791995256	12399.716810900767	1447.6141237051575	12158.811410671662	-1
?	-1	-1565.2009609896975	51.054756731511915	-1.792148514004601	1024.609240023208	1968.5222633414494	1934.7465811279808	-1315.2028334513445	-1
?	-1	0	56.7367982519271	-113.17695369543114	537.3713910870247	-13502.953574293162	1381.8539820325905	-10271.227540949008	6.549610050652733
?	-1	0	45.39590904674038	-312.77535027734103	349.46156130855223	-248.83140471414524	1421.1852040805322	2276.629870756141	-1
?	-1	2058.4023254263557	41.0980307380601	476.04157402270386	524.9298208513175	3159.684559057185	1495.685475570397	-4278.921198438854	-1
?	101.92011627131743	1917.813134486564	69.19798774787549	600.0880230522778	507.44578926141094	320.9921824162018	1207.2391441585903	-6480.474225985072	7.694123219858282
?	94.89065672432785	-76.59744291184948	71.10243189067388	57.14600677611279	540.9794299721275	-318.9270421337369	1171.6617642711446	-1929.9641239493508	15.717381164747497
?	98.09024412572497	-33.110210394813585	72.05528808668112	-187.01931346443396	491.49943715472415	-2343.326038740052	1110.740937961123	-607.9160821069467	15.237231735353564
?	93.23514620458718	-1981.8048825145063	61.75146621745222	-536.2029725190392	423.8131280351253	2683.8319457220396	1141.2659601657974	7965.8459899863155	10.165763573240703
?	-1	-1884.7029240917502	45.24513946072925	-424.16202945728566	625.6910344408257	2499.492193496106	1509.0332374604375	8758.325322521623	-1
?	-1	0	40.54336474458801	-17.42783343137751	548.7877377099302	-2589.177355664689	1579.182226291877	-113.8488154982137	-1
?	-1	1804.8030695156424	44.373747789160376	501.42902151274023	496.2321666575917	-1947.0168444934995	1503.3407966855268	-1655.5667762119006	-1
?	89.2401534757818	1752.2507283653413	65.61481582022493	555.4076105665913	451.43689548525555	287.22827531961104	1496.4038874812823	-3510.527575499285	3.8673281635288084
?	86.61253641826676	-55.83892778011281	72.14412831748984	58.75076685118521	510.5935804235722	-1169.6767929431298	1327.8144179105632	-4559.44367352937	11.17192335573445
?	86.44820708677617	12.806343930067545	68.55235416278418	-65.95163153722376	392.95305583809926	-2474.2330958025727	1268.4317038048146	483.1908413331638	13.513413247853071
?	87.25285361477013	-64.83741329788296	68.84654674062867	-104.16724197156037	386.881925633444	-871.6360465615613	1351.9739599772213	1529.5698823443772	17.245520417233955
?	83.20633642188203	-74.97953261115156	63.343992064206184	-362.30753710078346	349.37125351002135	1623.7362693144917	1344.9101979220331	1213.8414284841017	10.317611625809565
?	83.50387698421257	-1684.1267284376465	50.73116988558956	-355.47038011914054	468.0687390991683	6088.19442162889	1412.6660314014262	3139.5694219702386	-1
?	-1	294.28408893510453	45.57047305824922	320.2693021507587	653.7809745914648	1211.723837604445	1501.8886690205445	-5779.977915699299	-1
?	98.21808143096774	1834.5667048289952	66.74463499312743	449.5131540905429	528.6549309793903	-2084.9804937063236	1123.6671356164622	-11263.557881548782	9.00315171491101
?	90.72833524144943	-210.41298456283374	68.04613076277629	27.505471172726274	549.531949906149	699.4870746747986	938.7107749431074	-4480.548720293512	16.407595239654732
?	87.69743220282609	-138.42467301868416	68.11990855176374	-47.632262182513216	563.6292847131301	-339.74405589180725	899.6396996017875	-3118.1313433552345	14.589268020929925
?	83.80710159051525	-83.69306281770493	65.66451765365063	-84.12113728976011	532.5447471115587	-475.49198741877433	782.8042077753462	-3666.2259340238866	10.205017865451111
?	83.51277906194086	-36.23816437740585	63.91385168727575	-209.48746764924596	539.8546853421915	69.00157822185089	716.3284029005938	-1741.707310296453	12.33489127812532
?	81.99519337164496	-1690.2555812388232	55.19014427118837	-307.1413453940816	535.9948260226512	-271.15360348308155	695.7188422605238	1969.5063609426713	-1
?	-1	-1659.9038674329051	48.55678441757173	-307.2682171332998	526.2970051680375	404.66726067605265	814.803720947727	11927.966686709357	-1
?	-1	0	39.82673341452344	-221.84067914847768	556.2281890564537	3211.1789519880244	1292.1171765959896	8779.18000234129	-1
?	-1	0	37.46475046014788	-54.25473061194926	686.8559527674381	3220.389771019095	1253.76272106479	-19.500740541543635	-1
?	-1	0	37.113996883925985	28.25044513406456	717.2476776074079	-4529.378335040754	1291.1421395689124	1966.615602635997	-1
?	-1	0	38.87727271685113	5.201306494001938	460.3870360153972	-6057.939474800022	1352.0935011965912	3818.3403153313116	-1
?	-1	0	37.374062208626086	-32.53691664879238	414.3507038674025	107.81951160098362	1482.0591553354807	2104.017279374404	-1
?	-1	2302.9636241633402	37.25042688441149	175.6498241286082	465.77801159544646	74.0147761844515	1457.294365165313	-1858.7931237444182	-1
?	114.14818120816865	2085.363314197128	46.15655341505662	716.6369891742675	418.05144267662513	40.51485007157168	1389.1194991482585	-6122.798085966391	-1
?	103.26816570985788	-357.2400059736609	73.08227634312537	365.8056335120221	467.80375409902507	1229.1116227035543	1151.154460866989	-5098.780292498468	6.775166030298389
?	96.28618090948535	-2085.363314197128	64.44683509065798	-457.3114658920024	479.5070238118037	2131.163852281573	1134.1804845233314	1845.913888119618	5.674503994933451
?	-1	147.5409455071328	50.21670304852493	192.64121684668123	574.3619467131052	-1253.2330031579345	1243.4501552729712	1097.5234277819097	-1
?	103.6632281848421	0	74.07889593299218	145.48539615024188	416.8453736539061	-2614.4220686810245	1189.0566559124277	8001.58460750019	7.323700489399608
?	-1	-5.022718229013705	57.490972856037125	-360.47587193210813	443.64084327905215	389.7218850542949	1643.5293856479864	11358.048705368572	-1
?	103.41209227339141	2011.1822616873094	56.05510233638652	99.43548219409523	436.3314679066211	-3216.7816940512225	1756.9590911808643	-10105.184777043916	-1
?	99.5591130843669	-21.71759208071987	62.46274696574196	264.69908741901185	282.80175857648874	-2837.4882486850966	1138.2701467957834	-3379.0611519369186	-1
?	102.3262126693554	-18.69430524151314	69.2900567073373	-128.6306355851261	294.4570554723643	518.7840640792848	1588.006033584016	8137.1725699850485	17.672772422984533
?	98.62439782229123	-2066.5242533870787	56.03121518648556	-287.6774784551812	308.74096178045335	5271.922030332597	1545.1287752950416	-1474.2852109896712	10.580778415016418
?	-1	43.01219448420905	54.906182784578036	395.0720207472252	558.0531569889979	1822.181308090227	1514.2917730345314	-1778.8956794697763	-1
?	100.77500754650171	1847.9615850901182	75.7848162238471	319.54360113256115	399.850027184966	-3509.4965342701394	1456.1839913215515	-3533.074969626882	9.076831012885656
?	91.39807925450722	6741.612451752103	70.88336284120632	-274.96110327923043	382.57833027548844	311.05666135257604	1337.6380245531848	-2177.6235709145258	9.145593857143009
?	437.8556301341116	7200.533131290526	62.036761059885386	-47.922269294508794	415.402860252595	1375.4390938099286	1347.3028127758237	740.6212047466792	-4.24652753111164
?	451.4247358190387	-7011.714542298867	68.48724937648085	8.176445736214246	451.35028496598585	11.733662180825892	1374.6690847905193	812.164586189326	4.275335774290053
?	87.2699030191633	-7115.969349267419	62.445583346696104	147.99535133114762	415.9895433616363	53.65116736067004	1387.9110420852905	246.96985810942456	7.63184030162235
?	95.62626835566272	98.70935253120878	75.88701694303833	128.96157889287682	454.0328433340194	-1895.5853096813319	1387.0175776959907	2067.7288739559003	13.443229603847183
?	92.2053706457238	87.68412976018954	68.89366229134004	-227.99984457239322	321.2102778775684	-3065.5645610779775	1491.297485783087	6757.357626454408	8.58938978140727
?	100.01047484367226	360.34645154222403	64.48702471441851	-33.21809074699	300.75461528011834	-495.5635387939592	1724.885459018716	2563.9613819558144	12.590688708870204
?	110.22269322283526	141.69271686645456	67.23275775399051	-213.53344114283112	296.4321009378701	7321.555743320707	1619.4955548808796	-1415.3634454162539	15.076114251634653
?	107.09511068699508	-2224.4538644566737	53.8103526572768	-587.0351509747172	666.8324024461589	4983.549991996311	1654.1172867479022	-1239.5385324886645	-1
?	-1	-2161.902213739871	37.88100020525423	-78.30341595184183	545.6096005376892	-1743.858884728252	1557.5186282564455	-3100.757559827836	-1
?	-1	2044.2646186253792	49.895181859684655	748.1683021749698	579.639458209745	-2302.408834802108	1499.0794087565082	-5265.362320003831	-1
?	101.21323093127042	1995.3990882931093	75.28941531400325	514.30134661047	430.48915879758215	-3127.3990698235057	1294.2505122562502	-5118.603180994091	13.811266226224399
?	98.76995441465688	-86.2769233803663	75.61024919020852	-29.887436684371806	423.26950471856753	-764.3333659965747	1243.1492497068	7604.676690064485	20.06618492399678
?	96.89938476225204	-122.47245448169335	73.79504347978464	-91.86093018277359	392.27249049775287	-872.8392667328786	1674.4843467594799	10502.60347677729	21.013730596139833
?	92.64633169057213	-202.57749460939007	71.01720268106978	-91.69625178656997	379.627541381923	423.96783542660694	1768.279423545672	-2733.762634083016	17.8989366197371
?	86.7705100317824	-206.62456953450564	69.21023089045607	-128.5297604994226	413.4708822690835	738.011800609107	1537.7962150553271	-8205.096624589392	13.384814180449649
?	82.3151032138467	-1755.410200635623	64.59071465609856	-416.5058542399946	416.52813141237885	4196.683575556307	1358.0245923161965	-1308.5219858471778	9.493126228781302
?	-1	-1666.3020642769102	48.384938178456046	-227.2939472571632	623.3050610469019	6510.637734045863	1472.3701157629673	5020.9420540571155	-1
?	-1	1954.4760336314653	53.22601729324023	410.4245357152942	742.0600181146766	-5337.492294009002	1609.0716950190558	-7368.0535702242605	-1
?	96.72380168157466	1914.7885461579726	68.90616496422105	321.57925084267674	356.430446346448	-6367.934288572484	1103.967437251749	-11929.258517149443	8.55405974588017
?	94.73942730789999	-224.7736510593753	69.3049798353743	-194.99950462469437	423.6633036860479	658.7633088129414	1012.6087691615752	4434.028549602022	11.593753135375511
?	85.48511912860573	-1914.7885461579726	59.15618973298619	-434.1627129953418	389.3686117870955	5550.904092596821	1325.6688647318533	12299.55856448843	5.222090699282891
?	-1	405.6661367364816	47.5968441856069	-5.132125238466541	701.2085083158929	1570.7830217922303	1627.5866973860054	7434.213964597815	-1
?	105.7684259654301	19.999999999999716	58.89958347106286	-951.9368837121244	467.90776287670815	-14024.17016631766	1697.3795629617493	-32551.733947719647	8.7210764718948
