rowLabel	avP	dP	avI	dI	f1	dF1	f2	dF2	h
?	104.9042803267887	1958.2779373319875	66.60283656036249	1271.865224895368	324.5190501419566	5907.094181209838	1565.254448244921	30296.606522631355	8.917693439264252
?	97.91389686659937	-18.779976801077396	63.59326124476841	171.45129345417416	295.3547090604919	1464.2817727375098	1514.8303261315677	2614.2869288587235	4.570392669057568
?	103.96528148673482	106.50259530026429	75.1754012330712	193.6452933730221	397.7331387788321	-883.871952817939	1695.968794687857	737.9108205866075	9.289016872003709
?	103.23902663161259	193.92844694178996	73.27552591341951	30.563894408593917	251.16111141959496	-3041.267485844565	1551.7258671608981	-2782.0275810373555	20.465211353750377
?	113.66170383382432	445.343699122469	76.7035959535009	73.80744432488542	245.66976448660387	1237.3525887068613	1556.8674156359893	-2510.543065605039	19.316072150787665
?	125.50621158773603	205.33812787192124	76.96589812966379	-21.53751007083088	313.028740854938	3601.387087678257	1426.1987138806462	-5095.761728340354	16.166253317834414
?	123.92861022742038	-186.37394487190508	75.62672044995935	-44.83490514616734	425.7391188705167	1885.7237904910953	1302.0793292189717	-7019.555713670517	21.295228790928796
?	116.18751434414078	-459.5104678789714	74.72415287235542	-145.76044765551532	407.31493037949275	-2370.502690733554	1075.2209281971204	-2336.668260707502	17.97673311303578
?	100.95308683347181	-2343.750286882816	68.33869806718359	-571.0722162801055	307.213984333839	1589.9010280622683	1185.2459161835966	10984.462221154034	12.673047743080465
?	-1	-2039.0617366694366	46.17054205835015	-530.3732621187444	486.80998178260614	7549.836533381565	1624.444039254822	11585.027629237558	-1
?	-1	2526.2811471281366	41.82003496124637	451.4098348212629	684.7058110029171	-1791.176880667311	1764.4972976454744	-6104.213900658705	-1
?	125.31405735640693	2498.3707583350197	68.74103379941332	654.3846760089973	397.2511377492405	-8158.3273696426995	1319.2333442218865	-8816.608326304091	11.550210593309473
?	123.91853791675109	-265.887481216345	74.53926876169626	26.823846963024184	276.7894425207818	-3905.185462041661	1323.6668813302695	6257.049835136171	19.71584059288624
?	112.01968329558967	-243.91012465684105	70.08222614756453	-31.811685871373612	201.99186464715729	466.15351467424335	1632.0858359786953	-4098.828556184577	8.390072348538034
?	111.72303168390903	-258.44081473180245	72.94868446812758	-186.689687540328	300.097118254494	4539.5919683699985	1118.7254535210404	-6706.813811151717	15.21191356299155
?	99.09764255899954	-2254.4606336781785	60.74774177054812	-717.8859279259019	428.9714630656574	6524.125886419549	1296.745145421109	10585.716258594002	10.972803619878192
?	-1	-2001.952851179989	37.054388071832456	-321.22249424651113	626.3034125754717	7799.368002361939	1648.011266450741	7324.132106851937	-1
?	-1	2145.927538204595	44.686617058222545	512.1048791900684	818.9398631837547	-4626.506813074084	1662.9517507637063	176.19705273296842	-1
?	106.29637691022984	2040.7242158450142	62.659632031335896	464.8458616728527	394.9780719217673	-6197.618861279042	1656.8211190873894	4337.588763706345	17.210016688063696
?	101.0362107922508	-234.6625663894395	67.9289101418652	60.76815508314518	509.05892011980234	7789.665914484072	1879.8311889490237	8117.976277993132	13.006382788356984
?	94.56324859075788	34.22991767612925	65.69803978549315	-35.44464313992901	784.4613676459704	7790.146296842037	2062.7199329870455	1971.5728442187565	1.7313917288085157
?	102.74770667605726	248.0770588712682	66.15667798486875	59.10086870365769	898.5662349619046	-9022.99967499202	1978.4098311599616	-4441.620895925517	1.3057192745111563
?	106.9671015343213	-32.64562222238422	68.65308322067604	-302.7516528442905	333.311383896369	-9891.402280012462	1840.6388881907694	-4195.702116969647	8.40766166055583
?	101.11542556493805	-2159.342030686424	51.01909534265421	-566.0448666707158	403.99612096128106	10851.777487435029	1768.624725311479	-3077.3141645639244	-1
?	-1	581.0673526085685	40.350839887140225	394.22282749714293	875.900258268121	2722.527268034897	1686.773179962573	-3670.1812098897485	-1
?	130.1687931953665	2754.57043317527	70.73023671751137	796.3392874770569	540.122484363026	-9905.496242216283	1585.1156648169915	-7417.026279732179	6.1565289889289945
?	136.7285216587636	416.65555339581846	80.16780426099311	161.36856410786876	380.6254461573064	-2819.2967047885163	1315.9218659759638	-6650.224574649723	19.595098021380885
?	151.00157086515745	726.6922493049747	78.79866492290482	-74.87975572862347	399.1576491236001	939.1872894930876	1252.604436084505	-758.6229997598996	15.851391111515278
?	173.06313412401238	751.3257753244919	76.42381647456193	-202.4876719830412	427.5848106319608	-796.4137574354531	1277.9907159879688	1083.919580795622	15.507807355280145
?	188.56785963138208	-3481.2626824802446	68.67428132375275	-546.252464732814	359.3369612518274	5279.1279682567065	1306.8004151242862	6077.829442837191	14.9368241611055
?	-1	-3791.357192627638	49.111193237921206	-286.2913169692466	691.5412090447964	13881.800693839643	1581.8821881298286	8569.594372608495	-1
?	-1	0	54.35971547529041	120.10574965643659	1053.4269959438102	6498.05535664144	1735.2801337547114	4076.4810251977233	-1
?	-1	0	55.11648072074304	23.78119552310435	1016.4439768768686	-3333.3597991161596	1785.706239389715	862.989525453576	-1
?	-1	0	55.548775251445626	20.786237879786267	886.7590059880021	-857.5717676424544	1778.4296100273903	1637.0372395754325	-1
?	-1	0	56.155792614732356	-42.21767264661889	973.5653884947459	657.7197089434725	1867.5581013684866	1291.4021585616308	-1
?	-1	0	53.43789161911468	-144.40497474084225	919.6449914351757	-1126.472331829083	1842.9997179554719	-228.97203964465442	-1
?	-1	0	48.935543877690236	-223.7517332678666	917.2417719032917	-878.6402779731171	1856.109499386254	-2163.9283749581073	-1
?	-1	2202.347723703245	42.25030495572134	248.57422740137358	875.7129775365198	-4756.925871488768	1734.8032992075664	-6151.684344400154	-1
?	109.11738618516235	2216.683533089694	61.364255247758926	681.1985773842188	679.3954783288531	-8177.4109867245625	1548.525282166246	-1729.9196523801386	7.637990581620286
?	109.83417665448479	267.9102143160905	76.31023382493231	230.06245943627687	466.84242820029135	-8320.682650791048	1648.3073165885594	6328.539975827625	4.6756240939432665
?	122.51289690096682	552.603444160629	72.86737821957273	39.634276327543745	263.36134578930216	-3732.3361333813564	1864.952280957626	512.1780390626072	15.940014057392043
?	137.46434886251615	534.4012597986294	78.29194764130949	85.93643997528746	280.2256215312242	696.6570834648123	1673.9162185416897	-9085.632298660921	18.886694936103467
?	149.2329598908982	219.42977819668803	77.16420021833709	10.353357813421875	298.19419996254265	2645.152173327904	1410.6706660245816	-4762.523755222318	25.648776755053103
?	148.4358377723505	-136.94563937159606	78.80961553198058	32.01718144086368	412.4832301976189	4554.619035761918	1435.7900307805746	4235.423176028518	15.761378638224375
?	142.38567792231842	-343.79004711311785	78.76505929038027	-99.06902091049467	525.9251517506377	-1061.16333457974	1622.4418248260067	6372.639779190945	17.206835121398363
?	131.24633541669468	-572.0733599622037	73.85616448645587	-239.7084453259538	359.4250634686321	-5472.405648924397	1754.4220197401207	2963.2419064717637	11.354901576473985
?	113.78200992420834	-193.260096113254	66.77963702408262	51.03278373421166	252.30486930441882	1575.8182570953193	1770.6039201495944	-2828.439492459107	6.740419988740801
?	121.58333061103201	182.97245676792565	76.40780367316644	187.38636690371558	438.2159763233978	2672.067002229728	1613.0000451171659	716.4431582330078	10.761204159919183
?	122.93063276260459	162.84455662317725	76.14895536926836	-22.502446858361022	385.90821941590474	-1293.9384691499401	1806.4260780612447	2151.264241855159	10.830654893261647
?	129.72555844219085	-54.602400996114305	75.2826813302484	-155.05112442433327	373.519052865901	-728.0419836619868	1720.5632572099234	-9774.98755728498	12.514952345328469
?	120.20051271279888	-273.7247931326173	68.39639914805173	-94.0375820621893	349.50612023280553	-1049.5906370699518	1317.6767001969974	-4099.287046619075	10.554838347057816
?	116.03931878556003	-197.86010743807495	70.58080222713895	70.1464280936963	321.0395210124036	-443.81261866229283	1515.5989048789704	4205.015941740349	11.283160480050388
?	110.30750734089517	-163.59384242565397	71.90372055273653	88.2470545159521	327.31548929969097	2143.148096788629	1527.9274972840142	2339.180588387998	12.478955228088063
?	107.85962666427736	-127.94788887683086	74.99315495293654	-62.17770440136001	428.1969258518347	-762.2645126818809	1632.55793429837	3918.999958705595	7.348063719412949
?	103.91011289705365	94.48040226219837	68.79483533266854	-102.18248647498322	289.20226366559706	-3285.031499795165	1723.8774952192932	6353.410794475972	9.428886843250563
?	112.58364677738726	-41.41881530043165	69.8840306291874	-162.30097560847497	263.945350862077	1934.7481518665074	1950.2284740221673	1965.853623843516	9.948936370188882
?	101.83917213203208	-266.43557410341214	60.67978655224482	-133.9366402388122	385.9396712589221	-637.0559279388493	1822.1701764114687	-4707.449153001792	-1
?	99.2618680722167	47.7026980829915	63.18719861724681	244.93057398661622	232.09255446513467	-1511.1224521768506	1714.8560163720786	3127.7366529932096	8.277695037997347
?	104.22430703618164	-67.19276815803961	72.92631525157559	75.3499496673703	310.38354865007983	12123.16077173541	1978.5570090611286	458.6100649132657	11.46618773545007
?	95.90222966431473	-2104.4861407236403	66.95469610061531	-108.19800433546429	838.250593051903	13456.862466035738	1737.7865196177418	-3146.010168722162	0.5689715318322988
?	-1	173.7568658200022	67.51641503480239	3.2529909094356073	983.2266719518643	-3395.5732912337576	1821.256500625021	-7931.792014755339	-3.0028399539486568
?	104.59007295531481	2038.539370902543	67.11734564608709	82.77505263903608	668.4719284902158	-10986.167904245973	1341.1969188799762	-12604.77595644566	6.637545940359011
?	100.92696854512678	-265.67080703177294	71.65516766675418	-194.54978361002472	433.91827673956766	-6298.404653444001	1191.0177028027404	-129.5365043591487	16.24060225293103
?	91.30653260372621	-2038.539370902543	57.389856465585886	-408.75974630801073	353.5516958180168	5451.97662055395	1334.7200936620188	11928.072172789703	8.801831205385247
?	-1	845.458304527488	51.21718035135372	143.4600208738062	706.5171077672642	3268.6706383300934	1787.4213114422234	7434.558122014072	-1
?	133.57944783010046	2943.8577411981664	64.56285750927617	491.0246278995931	516.9852277345209	-5819.634222974388	1706.447999762721	-10910.712809841918	9.274357707502828
?	146.1928870599078	314.1817903003857	75.76841174633329	213.6290382948737	415.5353966185458	-3112.439666531206	1241.8856709501295	-10783.523944634282	12.362231229572329
?	149.2885373451197	-467.56257912618645	75.24430942401982	-170.50279432321847	361.36324440796113	-3152.254084352103	1167.271802531009	2006.1348316716228	18.036394102368966
?	122.81475810359856	-501.8887737116436	67.24327203017239	-82.11241532726662	257.92269240094123	314.99204763081025	1342.1924125337102	-3563.725001198128	12.466945702804656
?	124.1940986595376	-144.7652618453011	71.1386886576565	-142.91728383065612	377.1128467895016	1014.7428952187195	989.0855524711031	-1066.0794276736026	14.439030347574354
?	115.57649501133353	127.23503347404932	60.09740783863961	-160.59741335806237	308.659837161877	2151.482557082312	1288.8884411500303	11499.49024146529	10.278589546079571
?	130.55585033324004	-35.934387807809415	63.10881798975341	260.4941444983698	484.6869746436168	1319.1256999750467	1564.0600645443656	8143.71412452095	3.3212726306378
?	113.77977562094307	-631.808759079918	73.12211506355806	-61.63546686257086	374.6161221606291	-1118.387397663261	1696.0741473760763	3786.9302027453523	9.745932955668895
?	98.96541237924426	-2295.5955124188695	60.02704464662488	-725.2976757847691	428.76760476045393	2983.8083179095024	1753.4065746816325	5.484103362891821	10.704242207584855
?	-1	-1999.3082475848921	36.85723127431973	-614.0872548425406	523.8065380561037	8019.900548782325	1696.348352544221	-2399.20525988331	-1
?	-1	0	29.322681904497962	448.9825358421837	829.7626321995688	3763.7769269280802	1633.4463116874674	-8211.209344351735	-1
?	-1	2455.240869942822	59.306358066428835	879.3796142302598	711.995384402507	-7877.549507274163	1285.7878853266357	-20336.961646278003	-0.16184092764409633
?	121.76204349714067	2251.808699366516	73.2916626160108	158.56963644277883	435.885156835862	-4758.098874749499	616.5982293735709	3365.9947380843987	13.320482017275364
?	111.5904349683254	-2455.240869942822	67.23483988856775	-259.37303388966507	474.09044066503293	7788.687470886018	1454.087622230855	21516.811394946268	11.430377697709886
?	-1	458.1238199829303	60.32301092152759	-37.19305886382627	825.3195303801615	1999.1401945716623	1692.4387991208805	9335.96328752152	-1
?	134.49662596747183	2631.2548043150623	65.37518694537644	219.75553409466335	574.0474503936157	-11193.198600727468	1920.8857866069293	7021.174976889631	8.275517214899345
?	130.56274021575265	-513.4756190034336	71.31078762626072	8.836389563169607	265.6596003437901	-6973.376301764265	2043.4975479653608	461.4073762402148	14.808327925113328
?	108.82284501730024	-602.9501987912933	65.81700642353492	-163.79013392250187	225.3786353054037	-177.00468955113428	1943.95615541894	-8315.21414036127	12.873133285466087
?	100.4152302761881	239.91348598019528	63.121280930135654	229.48404609782696	256.8093658662334	1879.9971727853901	1627.7368409472988	176.19960408327705	-1
?	120.81851931630996	417.8625938599598	77.29120872842623	295.27387503299525	319.37849394467287	1360.9532093359828	1952.7661356231038	6857.416339306485	13.95109238274824
?	121.30835996918601	-123.57639657251285	77.88497468178537	-101.71433808643549	324.8570263330323	-66.71899265704975	1970.6076579126218	-1567.369918183509	18.46168752592012
?	114.63969948768434	145.2803365365977	72.20549182410447	-84.51401332062063	316.0425443118204	931.9114269394059	1874.3976397139286	-4284.593891526585	11.347554597280318
?	128.57237679601587	586.7593003294153	73.65927401575435	89.56881566785032	371.45259768000244	3259.2719524171343	1756.3779633362933	-5677.8573452675455	5.66942235056042
?	143.977664504155	215.48027744347698	76.68393260749697	1.910207495756431	479.00614193267654	-34.76093582690067	1590.5047724505523	-3791.2208643592567	16.459293933907272
?	139.34639066818968	-294.7510790558657	73.75478439054217	37.547753882431174	369.7145508886574	1301.1471178817214	1566.8169201183312	368.1072657565314	11.499676309262412
?	129.24011055136177	-563.4880987434275	78.56132030161852	8.94248721078785	544.0634978267624	1135.2517536969078	1608.9101357383788	2093.338429699159	5.083331163847234
?	111.17198573101841	-471.3918416586818	74.20190875108156	-258.84019967081775	426.4771385735026	6367.093081093599	1671.4838416032887	4841.679649602255	7.638906092622776
?	105.67051846842776	-63.58922550540791	65.61931031807768	-104.62954192993388	862.4181518814412	8357.277677515553	1850.9941182184907	3286.593194468408	3.3174326850459295
?	107.99252445574803	88.52440803127226	68.97043165458489	77.30439976458426	844.3410224492787	-9410.481867410272	1835.8135013267085	-372.42340894909506	-0.1148950286822259
?	110.09673886999136	-2179.8504891149682	69.48453030630688	-34.859471287834204	391.8940585109293	344.9050165653251	1832.372947771036	-3290.2654872334397	6.171993870554017
?	-1	-2221.934777399835	67.22745809019318	-310.73122328008503	861.5862732775449	9104.963138209349	1671.3002269650372	-1949.015323900669	-3.2344556321762328
?	-1	0	53.94796914230268	-86.22644274906779	847.1422154213951	-2781.725584695308	1734.922181576003	-532.9958197042625	-1
?	-1	2849.741650972681	62.91613595273981	362.51025049382963	722.49999404278	-7500.999746733112	1644.6504359798241	-1714.5099299211704	-0.9345047373639399
?	141.48708254863354	2700.6421387777937	72.0734816669941	262.7998606907716	472.09222808474084	-7761.597836413973	1649.1966850799447	-10707.638245028162	6.025690570706602
?	134.0321069388892	-432.9217889344785	76.05612898727834	53.43134126966125	334.4201022220828	-2991.269995354383	1109.268523728418	-5831.642635669603	17.760394031314064
?	119.84099310190969	-470.2400704125818	74.74504873047715	-39.25900182669508	322.5287283170222	-1148.8946695355623	1357.6145532964656	10401.103193622208	16.933081404222282
?	110.52010341826019	-240.0525019137018	74.0931788959436	-30.548438877986083	276.9753687453049	-1333.009797704897	1629.3236834095264	182.51939332681624	18.010235250011714
?	107.83836800622464	-43.63076720796657	73.21762678657785	-0.011336895352087635	255.87823843177762	3949.890981223183	1366.7405229628064	1204.1761902295773	26.582410127612217
?	108.33856505786187	-50.40320894093458	74.09261205117599	-23.27377940509373	474.46991780646334	3472.9893959040155	1689.532492921005	6709.259414477752	11.703301341581863
?	105.31820755917792	-130.42257604719413	72.05393781632317	-176.6600139141088	429.5277082269778	6621.753693200972	1702.2034936866928	3247.1638624902175	9.073584174319315
?	101.81743625550219	383.1326343015106	65.25961135547058	-56.18244509826033	805.5576024665107	3842.6022932887213	1851.8906860455154	-2083.366207199513	-0.19316398788277245
?	124.47483927425338	720.8742157970931	69.24481556141016	219.8561868986254	621.6578228914132	-8747.133575858397	1598.0351833267175	-17363.38928175486	3.679067982572108
?	137.86114704535672	193.12162387583965	76.25242070040181	60.8760641341609	368.2009236735924	-6202.428981169736	983.7212219577755	-6234.92019290179	19.137386217851336
?	134.13092046804533	-531.9616240418388	72.2886187681182	-307.3203044205239	311.53637383292744	-1816.6664628990209	1286.289173681629	13493.214794397089	16.189604077633724
?	111.26306584326487	-582.2550304717098	60.886405479375675	-194.5383820927692	277.3676005286417	-1446.8936308872242	1658.3819616776275	4011.4323375620875	6.350850055599802
?	105.01816894445994	169.00894921380856	62.56169966347977	290.74798505949536	239.1916922885665	1669.1029533610358	1486.8607905597328	-4842.047231888222	10.811222137285284
?	119.71351330395527	212.7199687761088	75.42380473235039	215.62363665429265	360.82274819669317	1243.6827922186187	1416.2796000832172	-5219.254764516536	13.961576517942287
?	115.65416738326535	-95.18032576996751	73.34288149619437	5.128046837200789	301.3758318994972	-1813.8868167276685	1225.898052333907	-3371.2177409501855	13.486029005117683
?	114.95449701545691	-123.28049240647361	75.68020707421043	9.482167842999763	270.12840736031006	5668.6362836037015	1247.7187130357086	1992.0236586711487	22.269958854475362
?	109.49014276294169	-363.29872587534555	73.81698988834435	-359.7472823964641	584.8076460796813	7357.563883802806	1325.499235267464	6807.23152072803	7.198757992472132
?	96.7895607216897	-2209.8028552588416	57.69284295438729	-543.1949024392169	638.0066015504491	3476.3785543445065	1588.0802890721088	7849.6252843553575	5.3311373191786595
?	-1	182.92078596969512	46.657244766383606	187.4165750138014	758.626573796906	-1777.245894058337	1717.9804994852304	4968.541308670714	-1
?	105.93560002017442	2051.718702118569	67.06367170507733	263.52331887112064	549.1443068475326	-8200.69528418701	1836.5073545056437	951.1674044900508	6.218653676432415
?	101.5859351059281	-2138.712000403496	59.83341070993959	-332.58506436105625	348.59180958755695	2327.917065390749	1765.5388697097328	-2619.029523055592	7.0481320492122315
?	-1	623.8728029366936	50.43441848702457	262.047340557396	665.5401601170696	-1154.5531759759997	1705.5558783528645	192.4085003655416	-1
?	132.77957525276267	2669.1895176735525	72.93577773780935	428.63800643443494	290.8641507887572	-5713.336853459952	1775.1592947280099	-2104.6055354664604	12.705967060329396
?	132.45947588367716	-2675.591505055263	71.86631880874624	-115.91978954544841	379.873317444073	12211.261032746763	1600.3256015795419	-333.93345040096057	18.961612289833848
?	-1	-2669.1895176735525	67.13978826053695	-630.0858775939857	901.4272024260932	7487.219739662454	1758.4626222079619	1422.1710858652618	-2.3990667010638274
?	-1	2359.011359047625	40.36202492904707	-99.09623471780485	754.2343044271944	-5791.501644244936	1671.4341558728047	-9277.280247293644	-1
?	116.95056795238082	2293.342600603588	62.18497652464672	556.3608489920335	611.8521202138475	-3796.9437940977264	1294.5986098432813	-11513.274405383567	8.101492251384975
?	113.667130030179	-2359.011359047625	68.18006737864864	-61.067610665648225	564.3871147223088	6404.7330948180825	1095.7704356036284	3909.219858746847	8.83143769227133
?	-1	-2293.342600603588	59.13159599136432	-479.5821099199321	932.0887749547504	4268.937815478324	1490.059602780623	12977.567140648025	-1
?	-1	0	44.20096188265212	-88.93795640998209	777.8340054962242	-1946.257499597034	1744.6487926360273	4747.261691688954	-1
?	-1	1602.8714774054404	54.68469817086523	358.66850086546094	834.7758999748991	-10381.635841272237	1727.4226873650698	4953.095005995582	-1
?	79.14357387027174	0	62.13438692592511	84.84664769844643	258.75221343261416	-900.1184750889943	1992.3035429358056	2749.2516246895825	8.48684426243173
?	-1	-1602.8714774054404	58.92703055578754	-49.33033190123172	789.7699762204495	12066.492056041869	1864.8852685995485	-5674.396272364326	-1
?	-1	0	59.66787033086353	14.832362616494432	862.0768162347054	1901.5839636111605	1708.5837293175903	-3001.646273139869	-1
?	-1	0	59.66864868661226	20.804388243696156	884.8491744010072	-6678.01395587816	1714.8029549425555	-5906.029586201487	-1
?	-1	0	60.70808974304833	-263.64829529251955	528.1761184407985	-5415.171403222326	1413.282250007517	-6078.89241122611	0.7885119544298258
?	-1	0	46.486233921986326	-495.4654809602437	614.0906042398918	4096.51383352833	1410.858334381251	5259.000945120202	-1
?	-1	0	35.934815695036235	-54.61205375519901	733.0018101172143	9009.477035244998	1676.232297263526	2519.6656072905716	-1
?	-1	0	43.755631234226385	284.08688114101267	1064.56445600214	8784.763971350867	1536.8416147457792	-929.6447010585767	-1
?	-1	0	50.13915975208682	216.87625747442516	1172.240008684756	1215.1934589558912	1629.7500622105974	2113.481664687341	-1
?	-1	0	54.599444107947605	194.5361224904907	1125.3241289499344	-3900.443191450952	1642.515697980146	3996.623926548264	-1
?	-1	0	59.86596587661132	102.20819614910775	977.2178491122091	-1843.8449622987785	1829.58125853801	6469.215717276679	-1
?	-1	0	59.709853915402974	4.860568528490194	1033.1318808349959	2891.6427079457244	1965.9764838439787	2354.6612186305892	-1
?	-1	0	60.10899430303583	-63.13172295717345	1121.7999845094948	-1584.2872477397407	1947.314319469539	-1555.2008128305042	-1
?	-1	0	56.55326776754431	-159.08237233605362	953.9175184480091	-3076.084391456613	1888.2164432024538	-395.135314972064	-1
?	-1	0	52.154875686233176	-293.9638346121622	967.9957649366647	-4175.372304145243	1927.5575537209359	-1560.8575513429296	-1
?	-1	2444.219556270222	41.855076036936254	115.55149591062231	745.1489032407477	-10635.767633163565	1810.1735656353076	-2163.1089081162404	-1
?	121.21097781351067	2812.728842707133	57.93245048176427	636.4983082770791	436.20738327848835	-9340.70651279943	1819.4021083151242	-1523.5332875890808	3.741932092257439
?	139.63644213535616	489.892105914382	73.6799914507901	371.4236104310675	278.1135776007779	-2740.483268114869	1733.9969012558538	-4111.444187559201	12.386697241805967
?	145.70558310922968	106.07888575990141	76.50363100331758	120.81455921812463	299.1832198727454	1874.1532519593725	1613.829898937165	-271.15736734275384	22.103163240139857
?	144.9403864233512	-66.57777310461678	79.72071941169631	82.82472009742749	371.8212401987462	2608.36371805122	1720.4390328887162	3605.394424492537	17.727424028575413
?	142.37669445399885	-152.52814194004313	80.64486700818894	-186.11504576990777	429.6014057753059	1682.033043331826	1794.099620161791	-478.1765357914554	17.786802012911977
?	137.31397932634908	-2867.533889079987	70.41496712320095	-351.7988632514794	455.9228923653372	8757.58258505236	1696.5302060991435	-2291.6954996636823	11.312616823288725
?	-1	225.1791067771037	63.05492384561503	-85.72946346076522	867.4805350279223	3919.672304495481	1679.5148451786074	-2769.5310366701287	-1
?	148.57293466520423	2833.903457132818	66.1284939501627	336.0799409677207	651.9065075901106	-6424.109472313876	1558.0536542656375	-4791.287890124344	0.11194319183666335
?	140.6951728566404	-487.6978428064501	79.858920894001	123.7412818593886	546.2750614122297	-5455.8175660870575	1439.950450672391	-1730.355613733729	12.301125383740603
?	124.18804252488181	-405.9754182797752	72.31555804313211	-192.80016385168392	379.11562928575864	-3847.9922133962023	1471.5358735789514	-2687.1469641992285	6.445457140581453
?	120.3964019426517	-114.72510018111832	70.21891270141684	45.5271621999272	353.87545074242024	1158.4551543873756	1305.5931024624301	-3817.4501581530967	9.665437187958258
?	118.45178751582591	1633.0448318972649	74.59191615312847	-148.0668807791872	437.0383870051272	-796.2473858645291	1280.6633656712972	2135.5463729104245	14.748764985353702
?	202.04864353751466	-2389.035750316527	62.81556866245751	-280.2230480191906	314.06308144919393	6843.106910829981	1412.370421107951	2074.5138623833946	9.813576614155636
?	-1	-1657.3397648964142	60.580763752168984	146.29733223263452	779.193732546625	1086.2332388636837	1384.3890587904666	175.55560874710926	-1
?	119.18165529269424	2440.9371254024995	70.13043527408921	327.25244896988943	368.3747433923779	-5907.657701798593	1421.1482015453064	-4574.631019968963	11.737699048761543
?	121.04685627012454	-130.73763429537323	76.9433862006634	-13.947382925864332	483.8108474566964	2909.803734406407	1155.6575077920193	-2002.5163429572729	11.950187729050619
?	112.64477357792549	-2440.937125402456	69.43306612779598	-183.11564999964497	513.8649301127003	6839.227602092098	1321.0223843974413	10348.062500044824	7.470401105799428
?	-1	42.02304967569742	67.78760370068102	14.636762809602791	825.7722275613062	762.4634944160454	1673.0606327942678	7053.407562487441	-5.162496718204153
?	114.74592606171039	2158.58122820098	70.16490426827613	120.01439180043548	551.9881048335031	-9111.154552320875	1673.6927625218184	-3854.3425608947155	2.9450814803532355
?	106.92906141005055	-216.57595116278378	73.78832329070288	92.72717557943462	370.2144999452559	-1503.102809536089	1480.3435047495293	-4745.836875023848	14.579562506705935
?	103.91712850357105	-158.76985810896687	74.80126304724793	-104.4898745689755	476.83296435669763	2697.541798501983	1436.4009187706226	-1800.5112411657153	9.612865965803303
?	98.9905685046021	-2098.342570071391	68.56382956225403	-656.7172163169255	505.091589870357	3307.501465121621	1390.3179426912423	1198.0019901205526	6.143079863995307
?	-1	370.995797398384	41.965402231401185	-99.84984678853735	642.208037612781	-394.69481406999085	1496.3010182766511	7368.014875698063	-1
?	117.54035837452156	2268.0085988581486	63.57133722282709	657.2552981389424	485.35684916685716	-5407.844729344237	1758.7186864761507	3831.0121697595423	3.578066273235854
?	112.40042994290904	-106.47236985258891	74.82816713834878	166.73661867590715	371.81580114556533	-4356.825240334587	1687.851626764631	-3252.4037079152495	12.606093031180892
?	112.21673988189204	-168.10393119361197	71.90816815662257	-240.61307570283518	267.5155871501247	-2852.8315931948046	1596.0985010803859	-1250.5418467911481	16.501025684355568
?	103.99523338322832	82.71203649023245	62.797513353206845	-79.7161424844495	229.17422148582307	5306.08034058675	1625.3245344250727	2012.839110837302	14.407548082842832
?	116.35234170640372	872.8337742222207	67.92236103240003	338.5711334242949	532.819604179466	4029.1553155307083	1696.7404566222524	-9273.2480791618	7.16113823271808
?	147.63692209433998	1029.9071776753065	79.72607002442183	205.20637095317076	430.63198726236135	-1504.900647526861	1161.6621304669761	-11126.917279214464	15.237124504975577
?	167.84770059016978	523.1638370989037	78.18267958005872	-304.65813812079455	457.57457180312184	4856.294195798689	1140.3945926615213	7299.100967482051	16.34960275523982
?	173.79511394928554	-3376.9540118033474	64.49316311838189	-369.3641664155392	673.4466970522992	9594.802186445746	1526.6171788410838	10614.491419217866	12.354052325739143
?	-1	-1016.9232788210045	59.714471259281495	69.85169603679665	937.314681125416	-4953.050164443805	1671.119163622422	-5956.713401596837	-1
?	122.94895000823459	2123.1755579654405	67.98574792022177	108.73399890457436	425.79418883010544	-9830.790515521194	1228.7815087612378	-8672.84217906723	8.331562764754558
?	105.15877789827353	-92.48849230038229	65.15117120451029	107.47401535326038	445.7751553493493	2354.558799322852	1237.4770546690545	-6643.0560301943215	12.21661091337375
?	118.32452539321541	510.8908343006696	73.35944868788486	265.32813840462575	543.5221287962497	1933.729336640541	896.628707251517	-11162.258269542386	11.174443150106972
?	130.70331961330737	69.83667715529904	78.41757812474177	-280.63147005124335	542.4616221813777	-1993.078362803002	679.3641411919273	-1253.9839471381292	17.352904686395203
?	121.81635925098041	-2634.06639226611	59.3278751853225	-702.8750585978384	443.8682106560982	1806.0302237043577	833.9295098946096	18866.439775657618	10.680139003038892
?	-1	34.98086243535546	43.27382519484935	256.98624928861824	632.7631333665969	944.0714407455928	1622.6861299748216	2268.177176895617	-1
?	123.56540237274821	2366.7910010038577	72.17718764975359	420.76079359963813	491.0717826933785	-234.13674686411363	947.3383687393921	-9173.077223662342	9.511771764428035
?	117.33955005019457	-2491.308047454929	64.31186487483156	-350.6223384143108	621.056296023391	6677.735653054404	1164.032268791698	11926.239052277919	8.597318196680426
?	-1	-2366.7910010038577	54.6460707290378	-614.9974960456286	824.9585653461035	1471.6050153597412	1543.6503213532965	8713.799821769115	-1
?	-1	2507.9915119210114	33.56199007254969	77.71607890764261	694.6365467913792	-6680.43558522449	1599.72225988016	5174.984557740821	-1
?	124.39957559605236	2312.550237055745	58.53187467441999	803.8913732473338	490.9367860848742	-7649.054438912984	1802.3995492403412	7203.937019275756	4.964414281452395
?	114.6275118527889	-276.8288886407365	73.75655873491695	191.8499729896129	312.18382484572453	-4099.9348138566875	1959.919110843953	2499.626400056246	16.114615328019386
?	110.55813116401534	-2312.550237055745	68.12437332390077	-624.7045861430261	285.9400453920369	639.9565124141429	1927.3808692431553	-3075.9154474803945	12.042360645122331
?	-1	-85.23042976901472	42.5213294277652	-246.26579716111456	344.18165046643213	4400.4427452921445	1806.123338469931	-7383.647738892923	-1
?	106.29660967556454	2033.7330205939418	55.81108346584487	565.8246889341527	505.96218265664726	4814.899686224211	1558.198482298504	-10727.318860327212	-0.7725465643352821
?	100.68665102969854	-2145.9321935112603	70.81256387447324	91.45063502196449	584.9266347776461	8533.93423419403	1269.7573954535628	-2419.8734859800034	5.406850754521679
?	-1	-2033.7330205939418	60.383615216943156	-56.3851869019391	932.6588943663548	6725.6538378305295	1437.204807999502	6878.7658577619395	-1.6560343357777132
?	-1	0	67.99330452937625	-361.7566522909104	921.2093266691774	-1444.3401297152059	1613.6956883416647	5252.844707642933	-3.654609912434686
?	-1	2363.6162312342294	42.29578260239738	-323.8976832027543	860.4418878805935	-5919.082686590821	1699.8470433816524	-3404.0537912133705	-1
?	117.18081156171314	2377.2462018766837	51.7984203692383	609.5786919393727	625.2551923396321	-7932.90689471411	1443.4929987809937	-14293.46313477476	3.1298886115343016
?	117.86231009383587	-2363.6162312342294	72.77471719936645	87.9853211512125	463.7965431448824	1215.7636238541509	985.1738866429042	1026.9891817156522	8.70141190081881
?	-1	-2377.2462018766837	56.19768642679899	-465.79283056473025	686.0433735323405	5617.488480946884	1494.842457866777	13052.463646710301	-1
?	-1	19.999999999999716	49.48507567112961	-1123.9537285359638	744.6709671922306	-13720.867470646615	1637.7970689784286	-29896.849157335117	-5.91744132404666
