rowLabel	avP	dP	avI	dI	f1	dF1	f2	dF2	h
?	76.63401246060008	-20	53.27745994787017	1026.4823045864734	506.08405544395265	9871.039262633956	1850.3788041653268	34441.50313034061	-1
?	-1	-1552.6802492120014	51.32411522932368	13.878071556320037	493.55196313169785	985.8862330760906	1722.0751565170303	-3204.370051547953	-1
?	-1	0	53.97136352568617	91.18315899508599	555.3783670977572	8408.871498272747	1690.160301587929	5863.289468730598	-1
?	-1	0	55.88327317907798	51.650199779248155	913.9955380453354	11088.98968791657	2015.2396299535603	5684.438176863606	-1
?	-1	0	56.55387351464858	-58.86227058852528	1109.8278514935855	-8713.749951382513	1974.3822104311093	-10440.704677738378	-1
?	-1	2951.3101269255094	52.94015964965172	184.36967973432803	478.30804047620984	-11210.733076595177	1493.2043960666415	-4246.67606966878	-1
?	146.56550634627544	2943.835647726186	65.77235750136498	364.72190051783264	549.2911976638268	1181.8551874238144	1762.0484069476704	4784.470156949884	6.591746706225115
?	146.19178238630926	-71.80512735913966	71.17625467554335	120.22159712705903	537.4007998474006	473.01083020407543	1732.4279039141356	-2531.9032638329104	14.465842810744519
?	142.97524997831846	-78.00329708296034	71.78343735771793	6.599774237017188	572.9417391740305	1042.5769908204236	1635.453243756025	-891.8965565869441	16.13557811558458
?	142.29161753216124	-33.09331500391182	71.5062433873942	-16.100040648230166	589.5296493884217	-68.95703606487815	1687.8330760847884	-1174.6190861636298	16.069269599787006
?	141.32058422812287	-40.770241879134765	70.97843532530642	-8.061308385222496	569.4938873707866	-878.3172886531057	1576.7222894478434	-3563.754474832082	15.662874772557922
?	140.2531054382045	-102.4848518894145	71.10317796813308	-52.07368208040601	545.6137849557664	-1389.9192748703717	1509.6453523431842	-2732.0132160794287	16.418718318640693
?	136.19634163365214	6.726117387477751	68.37475122128612	-226.76953774062932	499.997923627268	-3390.5560058841097	1440.1216286438719	-1176.7832066939343	7.206397167147519
?	140.5894113075784	57.94317226709206	59.764701081101606	-82.87269459395155	376.08598466156076	-1490.0658545821657	1450.8061920084874	-4591.384344098625	-1
?	139.09350024700674	21.022844674928916	64.23111649158854	199.67369919221096	425.49463089815964	-805.4575285282003	1210.5524114389405	-5918.243129734414	4.804630974524922
?	141.64055354132483	102.11023834202356	69.74838604071216	90.97678190391085	335.8131082351507	-1946.6390540315836	1154.8940355217665	-3822.723285513315	17.711000690182097
?	144.19901216410793	8.632255283783927	68.77995558678408	1.5689366977102268	328.1626781965804	-589.1164423407605	1019.4162471632745	-2477.892091899555	13.002704095260295
?	142.07216630551403	-70.30044670483272	69.82683287559767	33.76958372746881	306.35728611811265	-661.195369331619	1030.9994309267886	8184.418739877151	17.47384817817082
?	140.6839898288663	-50.916041090476895	70.46843477315753	4.90454977926134	295.1029097299994	-299.52790487491797	1428.6371841571324	13246.305867976096	15.49560990756505
?	139.52636425099018	1849.3187892656922	70.07206036456074	-40.97528418049001	291.38089087436674	-238.4917336872812	1693.314724325594	2378.1983429094303	18.086515448417863
?	233.14992929215077	2859.2868801162713	68.41967056413303	-165.82656364651086	283.17832304563535	-114.51470559146618	1547.5471013026038	-3800.6138277052437	10.10705041692016
?	282.4907082568039	-1241.1066422011731	61.78073218223519	-90.09968063124438	285.6551555947934	-167.33270737188022	1503.2840329403316	-1319.5202210593868	14.394716459559806
?	171.09459718209206	-2721.6977082163226	63.914686532570805	146.60075279127398	274.81168767704133	22.17273721816239	1481.5710902496344	-5627.127553260207	11.481215343718354
?	146.40582284598764	-187.0765361780745	69.1107698217989	184.54339776466495	286.76379245570155	3024.27568303745	1221.927655277321	-8639.849184238025	18.489864732362435
?	161.74077037318833	603.4207808062371	73.14185642080406	164.82475129971462	426.02547182891396	8439.221765564802	1049.5786310377327	2068.5829940215017	10.872386372694036
?	176.57686188629953	420.1572715070519	77.35200738678464	-9.429553831880062	708.724880733942	4803.947170781574	1325.3568049783962	9629.320945483192	14.944564894414626
?	182.74863394854094	-206.1322006554637	72.67037872921006	-233.7166736882012	666.2228303679929	-2765.3914324163134	1531.0446783118928	6933.3571327539385	14.538963718655651
?	166.27025185352633	-357.65294113260234	65.66617370237456	-165.32501515414836	570.4553091131262	-3136.0259379851623	1672.0246616160935	5379.8241928766765	7.566815000628535
?	164.8659868919108	-38.21498393583507	64.40412797150263	64.698459143224	509.4215334687346	-2470.592724568098	1800.0358879557268	-5783.588010481925	5.78407399717454
?	164.35950265673458	-566.047945727786	68.90109665953577	-135.41292718478192	446.92567288472117	-1597.4903917038362	1382.845261091997	-8653.056716357956	12.49552312372185
?	136.56358960552149	-3307.1900531346887	57.63348161226353	-204.25017674568036	429.5470138835427	1244.558855297688	1367.3830521378286	-108.3385638995559	-1
?	-1	66.41730872692386	58.68858782225174	181.96551240459027	509.1536156496056	4201.723365496983	1377.4283328970191	492.4842773132509	2.252863107645261
?	139.88445504186768	2755.6988069667514	66.73175723249305	105.0486032331958	639.6331821583921	-456.2943724375505	1392.0072660034912	804.1002152727372	8.491047982020936
?	136.7849403483377	111.4048539496189	63.941017983911536	-10.234879658647165	486.3388970277281	-5188.068536773141	1417.633343660656	-46.20859938884219	6.591441504639266
?	145.45469773934863	187.37633003800664	66.2200132495607	102.78791044206676	380.22975531973475	-940.55280944197	1389.696836034049	7871.278368309292	9.31300655295854
?	146.15375685023804	-187.5962033277845	69.08041350601488	34.83940403439075	439.31125655562954	-923.1346248400147	1811.197262076121	5635.4311208487425	11.213442131911599
?	136.0748875729594	-156.43906424578844	67.96198345128023	-26.900996759029542	334.073024077734	-362.15500304885006	1671.4683920764865	-4906.598417303039	7.852377475495824
?	138.3318036379486	-161.3155228202531	67.7353636680634	25.644567572699636	421.203506403187	4361.786867443123	1565.8673412109688	-8181.617847292516	5.926119130294212
?	128.00911143194674	-192.98526673775353	69.24421182991522	42.333305703357915	552.1623674498903	-1281.4119671663627	1262.3874997118603	-6500.764813060649	11.380153987866485
?	128.68254030106093	308.81251793770895	69.8520289532313	42.88561414186561	357.1329080448688	-5241.154528723271	1240.829100557936	-953.258248505407	12.301701506984026
?	143.44973732883213	493.9392601111894	71.38849253700849	1.2694481475773545	290.1046410137277	-657.1380189260766	1214.7245872865901	9051.920264810824	16.09318975875727
?	153.3795033066203	279.41996752056053	69.91550136061017	-92.30883328786068	324.2760070985651	2007.432388207782	1693.4251137984756	8746.178886369302	13.20743564548017
?	157.4207357048601	-146.23847246324027	66.77305087261547	-121.51806609943833	390.47626042411645	1144.8854375270953	1652.0335316050537	-6536.860449872816	13.24912758745467
?	146.06757968345832	-522.7670237699489	63.83959805563827	-49.449255694112146	381.5202789749197	757.1486291410183	1366.582091304836	-3235.8274923315616	12.240093087401648
?	131.28238451636275	-426.70253325356254	64.30058808790987	45.53414771320464	428.3336918811672	-219.7034316989626	1490.2421569884762	5053.77354988017	8.41439912327832
?	124.73245302078027	-104.75871065934578	66.1163054412985	39.22242754313842	370.5351073899716	-2968.131972691629	1619.2707687988436	975.0407159924987	7.456231521572713
?	126.04444898339548	373.5206183543041	66.26170946506679	37.36037697500662	279.9270932465863	-1234.0413184022575	1538.994192788101	3345.914434020363	12.87538291239195
?	143.4084839384954	467.0968415097189	67.98432429004882	-15.81556308035465	308.8330414698589	751.1997114789486	1786.5664904998612	6327.044493825583	12.696222365840248
?	149.39929105888135	-251.38897743611184	65.47093131104906	-240.47924766764453	317.4870788205336	-377.28602856730186	1855.346417479379	-6768.798479037888	12.642303757387483
?	130.83903506668986	-629.3281101398839	55.960361906666634	-65.17885088878509	289.9687400414939	3592.1434882963495	1448.126566547968	-8825.506513354962	-1
?	117.93288555188727	-236.86506302597508	62.211988766609814	168.40457690481773	497.09425323535044	4714.9699038414665	1414.0710918116324	-1489.4653079105917	0.0691024728903672
?	118.99578191539115	-52.87168465265542	64.38059075190749	-81.84193613240822	525.7172352335664	-2443.2994246351627	1373.6533011524386	-488.62357745119147	5.495853861200715
?	115.2893013192545	188.25297685455052	58.11989195998942	-1.0392387723192125	374.92928200359273	-4682.713743758413	1389.639912939073	2829.595504395321	-1
?	128.40843075811864	202.12864391476174	64.32862881329153	175.5627421120372	291.58154804564657	1025.097611122367	1515.1330763722042	9706.719415332362	10.26140268654849
?	125.39573351499256	-2588.168615162382	66.89802906559125	-97.23340389231032	426.1841625597109	30.591134866648527	1874.9758837056893	-1059.9744125504633	10.745641207805134
?	-1	30.712154826720845	59.46695861867603	-107.92041140136173	293.111104788979	-2157.6802489144957	1462.1343557446812	-3350.1061434817057	-1
?	126.9313412563286	2502.4164588090343	61.50200849552318	185.1905354181765	318.3001501139865	-527.660114163743	1707.4705765316046	-2539.045911907815	5.068999951363232
?	124.12082294045126	-3.809801806567079	68.72648538958482	161.73159006007936	266.72809908079194	-1139.2313739633182	1335.182060149291	-12789.575008201327	14.476596961095012
?	126.74085116600024	-21.88121415318428	69.58858799852712	-68.39053922899377	261.3385814158208	1919.4388393296845	1067.9918261215405	-2649.788425126904	15.772547664745352
?	123.02676223279205	91.54024199447524	65.30695842813515	-30.3019481347469	362.7000410472758	7838.046277027026	1202.6926388929462	6715.273464252492	7.768639009379944
?	131.317863265724	140.8244922096835	68.07349059178978	9.491499106514459	653.2408952671707	3028.321283069551	1403.755499334164	4750.6585198452685	11.580974681992453
?	130.0679868432762	107.19243523224729	65.78153338346087	-38.55947061936589	514.1161052007528	-4299.404231208925	1440.2255648852088	300.0936974222679	10.58893877854349
?	136.67748502733633	34.97067449327813	66.14551706082149	24.999433711988477	438.2706837067252	-1254.8379815487328	1418.7601842052773	5212.902974486105	12.156958354832533
?	131.8165205679401	-228.27448898380308	67.03150506906029	5.68961556804654	451.3742061233164	1848.6535791782646	1700.8707136095131	4765.53802735525	11.96083208691136
?	125.26376057814622	-207.02010338262073	66.42999783922382	-82.00001356367766	530.7033626656381	-87.38947117355255	1657.037085573039	-10882.215580138043	11.90011557354885
?	121.4655153988091	-2525.2752115629332	62.93150439087642	-162.988896485123	447.0047325646388	-3927.719616870244	1156.759934602613	-5497.1595882987285	11.883837179882505
?	-1	-2449.310307976191	58.280553014967694	-22.83124476074641	334.3173818221266	222.42643751551861	1382.1791061581034	6007.740171857434	-1
?	-1	2425.711785416841	61.7899421528391	81.12018015448342	458.1260544404147	53.39384077988276	1457.1469431954836	55.65591588341269	-2.2243261447924043
?	120.28558927084161	2611.3328419190816	62.33656202269185	84.34048891628522	336.98707386112073	-1819.7384174706845	1384.961901952274	3626.779786694614	5.178956891934044
?	129.56664209595363	688.529968193398	66.00696659865335	131.20569631004645	367.1391335668808	2302.5077626891107	1638.4859325302136	4778.283693353132	3.9243907998285095
?	154.7120876805114	526.4942691237316	68.89684683819415	-125.50770717364828	452.11246199557587	-573.4918323671443	1623.8760866199298	-283.1695414910847	6.388655172868352
?	155.8913555521401	6777.568153467262	59.73158123997096	-204.7603005556944	338.4645419485237	1582.6015598654158	1624.3274554556594	-396.7604503483622	7.804213969949423
?	493.5904953538733	-3137.8271110428136	58.65883181040947	-47.37826932766953	531.2425399888464	4383.949459770103	1604.0380641025117	1325.3699077491049	-1
?	-1	-6700.566933691921	57.36266777358749	217.1590329840682	557.6620149370281	263.11439259193867	1690.5959508431145	-13134.564738301904	-1
?	158.56214866927843	3142.226448187808	69.51678345961284	191.61172066144428	544.3982596184433	-3587.854919683108	947.3098271874188	-16037.84200552356	6.314159254011195
?	156.11132240938983	76.99071781884952	66.94325380665967	-54.611724064394785	378.2692689528733	-4971.821507547309	888.7038505669393	-918.6530544605249	11.053756599538282
?	162.4116845602209	57.277717738379216	66.78619725639311	-4.122516283329119	295.8071842410787	-1524.0287549366744	901.3771744643927	3271.1529382646795	9.471522906833025
?	158.97520829630878	1122.8867825003636	66.73712799249321	-87.08405355607656	302.06783120603984	3348.0154259920205	1052.2614974801727	13357.649190299446	12.607041420081483
?	218.55602368523887	6476.987745010945	62.4319945785893	-95.14101241546888	463.2079555406791	8385.810345821328	1569.2596339793627	11581.359261152944	7.192708720591119
?	482.8245955468549	-4391.120473704793	61.98007737171979	-51.189587996485855	721.3583484971048	6111.37522544646	1631.3294605378178	-174.01247600962114	-1
?	-1	-6798.198468641617	59.87251517876501	0.5147838055678751	768.776716813001	-3823.1219061495267	1560.5590101788816	1220.1188161898788	-1
?	142.91467211477521	2613.5322969763974	62.00581656199818	162.58498876694773	530.2022531896291	-6485.917492215746	1692.3354013473115	5755.060630998343	1.1661114926716016
?	129.6766148488194	-289.55298160043515	68.00176461711237	139.54330339290271	444.4808422022149	-2998.770708872817	1848.3120417287978	-1915.8112370284493	8.264689548869615
?	128.4370230347535	-70.53222829538325	68.98298173164329	18.58011930777543	380.2637177459888	-2611.1342133814037	1596.5448394958894	-4560.516697584842	7.945124959242719
?	126.15000343405026	59.929532936232235	68.93077058250114	11.376957765369054	313.92413153314516	-2129.18291268881	1620.2862068495565	-3161.475431450542	8.38927914777092
?	131.4334996815651	57.47042469935557	69.55182961991174	52.97058989750714	273.8045721115487	1840.5815118390715	1438.4710679233629	-4143.310141460171	12.058815391381042
?	129.02352466901803	-121.7826348927882	71.57930007737649	-3.0817701395571473	405.9532071250984	5794.762854869754	1413.1206997765487	4433.017272897466	9.91011223724835
?	125.34436793692572	-71.64089136796432	69.39774111293389	-103.46583928564067	563.5427148550353	-1979.4292551270464	1660.1219315682354	5125.643775138847	9.720690520170484
?	125.44148010061983	653.288409219619	66.40600811309447	-102.22642672633648	306.98174436874643	-3181.0133815762856	1669.40288853349	-1627.9558401134375	6.816592270676811
?	158.00878839790656	580.8030369398936	64.28641977661708	51.812786723873685	404.49204577622163	344.222845870362	1578.7241395625638	-2457.345880558714	9.98156803917821
?	154.4816319476144	-108.62677960862395	68.99664744928815	156.4092310007797	324.19288666226447	-1802.8365372924663	1546.5355945055549	-6796.468777783195	13.120981606485113
?	152.57744941747538	78.65556628859991	72.10688132665604	172.777669295071	314.35021891159863	7175.696537743828	1238.9007006734053	-3712.4572918031386	18.348923794962477
?	158.41441026204438	159.17390234367986	77.63553091404167	-9.653043232737593	682.9777135494546	7752.235705745086	1360.9127299153986	4438.542040523209	13.73119599123343
?	160.53614453465934	25.236712217846478	71.62422916501916	-418.40153125856864	701.9620041988516	429.08530891079334	1460.827802699565	1348.619715747259	11.238954081268776
?	159.6762458729367	254.63513226207886	56.71545435111331	-158.45461016727086	704.4319789949942	-3534.0656161814027	1428.3437157027613	-2550.1208652068954	-1
?	173.26790114776324	418.1354138608808	63.701498656655644	297.9299272862368	525.2587233897821	-1552.6660244819104	1333.3217594392206	-5312.00324995431	3.917272954030418
?	180.58301656598067	-152.5480353732905	71.6119507154251	29.40320066302643	626.798677770899	-2247.1451511300747	1162.7435532050467	-3055.8436990602577	14.538281421175375
?	165.64049937909874	-442.7744975470175	65.17165868980696	-181.41496935295032	412.90146583327873	-4197.822598141682	1180.5295744862083	392.20128098303263	6.22851459538281
?	158.44429168862987	-322.8468925206721	62.54120224777761	31.529073406291104	416.90754786381564	-869.9823873430258	1182.3536172541983	5924.21814385639	1.877077524755491
?	149.4981547530652	-445.9870692496655	66.74811236012151	57.186071343436204	369.4023464661276	-1544.6865136430686	1476.7404816790267	7581.225163429544	8.52212279527281
?	136.14493822614668	-174.0634864445105	65.40050581494941	-17.420556965849475	339.6732221816625	-124.14734643381097	1561.4148754256742	1546.8777869397454	6.643634937415493
?	140.7949804308397	136.2874647066666	65.87708451182904	89.13579392373922	363.19497914443707	1522.691537534448	1554.0843710260137	4873.211142192253	8.67725313566108
?	142.95931146147998	-18.310272984559283	69.85729551113636	-146.8599953994643	415.8077990583846	-95.3763391828162	1805.075432535286	2897.0402924654595	10.719744557540187
?	139.87946678161174	-2879.18622922961	58.53408474185585	-221.32562052252916	358.4261621852963	864.7615742485058	1698.9363856492862	-3324.494885573088	-1
?	-1	335.045433047896	58.79101448500994	181.94858643597522	459.04587777080974	1065.2349056651012	1638.850688256632	-3997.8614174102136	-1
?	156.63173843400648	3185.0852181445734	67.63151406365458	282.6181945518279	411.68790746855115	5375.988314732984	1499.0433147787762	-2533.0566947895068	6.094496147163696
?	158.25426090722812	103.27563555205623	72.92192421260128	95.33264287092044	727.845293507458	6216.850069644695	1512.1978535171572	114.93444476240298	12.545912425655143
?	161.79552021160927	27.772203713001417	72.39814620720058	-97.58736051875337	722.5304109507848	-1584.04997130801	1504.7900370168963	33.12389457552411	14.840688043586761
?	159.64287109287818	-40.66754786235791	68.04255618666363	-292.6338491883238	648.6427949420578	-1529.4905769748593	1513.8540482459334	1867.161709822519	10.729002501895852
?	159.76214281849138	-3212.857421857575	57.766453747784446	-207.38604054457983	646.0558821020421	2958.8524734870784	1598.148122508022	2556.358285311494	-1
?	-1	-3215.242856369839	57.67325415943468	-35.6529914765113	796.5854186164112	2381.1042441222976	1641.6719625115077	2029.6540866436117	-1
?	-1	0	55.98380417395889	-42.79632657741616	765.1110943081566	-43.1555179142221	1699.6308268402022	2853.369059304674	-1
?	-1	0	55.53343783056388	36.997025868512864	794.4276427207001	-1350.709144130051	1784.3404154767409	3002.0729214101143	-1
?	-1	0	57.833655467384524	46.14066428359197	697.5756371016543	-2419.765370255263	1849.7344729107074	-1692.6183059035898	-1
?	-1	0	57.84047104474347	-43.260090303885775	673.4393742079374	20.92960886456702	1699.7095001815617	-4804.311066988588	-1
?	-1	0	55.67065095219024	-55.437225466490275	698.6221175448826	-5134.714877330512	1609.5189195612788	-5035.66794961388	-1
?	-1	0	55.06860977141896	22.379494128129316	416.7036303414127	-4380.413237831095	1447.9261027008686	209.34143335630853	-1
?	-1	3077.6652303800915	56.789625658596705	274.81881960599463	479.6014556533286	-959.5838463735333	1619.9859912290942	4332.920394561986	-1
?	152.88326151900404	3125.5732491727817	68.80955075171865	387.0367142996576	368.7244380227362	-2711.2944336074934	1664.572122428967	783.5687184091812	9.069057400203572
?	155.27866245863854	181.35783407778214	76.14146137357952	136.43065101262826	344.03673397295444	1903.2510216612081	1659.1644271495531	-1202.420098700063	17.449150738424812
?	161.9511532228931	198.90655712839148	75.63108330235004	-71.1816213976638	463.88698910579626	346.68989584501116	1604.4511174939641	-3354.282642385013	16.475071496573182
?	165.22399031505807	238.5256405526897	72.58238030369634	-51.1923507659812	361.37122876520493	-2641.260233687072	1491.450295030303	-7883.594960896727	12.062997579043854
?	173.87743525052755	380.89368226013073	73.07146576405098	2.1046824585167276	331.82397742144315	-342.86314286394605	1210.2713694491292	823.8557151025345	14.163310181213394
?	184.26867442806454	402.6978805182651	72.68761442662218	-2.9375703765902124	344.2280716220077	507.7803672906243	1532.6430807854297	13118.320922389941	12.436791347692814
?	194.01232927644074	223.65810764177888	72.92458724522147	-0.309078145431273	357.2129957859743	571.304047256385	1866.187415568624	6209.664096352498	15.381927133085412
?	195.45157981015345	-90.06491851596455	72.67216051935061	-8.831949932894109	372.79327398482684	1261.4680618329044	1843.1262856030535	-5151.35824014561	17.92904345345539
?	189.50908335064253	-465.82009275416334	72.48298974857677	-75.70273138246732	420.28639887761926	1125.2169503872126	1608.6195035613443	-11396.300324809412	15.137442426089928
?	172.16057517244536	-628.1877989342848	68.88702395022726	-103.82216083181314	429.05412150418726	-1411.4529970340861	1273.3112693625849	-7270.391741679094	12.247237655714029
?	158.0996934039284	-367.5940478765314	67.29188170698613	89.51268962764007	349.7137490259152	-2336.984025148143	1245.099916477391	1135.4871133094907	8.835613654021737
?	153.78087277861886	-261.68786081339454	73.36265843160925	139.3791069107552	312.20492024678055	1555.7162150456813	1330.0856250280592	12602.291927535844	14.854314967147783
?	145.01530036325872	-161.64779535288915	74.26083705252387	-131.50303645119425	427.499559778199	1268.7877154938985	1875.2145128541808	10237.743221638842	12.353353576537419
?	145.69848301097443	-2920.3060072651847	66.78750660904956	-296.77752328693464	375.64430602147524	1302.6386326717738	1841.9727861099996	-5672.788694641601	8.485213169623208
?	-1	518.095805814204	59.42196088817719	93.19267023054498	492.63149141178747	1461.0188994819357	1591.5750781221018	-5984.5131434653995	-0.9728566303815309
?	171.60327330168454	3292.158638646925	71.44714012057679	186.09802944578144	448.69525099557177	-1127.3183457013245	1542.7471289367306	1805.6010212413203	9.103507130159063
?	163.60793193234565	-3452.065466033703	68.72686236046623	-123.64953371372921	436.26557412672145	6272.696177473258	1681.8551291841675	5751.395422307202	10.602012415595219
?	-1	336.4744400402839	65.26466343489035	-81.99585305172377	762.3300598692335	4427.426115476514	1830.3169000520897	2435.899913339935	2.2883241826569316
?	180.4316539343598	3573.4747355293525	64.62706970788005	49.35151890942439	657.6368799005463	-5908.662168613725	1803.6501248511638	-7203.3970546916435	5.034626908074584
?	177.673736776467	-289.33619189956335	67.73223938036156	-189.79465638202197	466.89695143854834	-2254.5004671058987	1470.1470473175089	-4371.075730078803	10.567070179334475
?	165.96484433938167	-3573.4747355293525	55.13733688877899	-230.1429555066495	544.9118565452518	30.642528536510664	1585.0963383472244	3009.1518568071315	-1
?	-1	406.6238885978393	56.22509160502913	311.6991599748962	468.42907786537387	-635.0406620550984	1620.6046401578649	-600.4306101372162	-1
?	186.29603876927357	3307.0728300712253	70.72229488752375	220.92429913293196	513.159823442497	-685.9582035022369	1555.0748078403637	-660.1999748011145	7.55315227454604
?	164.35364150356068	-334.7008221952263	67.27130656167569	-206.4376910726742	434.13116769026215	-2977.7980884875915	1587.5946414178093	452.9284715314832	8.010650162167503
?	169.5609976595123	150.3409036572509	60.40041033389007	-129.6657003894764	364.26991901811795	3960.5479699384277	1577.7212314169378	-2947.8120537264626	7.519659975473141
?	171.8706866864232	-108.70763551294696	60.78802154220189	153.51175492957748	632.1585661871828	761.7265693556662	1440.2040387314867	-2807.3812542883215	0.847791878070643
?	164.12561588386498	-193.53245802196636	68.07599808036892	-23.833929012773552	402.3562474859011	-7158.27624520085	1437.3521687025222	-13.417120246954303	8.569491831146133
?	162.19406378532491	-3302.5123176773113	59.596325091563216	-163.38448094486253	274.2447539271416	5737.218697694902	1439.533182719139	5162.588496585713	-1
?	-1	222.76977416553643	59.90677403312582	109.1599390268713	689.2171823706452	1553.5175963839945	1695.481593531807	2400.9568557488587	4.531447898343306
?	173.3325524936017	3317.551471835237	65.05432204290676	200.53773154165555	351.920633746341	-6573.750278257954	1559.5810255065815	-1356.4652236220402	4.814707919996587
?	164.87757359176126	-192.46486428756793	69.93366061020856	156.85833549778124	360.5296684577487	2972.6582361101205	1627.6583323507052	-3331.074402676484	12.278282019452371
?	163.70930927922333	-264.5782557272086	72.8972388177958	-51.41121571100673	500.5535455518465	318.19640079600845	1393.0273053727578	-7867.7201414359215	14.594841639310411
?	151.64866080540088	51.97958482622444	67.36309982465824	-94.90364699596574	376.43948849754906	-3355.266203978693	1234.2723252789106	-4275.995286652885	8.828829214783386
?	166.30828852053455	559.6618999902662	68.15205646799753	69.65910229072217	332.7902353529125	4486.931754165396	1179.2275410401144	8182.5654468284	11.6772771413976
?	179.6317558049141	410.75785911344303	70.84605493919433	78.06563227232459	600.7860762058181	4695.60494231099	1643.400597620329	13728.604478516789	7.982369427900136
?	186.84618147620662	118.76864042307872	72.05533808161374	-218.38060202401655	567.5704824684611	-3861.7743116432007	1865.6577649659514	-2124.946389400651	12.823677266766378
?	185.570187826068	-3756.923629524146	59.92702483799354	-298.31085128961496	407.6973606236587	-664.3416337806822	1537.153278150297	-4002.1557598884697	8.214806752267101
?	-1	-3731.4037565213735	57.139795517133045	-7.749275448094038	534.3534007794272	6512.457779444153	1665.5499769715286	795.5410147760068	-1
?	-1	0	59.53956106558884	25.087518973421314	733.3202495958652	2435.464421890251	1576.9303288890972	-894.4539792179271	-1
?	-1	3059.2484327250386	58.394171465804106	53.02134316418195	656.1266218739393	-3599.6433729716673	1620.8272780106324	-2210.029247866349	-1
?	151.96242163625138	2905.12409622193	62.19062822379793	264.32333886309476	553.3380809472825	-2038.8336420477713	1466.42886649578	-3101.799792518211	4.914350381326887
?	144.25620481109598	-267.0185688661267	71.6103384089588	194.880551777925	554.1849397715511	-5.95445913803362	1465.7372883847224	462.4889768382007	16.47333859208836
?	138.6114931929451	-185.09248494027096	71.93465581269415	12.870012880716034	553.0403579903808	-246.75697202969664	1489.55331533769	71.5036661113744	17.13157023100005
?	135.0015805640823	-119.77838627650726	72.2538390529946	9.662071033024949	541.847091170066	-89.12260518014465	1469.3124716902912	766.9599319641411	15.751090678261264
?	132.62257387911964	-51.26814374527823	72.4177593643454	10.411934240656672	548.5842277313735	96.59515146278498	1527.9013119358976	1667.8922024514704	15.519754440964883
?	132.43817337681836	-32.32087118652782	72.77443576502745	-27.018957477097743	546.6768487432054	-992.0783416317108	1552.707081812866	-1065.488625067181	16.144658950235474
?	131.00653031979323	-47.58639547282531	71.0668114904905	-150.62020238693592	498.98031064978727	-4204.187417476265	1474.6268806825378	-4141.194909856781	14.437672625406273
?	130.05885360317706	238.4142053687987	65.24342564568055	-161.54441163915845	336.46747786938914	-2295.0896693295854	1345.647336320024	-965.627995587556	12.347612560762057
?	142.92724058823333	515.7758784893822	62.989590908532456	61.34187425313937	384.22582718330636	644.7237614110553	1426.3454809031593	-6356.12069400912	4.13361553249428
?	155.84764752764653	147.4929297804643	68.31051935833756	57.52570675339758	368.70366593994237	-482.58018115424414	1027.8413016195634	-4732.642220379572	13.218104961036408
?	150.30188707725665	-139.31484268144885	65.86587624620238	-97.85244343406237	360.0968181255938	-332.53036546733694	1189.7133698841774	8366.93996144068	8.754639549900757
?	148.881905393574	286.03509560004215	63.41789718663437	135.7993026178156	352.0771476665753	3106.282629122335	1446.1882996916033	7329.069207533321	5.974078018798477
?	164.60364185725896	292.66341108232876	72.65584137709325	122.36249780434247	515.4109495817128	3935.487550155276	1556.1668302608487	1481.2953275570515	12.790673484342157
?	163.51507594769063	-119.90565513093088	69.53602207685158	-233.94161298149862	548.8515251743419	-995.9465954341199	1520.253066069457	4173.198352471441	12.358587318535951
?	158.60835910071233	262.8754252738198	60.958760728018156	-47.9969246178685	465.61361981000607	-1171.4064828882128	1764.8267478844236	-3652.1772089112237	4.548145565749453
?	176.6588472113818	454.2743349790411	67.13617584595812	154.98677291248038	490.2812010299304	771.5758794246317	1337.6442056238932	-959.9386611523232	10.165961655303082
?	181.3220758496647	73.85420616192116	68.70809937364228	-143.35304397858033	504.1924137812382	-2347.8942201213144	1716.8298148268068	3963.5694718814357	13.474517177393707
?	180.35155751947792	-1828.7722688012839	59.968523647029	-247.50166986766789	372.886490023863	-2784.8311670612543	1535.8226792179678	-5885.710026841346	11.35423538689361
?	89.88346240959922	-3627.031150389507	56.33301588025871	-91.77055614332215	364.9508554281735	4851.833490060876	1422.5443134847353	2313.789279845577	-1
?	-1	1338.6813543941369	55.37999583986283	168.75000818353544	615.4781645269103	11.704341714043782	1651.5121432102483	1651.6485691323753	-1
?	156.81753012930702	3043.713259194053	64.7705162894356	230.67303829717915	365.5360725138757	-3737.855703189139	1505.1267419413552	-3794.8816535363317	8.224183517180109
?	151.1856629597048	-163.4639906263123	66.91364775472195	-26.790329328538764	428.5853793674507	3158.0769103178177	1461.768060533429	-3185.915995346936	10.968873567789817
?	148.64433059799129	69.9137745371145	63.43099982300865	-118.87578521158447	523.4399180297688	715.3780115054918	1345.8309421740062	-1277.1970965287846	11.913680433338193
?	154.6813516865606	344.96073752627376	60.96985849414264	124.64387923791996	464.3542799427258	2505.0146617854475	1397.9082057069888	7366.354398315475	7.206257693504786
?	165.89236747430522	277.554752927253	69.66319378490474	95.90420786056376	648.690651119043	192.97767147633363	1714.1486620897851	3301.008551751614	10.67992705869805
?	168.55908933292343	-125.11515777822005	65.7650688871709	-198.29867099983178	474.0031635165426	1718.360936043335	1562.9586332945719	-2830.7768356230654	11.358589755845685
?	159.63660958539413	-3391.1817866584206	59.748260234913005	-149.57305817547578	734.6086979212109	4107.862346360549	1572.6098203086299	2169.7576551828124	-1
?	-1	-168.5055176874106	58.286415978397	-3.4867079369615297	679.396280834573	-6445.173729361066	1671.446516053714	1973.786409307949	-1
?	151.21133370102348	2980.481101400115	59.573924838064926	99.20022917166877	412.35001145315306	-6069.094886933124	1671.2991407740287	1604.073039267837	-1.9945659064545525
?	148.02405507000788	-3044.2266740204263	63.24642743698051	-48.219383061748744	375.94153648791246	-144.52207192060337	1751.650168017107	-5308.739195657901	10.243918182058822
?	-1	51.46096966304112	57.162955684977454	-106.75648084325762	405.1239078571228	1164.780242082624	1405.86218099113	-2464.302204209372	-1
?	150.59710355315997	2941.6594158635276	57.908603394817554	162.2900800128117	434.1805485920445	-1986.468094611745	1628.4350578066367	1781.2077479388902	-1
?	146.08297079317848	-69.08613071929055	65.27745968561816	178.54770135722578	305.8005031265341	-2642.5484822731664	1494.9225683880757	-5392.569676238346	7.751159611823364
?	147.1427970171954	-120.60111514484105	66.83598846267897	-16.436867015782234	302.0531244783843	435.7750432816528	1358.8065739947156	-2228.2768829955194	12.591882420420873
?	140.05291503593634	-81.377730928437	64.45561633482903	86.15908511573272	327.5892552906171	7532.8749799536545	1383.508724238298	1619.290940390674	10.552864599450198
?	143.07391047077348	308.9444890830608	71.14394271846567	118.99698600777499	678.6968734760724	6826.615189628829	1439.7711210142504	2129.3381753534245	9.618723293564209
?	155.5001394900896	409.0770684615119	70.40546563521787	-84.57890404841514	668.9200147720634	-1520.3679062829076	1489.9756330059708	-174.32933489396626	10.597485358268639
?	163.52776389384937	135.20564417142032	66.91499751604485	-58.58967881576435	602.6784781619259	-3436.229758204597	1431.054654269552	3367.9541389409746	11.489603677851186
?	162.2604216986607	-194.66875573111858	67.4759816944296	38.81373163457455	497.1085268618311	-2525.266674043333	1658.373339953022	9859.416030166654	9.075937571676967
?	153.7943261072933	-60.95871508275336	68.8556840977736	33.328896410089705	476.41514445975747	1458.3509913329895	1924.0254557778917	1397.6825351044165	8.476512654627763
?	159.212485944523	187.6092746913169	69.14242651493412	-3.068470496319221	570.0260764284816	1870.4221306224538	1728.2574667082438	-10771.964021683245	7.529159074331387
?	163.17478984185928	-3184.2497188904144	68.70226057295764	-1382.8485302986626	569.9362509908815	-11400.52152856947	1385.4272546937218	-34565.14933416439	10.343790953884453
