rowLabel	avP	dP	avI	dI	f1	dF1	f2	dF2	h
?	258.23686347647987	-20	53.85217962342764	1236.8429476780684	811.5614359431285	18726.944994152167	1591.9876171628277	31936.451415460433	-1
?	-1	-5184.737269529597	61.84214738390342	225.16885954409034	936.3472497076084	6891.1256016457055	1596.8225707730217	-32.18210822426954	1.6181465822707939
?	-1	0	65.11062260063216	80.12312380138863	1156.1177160254138	6269.205330196085	1590.3785117516143	-619.874320272156	3.843378757086087
?	-1	0	65.84830357397286	-15.27357567160863	1249.8075162174127	-3670.281652643583	1565.8288547594138	-1033.3244570309355	6.201025876438762
?	-1	0	64.34694381705172	-150.19689414516182	972.6036333932347	-8754.215428677533	1538.7122889000675	-2823.732437384038	4.267014015744497
?	-1	0	58.33845886671477	-77.54082441715313	812.0967447835362	-5024.5324155155195	1424.642232890212	-4386.273700116227	-1
?	-1	2160.4537800505436	60.46990259619407	304.76061526171827	721.3770126174587	-3996.207546012275	1319.3986038942562	-988.0602861021773	-1.98965390789689
?	107.02268900252716	2150.358562712345	73.57648962980068	301.2168156039342	612.2863674829225	-1877.4108754165177	1375.2392185851031	1243.6189156573803	0.4724574506163096
?	106.51792813561723	0.691373150560537	75.53074337639077	17.234831828164662	627.5064688466329	509.3517994740024	1381.5795496771252	901.4562725893395	9.393152645464511
?	107.05725766005519	6.115274519429763	74.43823122120891	-26.916123693895322	637.7539574566226	227.36724949352498	1420.31203221457	446.7936247973104	10.912918610466749
?	106.82369186158871	-16.91273146368927	74.18493719169601	-8.27002841461023	638.8748313213091	872.4956386880141	1403.9192309169907	-1323.3250940605092	13.507655269276082
?	106.21162108687072	-63.148907219576756	74.0247298004784	-4.779853844032114	681.3787393910234	-186.00647754819403	1354.1457775115446	-4902.5297406380605	12.479644426189655
?	103.66624650060987	-129.35101430705134	73.9459444994944	-57.308084178963504	629.5745074438994	-1462.8063028105803	1158.7927438850875	-9072.459892166577	8.661016696742346
?	99.74407037151815	56.35740344975796	71.15932559153022	-52.621244843805876	608.2384242504943	-445.5248524394934	900.5227829032153	-2674.525616747958	6.31913220770654
?	106.48411667309777	268.6800100453269	71.3148822573041	2.1042851572568093	607.2982648219247	-1196.087508359634	1025.0664630476895	7845.308148981496	11.040075846829833
?	113.1780708737845	55.81669751533378	71.26453984939306	-55.41215065287924	548.4340488325125	-2641.107676905468	1292.7881903522905	4255.011903414548	13.722986805764469
?	109.27495154886446	18.861831670567692	68.54427472466014	-79.62781552136129	475.2428809766512	-252.78530187237698	1237.817058218417	-53.68455437353527	11.346797116766789
?	114.12116245731289	391.6274534171341	67.28314907332499	184.40610998767863	535.7947837388937	-2147.9942651570564	1290.1039626336137	12412.695342017252	5.383803469400208
?	128.8563242197212	283.92597303538685	77.76458022404408	-21.11872558610825	367.84316771879827	-297.05080759395486	1858.4518253192803	11249.037510829048	7.4267174178383275
?	128.31746110908225	-2597.1264843944273	66.22721279401958	-385.3609729565755	520.9422433591959	17276.05191514414	1852.5558381750666	-3756.290437524031	6.837350635728677
?	-1	4725.032893790168	58.49653157621533	-200.03344772352034	1231.645763476004	6679.9429686808735	1670.637303443079	-5037.507697948149	-1
?	364.56910579859084	6647.192225025328	56.22554040784355	270.8866839044831	854.9393917932399	-17238.268568389387	1600.680453277659	-3665.2238365538974	-1
?	331.3596112512667	-5074.339116524609	72.0408657714395	355.30326445827905	369.7323350565338	-8311.070777092855	1487.376111615384	-2247.056159055358	3.0640342638888067
?	110.85214997236018	-4513.714596767366	73.99070363075752	-97.27847284608279	439.38585293859677	5449.479322069425	1488.327645324891	2074.772193517204	7.314836691016838
?	105.67388141289818	-2237.0429994472015	67.17694212913536	-98.77990485715506	642.2063011600053	20177.983053668395	1591.1147212912442	5502.077479025497	3.7076554442206824
?	-1	366.43057124814413	69.05170838789977	128.46670018798324	1448.2850056220175	-503.0328446970675	1763.431519276166	1336.2555312457278	1.3190840259883105
?	123.9954099753054	2410.848024246512	73.60027713853452	111.5763901701472	617.0546589251519	-17798.54498018807	1657.9274978535307	-2935.3456071287446	3.6688216269783327
?	119.5424012123257	-223.89163177920588	74.63052789640713	-80.66313189354013	558.3577566126131	-3592.5274957314914	1616.6642389197286	2355.3198649490855	7.379356382446747
?	112.8008283863451	-253.49519887698426	69.56712054385751	-179.548881674538	437.42828413857717	-3468.518046740534	1775.693491100985	-463.4828755205759	6.141607744663092
?	106.86764126847648	-2276.0165677269	65.65308381268022	-0.04308404543252205	384.93185427558626	11714.919254127277	1593.4900951436998	-3483.8858719744226	7.334927828266645
?	-1	8476.703640372058	69.56496634158589	183.69297263558036	1023.1742468449415	8655.916291296448	1601.4991975022638	-113.24773237793114	4.602942061564532
?	530.7028232870797	10633.629267469607	74.83773244445925	-78.03083559427158	817.727668840409	-7801.468541159467	1587.8277085248033	-264.35107708639384	4.584044901796219
?	530.6814633734808	-94.01661682153181	65.6634245618723	-158.1422419664041	633.1008197869678	7424.8941268389335	1588.281643647944	-355.77483155934226	1.9286625081392634
?	526.0019924460031	-167.27440440301265	66.93062034613904	129.0820774773788	1188.972375182356	2716.603550844177	1570.0389669468361	-289.4721227898205	6.3947085358030336
?	522.3177431533302	-1324.2837167291452	72.11752843574125	32.505072530336435	768.9309973291768	-14286.444262775687	1573.808037508453	-322.3019295536912	6.833211134959659
?	459.7878066095458	-8275.424675880164	68.55587397265586	-161.35445284008526	474.65016204357113	-6750.475003527561	1553.9238704691516	-6590.785328607716	3.2998421694291555
?	108.54650935932162	-6998.452751678713	64.04980579373698	24.92117320002192	431.4072471527984	839.5560119271707	1244.268771078067	-3838.198370288475	6.002200785609003
?	109.8651690256098	-40.50398440417691	69.80193263265696	23.040948041295884	516.6279626399297	-1219.4674179607136	1362.0139519547276	6208.355884365823	6.3044047914746075
?	106.52131013911277	-2217.303380512194	65.20185319580178	-122.09232584199088	370.43387625476265	12978.35541875193	1554.6865652963584	6551.843059235097	6.833307851242429
?	-1	375.9828092891893	63.69731634055741	94.77076177903405	1165.5457335775268	5321.109906826964	1689.6061049164828	1711.6486624716133	3.361327652485858
?	125.32045060357217	2350.4849508576017	69.94039128475346	205.80625590985068	636.4893715961099	-15145.48270178909	1640.2689984199387	-1997.3908268126686	5.179533222863369
?	116.52424754287968	-344.0888484746993	73.9876291360499	-66.38348092927369	408.271598488075	-3558.670461186034	1589.7365635758497	-3623.1823078780953	4.415902575045671
?	108.11600817983727	-56.85572446598562	66.62121723828979	-35.98983896776771	458.5558485368088	4827.527911017177	1459.1098830260346	-7387.740736148452	7.442174576002751
?	113.68146131958041	73.10694020617572	72.18813718766153	64.08736623396032	649.647994038933	2741.769563667471	1220.3495267684284	-7910.366160254081	6.8777431942981595
?	111.77135519014604	-2293.629226391616	69.82558554998779	-286.1875968889713	595.6443267201819	-1059.7625189175112	1063.591575013332	5633.384488509557	11.880481657366099
?	-1	-152.1661514859164	57.87875734321301	-129.12664291387944	596.6598680930576	-2731.562848654705	1502.0187511939052	10938.248243062118	-1
?	104.16304761585025	2189.940351321667	63.36925340429384	316.3928286604627	459.06618428744713	-161.1321257095875	1610.503987166436	2744.286470458547	6.139943376696662
?	108.49701756608297	203.32542292346503	73.69839877623609	251.3764460569897	588.6032618075783	7270.112523062135	1639.233074716832	-255.32758509753967	6.7455028781687005
?	114.32931876202346	3226.694231731886	75.93807570714328	-45.401175265859756	822.5718104405526	1529.137179401815	1597.737607911559	-3189.4844133522315	6.265709210463614
?	269.8317291526767	2801.812616182752	71.42834001294311	-388.2153924592583	665.0601207776688	-9464.273720331783	1479.758854049221	-2035.578903384051	4.006645660539295
?	254.41994957116057	-2341.2141609254527	56.52730608418044	-113.48472796417735	349.3581244239651	3218.4769193100283	1495.9586627423569	-550.0972776043701	-1
?	152.77102110640448	-2218.6623232271036	65.75410361473426	316.2166551512925	825.9839667431696	3318.6609760298497	1452.2539901690027	-8070.204434417021	-0.051860866596413535
?	143.4868334098058	-534.6632480475616	72.338138841745	-113.98165599276209	515.291173225457	-3764.299300737666	1092.4484410215073	-1314.3742412822578	10.104987449349604
?	126.03785870402649	-2889.736668196126	60.05502081509618	-307.27061650529305	637.769001706287	5441.349021166383	1386.53527810489	11218.629481817974	8.205833024382084
?	-1	868.5712561703272	56.97460801648041	279.1114372399804	787.3586242837752	2357.38466311885	1653.379915112404	-1898.3412516821522	1.564896667129537
?	169.4664215125427	3347.0950632732915	74.01059267709515	369.39947113860944	755.6382348622291	-1683.6404369055995	1291.6182155207828	-5830.53212682002	5.053127790281172
?	166.354753163664	-309.27227566515506	75.44458157341082	-137.74530296414488	703.1766024384955	-4483.0673256494565	1361.853308771404	1240.5648506279974	17.320883341434396
?	154.002807729285	-3347.0950632732915	67.12332752888793	-344.0636002490184	531.4848685797571	6010.254272092962	1353.6464580521824	9382.852057308175	7.3298981612604655
?	-1	5414.226280814641	58.24140156095996	104.33653145415585	1003.6893160431425	1059.6877057648264	1830.9959116368111	7616.046500449324	-1
?	424.71412177001605	7367.960590735907	72.3401541015957	243.4629076061546	584.4692538679982	-12661.427603779424	1734.4487830746473	1408.8831336759727	3.0380968450051378
?	367.39802953679407	-8514.282435400352	70.41454694126765	-208.24960295771578	370.6179358541735	5388.338942379791	1901.4400683206095	-98.07405167487595	4.102529861340584
?	-1	-4913.479210158236	61.92767395370995	97.12855982986162	853.8862009869868	2713.0195246404155	1729.5450804909035	-4701.5670875124515	7.194139966098161
?	121.72406902888315	2432.0720144525317	75.27097493276071	159.5476516765622	506.2689120861938	-10012.309338107863	1666.3617139449877	-9052.23280866299	4.018871507516875
?	120.60360072262614	68.43452875888796	69.90505653753803	-10.475988655967436	353.2707340815953	690.1975674455653	1276.9334400577557	-7338.2770273439965	8.542260377722126
?	125.14579546682754	143.37283880051723	74.74717549996234	79.56044705996447	540.7787904584719	3712.436585417898	1299.4478625777892	2232.8695567623467	9.240234720999514
?	127.77224266265198	168.63078555461246	73.88307889053624	-48.93070850140549	538.8925633524896	-4854.267919559392	1388.5769178958726	2225.188393024899	11.925829269580248
?	133.57733474455813	176.58740598054158	72.30064007489207	-12.09446130281269	298.0653944805032	-4498.887145699315	1410.7072822290338	-894.2085188662381	16.221596184477878
?	136.60161296167902	39.47448587347665	73.27835582539561	59.38765905418869	313.9482060675246	10165.449292946552	1343.8664919525609	-4054.152542947796	14.32261096386311
?	135.55105903823195	-120.39190442387834	75.2700230276015	0.22106173199119972	806.337859127829	7588.206643774748	1207.9996550816447	-3200.7565816957026	8.828718223007693
?	130.58201774048513	-246.4853517912144	73.28940891199517	-83.49435411095386	693.3585382562607	-4726.083507495083	1183.8286628677763	-430.7900833445289	9.664983743017682
?	123.22679144867128	-288.282723727276	71.09530532205382	-69.72986196524683	570.0336837530757	-2816.5679122029073	1186.4601509144184	1476.5475493864649	15.43817730290703
?	116.16788155412138	-230.5822051406872	69.80291581373284	-4.782289771118843	552.5301426461158	-349.8787903893243	1257.6560403370993	3011.9679648922984	16.56765421829212
?	111.69768119163696	-183.09219098491874	70.85619083349788	24.63068970437897	552.5397442336096	-569.305235688739	1337.0585491590327	1111.3117675411506	16.522225411032462
?	107.01327200487547	-180.94237173678815	71.03445029895178	48.26387186656308	524.064880861679	-1320.7024045276764	1313.2216287141566	-1578.2410894016277	14.167097672111078
?	102.65056260479759	252.46992677840444	73.26938442682602	63.235165231004316	486.50462400722597	-1088.0228154864885	1258.1464946889516	-803.8118921851702	17.262600849741737
?	119.63676834379565	3309.8014421272264	74.19620856050199	-97.89709181098891	469.6637400873547	-7.424739098540867	1273.0310341048983	1116.0148361354225	11.970790975113216
?	268.1406347111583	2116.5709365134194	68.3745298362766	50.04543086237096	486.13338705229893	1118.8458876428813	1313.9472364957226	-2723.03336425473	4.076450626823526
?	225.46531516946624	-2890.1164553109825	76.69848010362053	182.2623490695154	525.6060344694986	258.1999272837809	1136.8793658921622	-4357.0829031314515	7.803056260306837
?	123.63481194560971	-2178.3690035975146	77.48764728975233	-202.7914920706577	499.0433834164879	-3207.769300118148	1096.0930913391508	5890.149275333891	13.806630654316034
?	116.5468649895909	-2492.696238912203	66.55890550008768	-431.5303235092295	365.21756946359176	2711.189487951672	1431.3868296588557	12622.530278296772	6.934093760042607
?	-1	1026.4055227621566	55.91113111429093	140.09138049671543	634.6028578140711	8075.420091006205	1727.219605253987	804.51941904835	-1
?	167.86714112769855	3417.5276633085955	73.56347452492342	475.74112927696757	768.9885740139006	-5407.098544162009	1471.612800611273	-7667.796152770952	2.7771515661550583
?	169.87638316542916	2905.6558201374564	79.69818757813923	-145.8794331087338	364.2479306059716	-8455.039812682502	1343.8297976154408	-100.97176526485818	19.67275623241163
?	313.14993213457086	8390.117367543431	66.26950286948676	-239.14695222164852	346.23658337977696	11644.65312035818	1466.5642123480302	7020.422006348233	13.810106958925013
?	589.3822515425992	5410.784387660016	67.74083996705684	24.357090012908685	946.4805866238786	20027.874706610553	1694.8508979328512	2992.5105966766673	8.82734481123626
?	583.6891515175707	-8925.632465852399	67.48735737013219	80.36029058034387	1347.630318710301	-4595.336246338618	1616.189742181863	-2567.30467950204	4.853001346022933
?	143.1006282499808	-8981.64444989148	71.75885449607402	183.4146040261434	716.7137743069485	-17311.52230448027	1566.4856639577497	3580.7028634283815	5.054224025840905
?	134.6069290229983	-96.3538677550938	76.65808757143932	74.2349301730843	482.0542034862907	-5888.81436615471	1795.2248853532815	6841.05283158088	9.731915019803086
?	138.2829348622261	140.99826449055678	75.47060100472822	-35.29138784389188	422.273055999214	-994.1346721209289	1908.5383055367924	2785.626110278723	12.214668225957706
?	141.6568422475261	7.225303199447834	74.89351817924474	-125.95268056609187	432.34746988024443	-169.73046814951718	1934.5061908672171	-1979.0565153353443	15.908919902954384
?	138.6442000221985	-282.76529232413753	69.17296697642365	-398.734007700522	413.7865325917382	2977.133553262725	1809.5854797700256	-3151.7607205492254	9.681349250610783
?	127.51857763131927	-2792.88400044398	54.95681779421871	-187.54463088040774	581.2041475433802	9064.54513229552	1776.9181548397564	-639.515326994026	-1
?	-1	-2570.3715526263945	59.7957354324033	257.63493491139576	867.0137892065126	12459.893409595754	1777.6097134203244	-1393.955123205838	-1
?	-1	2275.2989356481635	67.83856453978845	250.747130775293	1204.1988180231656	-5621.270453051831	1707.2203986794648	-12478.014519803422	3.7171277632158897
?	112.76494678240776	2304.5271989286693	72.3330919711679	165.9944274338645	585.950266553922	-5538.346878594115	1153.7089874301555	-9813.547081075161	3.2076927775893678
?	114.22635994643305	13.131406752946805	76.13828591148165	-42.74559374345032	927.2814740934608	-2941.8113488313406	1216.5430446257085	3339.8230720207885	7.070556542702607
?	113.4215171200551	46.15972276184652	70.1958122839954	-9.813963741408465	438.8596991123555	-6429.857390481302	1320.7001410311943	4813.984637303664	7.96516308765011
?	116.53434608452537	136.15827909162013	75.64758772441122	116.15469873817274	605.7886045693969	7630.4089273524	1457.2422764908908	4655.760406604189	8.688234599039827
?	120.22943107463608	11.22081468298806	76.00354722090401	-209.26885832012363	820.3801454799741	-2226.47167088562	1553.488161361403	204.30151928152628	11.259676992750133
?	117.09538681867477	-72.76900636925998	65.18414480840508	-310.29066944235166	494.46502102511624	-8862.945603582362	1467.4573524549671	2833.041017740412	5.638909977893448
?	116.5909807561731	162.27149939386152	60.48901374878648	-32.30538821456673	377.23286530085755	-4095.8647605544156	1695.140212248423	5237.6175011077385	5.62988395877373
?	125.20896178836782	327.2184559793274	63.56887539767675	228.19935382637294	289.6717829973962	-935.657583099861	1729.3382275103531	3482.445415526439	14.577444967414584
?	132.9519035551394	138.4248865476092	71.89898144010509	235.40734332989413	330.44998614586467	5401.5413575472685	1869.2624830247444	-2407.6194622910266	13.198728655949015
?	132.13020611574825	-212.39595450558758	75.33924256417141	-80.20950997648185	559.7488508747587	1175.3932781247654	1608.9572543958022	-8789.513999385536	6.349153235790558
?	122.33210582986007	-441.64071693120593	67.88850594128101	-129.3831089138057	389.21965005210274	-4186.950515115653	1429.7867830554692	1760.858296062158	9.04299813488305
?	110.04817026918803	-335.0300398229496	68.87008711848115	121.77321972753546	350.4013251189768	172.3046037003832	1697.0001691989098	7596.531129680116	3.258779802389596
?	105.58060383871265	-2220.9634053837685	73.97716692765776	-330.39530026393624	397.83488023712187	54.385946627909526	1809.6133395394736	-534.1957615382008	2.792952643491451
?	-1	376.02755131002135	52.3503221052844	-121.56174164484256	353.12062245037225	1396.4650878673597	1670.2903811219999	-4612.443186018075	-1
?	124.38198140421365	2613.854116210216	67.89907984541566	421.09489022923265	467.6581346304896	834.1985792305679	1578.9911802385707	-5527.645094457432	3.1971832249729837
?	129.69270581051035	1591.8261875929513	73.40506661674596	-151.84649767607934	394.8305514119005	1002.324249048744	1393.9081263991293	365.3012646337642	9.92005970162624
?	203.97329078386093	-2613.854116210216	60.306754961611716	-385.8135296179931	517.7743470829266	5495.397560566554	1597.2562434702588	5354.445100666386	-1
?	-1	-1502.3348385603522	54.11439013584637	164.60750532981055	669.6004294402272	1120.9149509246727	1661.6303814324476	-6950.652804555754	-1
?	128.85654885584358	2457.387281815557	68.53713022810221	384.11060512333887	573.82009462916	-3209.918849912423	1249.7236032424723	-10304.29350933981	4.014653853649076
?	121.86936409077741	-2597.130977116881	73.31992039201325	104.9229960481592	509.10448694460666	12276.583139021428	1146.415705965459	11570.47731081936	5.594693945886283
?	-1	32.598635569566284	73.78328003051016	47.283909351632644	1187.6492515802292	5240.313512648465	1828.2474687834383	9413.444149180492	3.956673408294396
?	123.49929586925572	2381.259799498133	75.68411585959487	-8.523888706506883	771.120162577029	-11267.197712382473	1617.087913424482	-7370.9595115157335	3.9397304410127427
?	118.06298997490622	-183.47262823220925	73.35708559518481	-158.78944731160715	624.2893659611076	-7884.962789209826	1459.699493207653	-2821.407876248619	9.19627282277882
?	114.32566445764529	-132.32325632513542	67.74464349401454	-169.44344218238317	376.8720231165391	-4286.761297595697	1476.0175196120515	1007.9787203170907	10.964489770871594
?	111.44682715864947	60.70934611854646	64.88491348606569	170.58282548664468	409.9513010813235	5096.020808373224	1510.0984292235073	1711.9419622135836	5.203177507612441
?	117.3611317635726	86.40751119564331	76.27378476834674	101.89633984175067	631.6730635351994	1222.8274890059683	1561.6146177227304	1310.901887622299	9.829738226519279
?	115.76720271843162	43.177825468007015	69.9797304781532	-139.70930916508271	471.0926755316217	-6455.707908600117	1575.643523604622	1101.4547366047775	8.307808443010881
?	119.52002303697294	127.08025888793588	69.28831931009263	53.98411699986317	308.8876681051947	-1386.1246214192163	1616.687354552969	4427.513790880268	10.477456542691135
?	122.12121566282839	60.51106084584255	72.67893632814635	111.09775644069555	401.78644446066113	3288.34617879405	1797.0192131486347	5974.828031466143	6.26366115588434
?	122.54557607926506	-45.1981666835731	74.84320713212739	38.769597341646	473.3049770448966	280.9289296111193	1915.4287561262752	3355.4754804419445	12.087649885231913
?	119.86130732864974	-359.5870368751836	74.61741619522864	-125.1332272326947	415.83289094121704	-1403.0059466431196	1964.7929871707313	-2119.336530222175	6.301972003285934
?	104.56622423550594	-403.3735089856435	68.58654577049268	-253.02073862593153	403.15467971274086	-767.7334616695855	1809.4619296151668	-6135.164232392057	5.7095756255600065
?	99.69263187936764	-181.71969953059894	61.96637926393211	-214.22867040467827	377.4462178577379	-1679.4110106607152	1658.0347755511295	-5854.016184311716	8.610067162277636
?	95.48023925897603	4340.6499306153355	57.8751122502588	-22.260486688225505	319.1841291797054	14202.348794186593	1516.761120399582	-1701.5582556127372	-1
?	316.72512841013366	6852.16786991817	60.85335492952084	165.6087307760602	1087.563657567065	18088.11441246583	1572.956862770493	-100.88844396051208	-0.04231833352401709
?	438.08863275488335	1251.5255477884568	66.15554878906178	265.56818472569995	1223.5898498029937	-4361.949329127098	1511.7166982015565	111.57391299564591	4.881770432575738
?	379.3014057995563	-6133.549753334973	74.13176416580579	108.47191319365474	869.466191110711	-14436.97290711407	1578.5355584202753	1707.8867946751386	5.798989888114553
?	131.4111450881358	-7606.028115991153	71.5791444487445	-264.52586175906015	501.7412044472928	4528.820207730726	1597.111037935313	141.91324378081896	7.588888934896266
?	-1	-2648.2229017627255	60.90547107785283	-83.89610666892425	1095.9072014972464	15460.488318558724	1585.6312206093162	953.3024352795235	1.0448202586329982
?	-1	2603.803394792778	67.3843391152983	268.8522600376438	1274.7656203752263	-8380.925784206158	1644.776159699289	688.1202629079669	3.415123228181066
?	129.19016973963843	2454.6375885318485	74.34808407973497	-18.42540626475631	676.86091228694	-17650.505586433348	1620.0372337547144	-2920.0237978138616	5.032451117817143
?	121.73187942659199	-105.91011126031995	66.46306880206049	-65.09202363668601	392.24034105356196	-4128.917070225058	1498.7749698085966	-7501.758864059065	5.696159473984969
?	123.89466417662246	1003.9471195852285	71.09348289790069	119.41923754345069	470.41505877568784	332.1457622610206	1244.9492905517625	407.3944291297917	7.098306505984003
?	171.92923540585323	2332.2597682910027	72.434030679233	55.85862858330805	408.84762916661293	-3814.1748750788793	1519.144691265086	9762.946398641096	5.124472050439145
?	240.5076525911722	-940.8812222538096	73.88641432706608	50.53933306774315	279.70631502174456	-1784.640892188723	1733.0966104838155	11424.65335281342	10.820290795046628
?	124.88517429316292	-2330.8770801766254	74.96099733262015	-423.2737925879584	319.6155845571771	3416.8720755126933	2090.377358905755	-771.8834609519427	8.277148491707113
?	123.96379858234134	-2517.7034858632674	52.722724697668234	-499.25769018748974	450.5499187973786	13598.591432367879	1694.5024374362185	-8331.763077253225	-1
?	-1	-2499.275971646836	49.998112823245755	32.262595298236334	999.5451561755685	6363.798512590817	1673.7892050430953	149.75951335320642	-1
?	-1	3480.48724621038	54.335854462580045	427.24707473064876	768.7398444269184	-12092.13651957354	1701.9904131038788	5782.569428706768	-1
?	173.02436231051837	3830.4489938409856	71.36046655977812	368.8032257364823	394.93833019689373	-7709.272452427838	1962.9176764784327	6928.467302264914	6.311896167376683
?	190.5224496920486	-3480.48724621038	72.7760157494041	-399.86241214568037	383.2762218055278	1358.6155302604643	2048.4137782171233	-7017.9272685559745	5.820223723088925
?	-1	-3830.4489938409856	51.36734595249417	-217.45124774765634	462.8691067099167	15297.899518679813	1612.0213130506352	-8875.768810908689	-1
?	-1	0	61.90345336202132	42.02300434214536	1148.1711977395157	12655.782706995664	1604.6253376716904	289.35830455595	1.0243857636618579
?	-1	0	53.46849616960143	125.4117135138509	1095.6582420596976	1620.004807035831	1626.4892282784326	2750.0187358808494	-1
?	-1	11568.283182206967	68.17403903771384	361.55334035612157	1229.171438091307	2289.918057787949	1742.1262744657324	167.36444004666797	3.233605588642098
?	577.4141591103463	11535.53129207471	71.54616318740744	87.20623591880869	1210.1541449490946	1635.30730294057	1634.857450280766	-927.8470942335877	2.7034239498044874
?	575.7765646037334	-11568.283182206967	72.53435083365426	-61.22340484304936	1310.9368032383352	-4530.336928019172	1695.7339197540532	-617.8105469426122	6.589904729885271
?	-1	-11535.53129207471	68.48499294525499	-238.13265624912702	983.6372985481369	-3823.102206233598	1603.9669229336355	-1311.4756637403389	6.404547042873332
?	-1	0	60.62771802119795	-244.30207299158698	1119.781692926656	-3183.9087544994254	1630.1601365670365	1843.4069623965818	2.5889704849940163
?	-1	0	56.26988929567568	108.28830062248623	824.4418608231662	-2662.880897181481	1696.1372710534642	445.470284893742	-1
?	-1	9079.828224531166	66.04213305232224	207.0223126144724	986.6376480675824	-4649.63904046601	1652.4336508117235	-3509.963605338629	-0.6481946346308787
?	452.9914112265567	2918.096833028323	66.62100492639927	215.525009820927	591.9599087998665	-9799.865064611997	1520.6390907865334	-7663.9383279232425	4.745947044347309
?	144.90484165141564	-6071.175924653457	76.81838354336855	237.75673721710973	496.6443948369843	-2277.0597693706463	1269.2367344155628	-13860.354997583532	6.173818538455341
?	149.43261499388495	-121.03897816570495	78.50884178725471	-57.47950995081303	478.1069203313346	-6.767632284691014	827.6213409073592	-3101.7002471503174	15.697691788344722
?	138.8528927431304	-98.27644883500888	73.94440804582791	-28.365148509733828	496.30601322274975	-1134.9271022509226	1114.1517220580474	13040.589129691742	9.121187305290595
?	144.51879255213453	359.06333824983574	77.09058436176802	35.92756537902984	421.3605652187887	-1217.400294865889	1479.650797391944	12330.861072061638	6.440279065799063
?	156.80605965562214	249.36134542179374	75.7407863147794	-70.46856877800181	435.4359984794555	316.09044823542496	1730.694775661127	7516.872965931105	13.056549484774843
?	156.9868598232244	-3156.121193112398	73.56715592286788	-459.67195474382765	437.16508763056015	634.1571440038355	1855.4944456885046	328.89233463693006	9.696803098902276
?	-1	-3159.737196464443	52.75718857758769	-390.4755949378777	467.14385567964774	5466.571664532109	1747.1393923929738	-2386.829776908005	5.251145918827795
?	-1	0	54.04337617597372	341.253907284222	710.4936708571695	9681.146911892445	1736.1529568431026	-210.92919243118715	3.477315126878611
?	-1	2532.2738360374506	69.81988394179903	396.9083605043483	951.2012012742769	-4599.348325380548	1736.5929327714143	-4548.654565880305	2.6369548821555417
?	125.61369180187434	2367.884625741833	73.88879420119142	58.36906129886588	480.52625458813884	-8955.196084736277	1508.7202285490841	-6090.251468045981	3.7646638350635016
?	117.39423128709333	-235.05045165105264	72.73833700674237	-31.94136694287448	503.4413970374566	191.33756468747333	1432.080359369111	-2219.5473416789678	12.081856073677812
?	113.86116921932154	-106.8263842257294	72.29172585404767	-18.14100206369633	490.09313282251264	-246.60901203431868	1397.7428614651342	-932.4983625139979	14.441288691560128
?	112.05291207580679	-80.17170790773349	71.83128690355754	12.56721944992801	491.1109464357405	150.5657983275593	1385.4554412434104	-996.371665168985	16.583837694317225
?	109.85258382393481	-44.59467407601317	72.92008682654408	6.952857325381005	497.6214227388907	-414.4420222118297	1347.9242782066842	-1369.6168380369895	15.55698848311973
?	109.8231783720061	-4.937900170563624	72.1789297698266	-282.58523205882364	470.38884532514874	-288.5124647519108	1316.97459934156	2956.5463842717545	11.199622177519938
?	109.60568881540662	5618.278223464931	58.790825223602695	-326.12657437825976	483.19579950129497	7535.615679614916	1495.751597420274	4967.234367518083	3.7831639164188253
?	390.73708954525665	3702.3319775707646	55.872601050913374	202.31261877703727	847.1696293058999	3023.426850428763	1565.3363177174676	-919.399437134403	-1
?	294.72228769394746	-5144.104692349733	68.9064561624547	451.20492155566194	634.3671420227353	-9741.762813545061	1449.7816255635532	-2715.650574001736	1.1788904365595902
?	133.53185492776635	-3132.937170091416	78.43284712869679	184.78064466149783	360.0814886286399	-5524.992923015243	1429.553789017379	457.0992824388194	11.683783052531375
?	138.07542918937443	209.14125677506647	78.14548839552973	-47.71492137369808	358.1174958719692	5327.462522784527	1472.6365896854945	571.1619844951393	12.982467422601468
?	143.98891776651982	138.63191115806248	76.04710106001186	-148.8356490232265	626.45461476787	-91.40565459622492	1458.1118882421363	-4125.838851420263	9.580414675851518
?	145.00702474727765	-120.77473476482508	70.7037059443683	-60.4805486000157	353.5472131421579	-2016.633639923028	1266.3446471144784	-4192.407080626698	9.240355315396377
?	137.95018102827848	-280.02626003170917	73.02307363001103	-190.50150438248266	525.6229327717172	6152.693896010824	1248.4915342107984	4965.470122773365	9.27142791633425
?	131.005711745692	-2779.00362056553	61.17863072524403	-285.9491736661223	661.1819079427035	7761.742986324824	1514.6181532531502	4716.58264606238	4.488907733641805
?	-1	244.34675333138495	58.72561494670471	229.63218689444517	913.7100820879639	-1050.9332229004267	1484.3206665139207	-6891.024920239835	-1
?	143.22304941226142	2464.9723356971795	72.66024006996645	95.66775591063652	608.6352467976814	-9194.143085901573	1170.0669072411536	-1903.988751255729	4.820274696261238
?	122.24861678486072	-2884.4609882451873	63.5090027422366	-171.7177715562745	454.0029277928787	9847.820921535384	1389.121228951133	10457.653097355735	6.119515171004182
?	-1	333.3233207329756	64.0743514921526	213.47580439225945	1101.0262928744576	5663.719176381855	1692.9495621089477	3986.847404672551	4.320201511586234
?	138.91478282150973	2857.5170532225848	74.18279296184973	269.78447928158306	737.1888866119755	-9535.246239729606	1588.4635991847633	-3876.724529352768	6.37439143194726
?	141.87585266113126	59.49191347927894	77.56357545623195	21.78073945156766	624.2639808879706	-1604.0833550799675	1499.1133356413065	-2328.506203436708	7.155061726246878
?	141.88937849547372	-210.5800429775796	75.27182993442813	-206.85530897329917	656.984718857976	-3419.2159320202977	1472.0382890129263	-1718.9114066104669	11.702410285987838
?	131.34685051225213	-487.2003917247061	67.22081000756684	-305.24000894924745	453.30318428695324	-5591.249872010352	1413.167765310782	-778.7778971369179	8.169776159808786
?	117.52935890923807	-238.14220498746468	60.009829486965536	46.68834803181701	377.4222252574544	1970.7100022498257	1433.0993941560798	-4103.579217806215	-1
?	119.43974026287873	-29.93484734343312	69.55522740915772	253.31131112861294	551.8386843994459	6006.8819868541095	1207.9888044204683	-2480.860158523311	5.068189279829088
?	116.03261654206639	-125.65733099480374	72.67539504339636	62.838986726298415	677.7663246001641	3030.0972863980974	1309.0563862299125	1881.5601410324603	10.248555124687025
?	113.15687371313845	-13.182444647698714	72.69717674547269	-12.532474187591838	703.343548719353	-6577.143993693968	1302.0668114720927	5375.414850741332	6.612351652753565
?	115.37349430968145	129.1951539788353	72.04877133401676	37.70021620745897	348.90912491546106	-6199.795150864153	1577.827128766983	11330.284899050686	5.806638194756701
?	119.61663141208031	53.596896134558655	74.58218755584566	-27.355342561221118	393.35379117614093	7236.047581549038	1868.581056424635	5367.731993955268	8.53309706145104
?	118.05333911640942	8338.816551254571	70.68100420595569	25.269890764521318	710.7115039929181	23888.743021773662	1846.2137284647501	2087.7903160261644	1.8266951896036474
?	536.5574589748148	8307.724127004838	75.84568209407175	31.65498658800698	1587.790942264841	16706.18839605714	1972.9705722259448	-661.4858232431012	6.013082938971076
?	533.4395454666573	-7907.832060752536	72.26375353535606	-139.77496614035005	1546.020923795787	-11191.769597812881	1813.1394373025946	-7160.784932903369	3.945502014343986
?	141.16585593718239	-7892.9884765481775	68.85693378705415	39.05932360244664	1028.202462374189	-22329.558518101803	1614.9313255807713	-9417.263476906102	4.837714471207067
?	138.79012163924278	-84.11569938164911	74.21671971547842	85.02487371984209	429.5429978906809	-10407.9415484995	1342.2762634572828	-3608.37720817541	9.355756809215885
?	136.96007096809987	-2775.802432784816	73.10817747304631	-1484.3343943095472	507.80538494920665	-8590.859957813496	1434.5124651719982	-26845.525269145273	12.242443590548696
