rowLabel	avP	dP	avI	dI	f1	dF1	f2	dF2	h
?	310.3029580635905	5803.174270334409	70.61087488723878	1382.7432142682442	550.8953534144628	9774.203030949566	1475.1232817255352	28676.564101963595	8.997498006786032
?	290.15871351672047	-2375.520959191827	69.13716071341221	-8.603235663109672	488.7101515474783	-143.55581476113457	1433.8282050981798	2332.1098077206852	2.4102015987724363
?	191.52691010399914	-2155.986621228756	70.1807131040833	84.16256000552832	543.717562676406	1358.4367020477698	1591.7287721115695	-10.953053652547165	3.1965404482386366
?	182.35938245528263	-384.86704906559635	73.34528871368863	43.98249185095836	556.6319866498668	1768.1943794666022	1433.2805524155524	-3484.8803182372885	7.021562272514821
?	172.28355765071933	-3667.1876491056532	72.37983769663121	-70.70398825296282	632.1272816497361	610.3718166589762	1417.484756199705	634.51505664219	2.4898106306520735
?	-1	-3465.6711530143875	69.81008930104049	-40.55054380876897	587.1505774828156	-302.9657628661676	1465.0063052476619	1698.2038526002184	-1.4864197788414537
?	-1	0	70.35231050619277	-21.476932548100084	616.9789935064277	918.0324003375542	1502.394948829716	-115.47883799960348	0.7574932589980972
?	-1	0	68.73624267363549	-61.7240939091579	633.0521974996933	1162.8355938193365	1459.2323633476817	-1783.4263761567495	-1.8270084725326963
?	-1	0	67.26610581073487	-16.29118231069413	675.1207731973946	793.7263259134036	1413.2236300218785	-1587.3253418353902	-2.2944416859811048
?	-1	0	67.92168355810078	-4.92463754086316	672.7385137953635	640.9346717817449	1379.8660962559122	-2463.675289958747	-2.1064736894644787
?	-1	0	67.01987393369171	18.839304823630965	707.1675067864818	-1803.1506642893744	1290.0398655239412	-863.3633624669748	-1.9644052474462632
?	-1	0	68.86364879928233	84.97264885478835	582.5809805808947	-3623.2477394536695	1336.6979281325634	6788.883312048682	-2.4090771913356503
?	-1	2200.969896657696	71.26850637643113	148.60254173525888	526.0051198137982	-2742.1492145291186	1629.4840311263756	4626.739314663209	-1.2107562389340911
?	109.04849483288491	2196.4260127183993	76.29377588604528	114.79147227074453	445.4735198544386	-2389.081143481043	1568.0348938657241	-2051.763948484616	1.0972454877121294
?	108.82130063592005	-49.66808372758375	77.00807998996837	16.205953697621837	406.5510626397459	-2844.7347670137115	1526.8958337021447	-4279.562132316856	4.878111741325859
?	106.56509064650572	-202.12133524459955	77.10407357092637	-105.42446749132655	303.2367815037529	17.02973858379208	1354.0567872498812	-3976.887854133557	12.319661224132043
?	98.71523387369007	-2151.3018129301126	71.73685661540203	-162.68645150169462	407.4025495689355	5613.110900255294	1328.0514409954667	2184.939528260991	3.795992641849672
?	-1	225.70709429500633	68.96975099584164	84.33513899053757	583.8923265165179	1539.4339678977062	1463.3037636629308	6285.005200978607	0.14743231334638413
?	110.0005885884404	2119.798663859879	75.95361356492892	91.22679853609887	484.3742479638209	-1091.1421243835266	1642.3017010443973	584.4947497907555	3.9974441574333097
?	104.98993319299404	-2220.011771768811	73.53109092264658	-102.43147495348708	529.3352202973415	3403.9609144446727	1492.5285011524686	-848.8771450906427	3.9964345592949897
?	-1	-2119.798663859879	70.83203981725457	32.94064698264688	654.5722936860543	7995.50695636904	1599.8578437898652	2873.5552790631455	-3.6244461919112125
?	-1	0	75.17812327177893	61.15441174485932	929.1105681157939	2904.2417220647003	1636.206265105626	141.0334685962606	-3.879572629842579
?	-1	0	73.88976040449754	-83.32270651869116	799.7843797892895	-6746.4494859904435	1606.9095172196783	-5154.117592477955	-2.560975988162945
?	-1	2167.359803827255	71.01198794584437	28.639660005631786	591.7880938162714	-5697.476896730474	1378.500385481728	586.014302944472	-2.150295134484745
?	107.36799019136284	2173.6219376625077	75.32174340477913	95.09655377295579	514.9105349527655	-2671.9962397926065	1636.210232366902	5614.1431777751495	1.5462294387307824
?	107.68109688312548	-290.33071255387625	75.76681563449216	19.123109121794624	458.18828182664095	-1686.9552047938926	1659.2075443704857	-6419.190858423916	2.379385766866986
?	92.85145456366901	-245.59999548822594	76.27789886086886	21.92499672536682	430.5627747130708	-914.2440928692284	1315.2506894457058	-11834.72694661157	4.110418671063736
?	95.40109710871417	214.0314683681212	76.8630654707605	-80.9779416181069	412.4760771831795	142.77013690398906	1067.4711970399067	-3952.0086697927454	3.806879999801996
?	103.55302798207508	-118.09024207530048	72.22900177996351	-264.37880173169805	437.70128155827024	3013.6014377706156	1117.6502559560683	1650.8519826962388	4.903160988306096
?	89.49658500494914	-2091.0605596415	63.64412538417559	-96.80079669782933	563.1561490717104	5333.271382226619	1150.0137961747187	10440.279395449174	1.9904679202235058
?	-1	709.5562318100763	67.38896194507204	250.10563668993305	704.3648506696014	-3638.2372988384986	1639.6642257285275	9428.385003257063	0.4883646119597708
?	124.97439659545299	2155.4908269679827	76.14940721867225	149.46038187904847	381.2442841297853	-7347.599468561357	1621.4330463375723	-4760.559064100448	5.406903356770852
?	106.77454134839923	-531.2183174631862	74.86198103902447	-65.97330144172724	336.98487724153324	-820.2175669350634	1401.6362725235049	-5016.083562922631	8.26939913547903
?	98.41348072229366	-143.52767887833767	72.85074214658589	-19.946430112657918	340.2334057830321	-410.1361371364836	1370.6288681914405	793.7170017797455	8.44612337785114
?	99.59815740448234	243.7685126305559	73.86465953339157	55.39846640669277	316.47807038470904	2561.0520524161743	1441.3221226124922	2327.458315096744	13.294636633365624
?	110.60190635382146	135.4570162278394	75.62066546692053	39.677231824154795	468.2860084038409	6943.803131422718	1487.0017839462778	-3372.5027268073304	3.7655388202311073
?	106.37100821587431	-299.54661452004245	75.84852112459932	-60.48757351782365	663.6682269558453	1297.297162212509	1272.6969862721255	-7486.66008887182	3.0173398923511714
?	95.62457562781933	-287.032622357003	72.59628679102934	-99.37331924377864	533.1508665144664	-5598.834912104317	1112.6687795026864	-912.7504418252958	4.048372401119677
?	92.01937709802415	-122.81395102462784	70.87985516241038	-39.624930138098726	383.72648135062923	-378.98733332777476	1227.0594641808607	7647.36714152675	3.6320847981421487
?	89.48387807658793	-1860.3875419604897	70.6150402841244	88.12668598500099	514.2014998480777	8742.504864533634	1495.0371365790243	6945.198844329354	0.09777007842136623
?	-1	-1809.677561531765	75.28618946166041	75.34995680008306	820.8517245773094	2759.4057436898024	1574.3194063973272	31.817745041339663	-3.051192980731919
?	-1	1878.6772049372225	74.38253812412854	-69.31328374437125	652.1717870325673	-6562.58198168413	1496.6280238310912	-6844.777541181363	-0.44922687419101665
?	92.93386024686079	1883.4867342232035	71.82052527444186	-37.05262781873031	492.72262549310403	-5102.702979662782	1232.0805293382602	-3711.1294372967263	1.2003008699893989
?	93.17433671115984	110.64514365840364	72.52990673319204	41.35521052230971	397.0366380494291	0.6901049826149144	1311.0715519662556	3035.559336823523	5.169589859969724
?	98.46611742978095	-1883.4867342232035	73.88828580055734	82.04286769067097	492.7571307422348	7501.342638347856	1383.8584961794359	3387.6283663466875	4.3495043582052535
?	-1	-1989.3223485956262	76.63205011772557	13.580805004730271	772.1037699668206	6150.090650401874	1480.4529702835894	4802.526474586129	-0.12406822244119735
?	-1	2840.7243505347824	74.56732605079385	-25.42308348408776	800.2616632623274	-2514.8405174890786	1623.9848199087414	473.09681576200717	1.0436546036069538
?	141.03621752673862	2501.2350920093204	75.36089594352119	9.549304607584793	646.3617440923671	-4664.274848254323	1504.1078110716896	-8615.248080281424	0.46388778951501203
?	124.06175460046558	-2840.7243505347824	75.04479128117309	-146.93706727157002	567.0479208496121	-594.971920846874	1193.2224158946717	-6291.044175159113	2.499779129161985
?	-1	-2501.2350920093204	68.01404257994271	-177.7262224911468	616.6131480500235	-597.4461143456482	1189.555602313735	139.2145333900094	-0.859668025434349
?	-1	0	66.15848015661578	-27.5862135404456	537.1756151323298	-1372.192358189923	1200.1831425641722	4997.093905035445	-1.5564297324558198
?	-1	0	66.63473190292044	64.3742370470178	548.0035301405276	-865.729383022502	1439.4102975655064	6052.971168535591	-2.6203950314546565
?	-1	0	69.37719200896666	26.880870151420122	493.8891459812048	-220.9862156942321	1502.8317009909506	-454.94541549351356	-1.5096083048332627
?	-1	0	67.97877541049144	24.93223848135168	536.954219355816	272.46079056423224	1416.6630267908308	-2873.051917338963	-0.7400026269921078
?	-1	0	70.62380393303424	88.35644786415972	507.5121855094164	792.5387255438392	1359.179105124003	-1581.349447742897	-4.964571211287039
?	-1	2269.6342126858385	72.39659780369941	138.84972410148114	576.5811556330078	705.2629742294416	1337.5955544036863	-1149.9364004175955	-0.06405118021112466
?	112.48171063429152	2059.2959398297885	77.56629013810827	4.378089248801887	542.7753342208883	-1111.6149029832302	1301.6822851031234	-290.10929989925546	1.5500246428138291
?	101.96479699148905	-2269.6342126858385	72.6155022661395	-158.324444247543	521.0004104838465	-290.45268857762824	1323.0900894087235	-52.70743897092889	-3.624420589710317
?	-1	-2059.2959398297885	69.65006792573115	-21.52490802074262	528.252699792007	1111.5297765278858	1299.046913154577	1.5497770830370483	-1.992192657761997
?	-1	0	71.53925686510237	126.54600250258159	576.5768993102406	-2071.085607720574	1323.1675782628754	1320.2648259669743	-1.188858262861306
?	-1	0	75.9773680508602	89.96174749558722	424.69841940597865	630.9630648860684	1365.0601544529254	4097.5457633687265	-0.07557520434455615
?	-1	1908.4201308990298	76.03734423988172	21.81930043812948	608.1250525545439	-346.6834981066621	1528.044866431311	797.498089443755	-1.7405762794345534
?	94.42100654495116	1974.234416920644	77.06833307276668	-29.66678908118933	407.3642445006456	-3738.539326053064	1404.935058925113	-3816.024534669923	3.9740382412922584
?	97.71172084603185	81.29202991476461	74.55400478582226	-46.96512977923009	421.19808625189137	-929.1365659567861	1337.2436396978155	-1897.2856648279298	3.487240776827219
?	98.48560804068937	229.67993888405485	74.72007658380518	20.66237983111343	360.9074162028065	1492.6810664174668	1310.0707756837169	-1259.0951165970546	2.1464090445383706
?	109.19571779023455	175.97367060721047	75.58712377737793	-0.4599016444464626	495.83213957276445	4964.521395739774	1274.288883867963	-1386.1694565763223	4.102774115212154
?	107.28429157104986	-2203.914355804699	74.69708150158286	-73.9119203086531	609.1334859897943	3686.7684918661034	1240.762302854901	1108.1505351987646	2.6658344556822273
?	-1	-2165.685831421005	71.89152776194528	-77.12432991918432	680.170564166069	701.7675974383544	1329.696410627901	2143.0145072554146	-3.6857466293380385
?	-1	11404.63970829568	70.84086500562366	-41.67670348816714	644.2218658617119	-1985.368380039072	1347.9130282176714	45.84959614783218	-0.1474501879061803
?	569.2319854147819	0	69.80769258753693	-45.905816734616444	580.9021451641157	-600.8318967319314	1331.9888904352927	-937.0922102255041	1.6179602642289221
?	-1	-11404.63970829568	68.54557416889284	-50.186735176926796	614.1802710251154	2133.027694669987	1301.0584177063963	-472.2574314328011	-1.3648700468712902
?	-1	0	67.2983558286906	-14.23947444116498	687.5535298976147	1536.6375811400585	1308.3760188636527	1742.166793591179	-1.2091891874623457
?	-1	0	67.8336004468346	23.482816887276183	691.0121500821181	-1345.1932150013956	1388.166757385955	-398.8862016275712	-2.951124066107128
?	-1	8634.50072234112	68.47249667305441	40.23489008177606	620.2938691475451	1582.5119966386444	1288.4317087822742	-2967.2434008580844	-3.3893239917831997
?	430.7250361170544	8655.16500644562	69.84534495092339	33.58299806495166	770.13774991405	2841.152814856019	1239.8045873430513	732.774203717261	-0.7828196540021651
?	431.75825032227954	-0.2723831256571439	70.15164657630199	31.210181478450462	762.3515098903456	-240.19799107903367	1325.0704189681371	48.7447956331427	0.7233399486376444
?	430.71141696077154	-8655.16500644562	71.40585402484591	58.99159905739757	758.1278503600984	479.44971245419026	1242.2418271247084	920.2814014979991	0.8656388899635837
?	-1	-63.81322165703318	73.10122652917185	43.158869481374765	786.323995513055	95.7794571712592	1371.084489043037	2978.268922223239	1.1526126381410835
?	427.5207558779199	20.00000000000007	73.56379749891464	-1462.0245305834424	762.9168232186613	-15726.479910261156	1391.1552732358698	-27421.689780860837	0.20282639360086013
