rowLabel	avP	dP	avI	dI	f1	dF1	f2	dF2	h
?	502.26007953070865	10416.248219523264	71.3478193531044	1419.81585442047	593.0264319634492	10243.132914032425	1647.6123540528092	33066.276156310974	5.675284528687971
?	520.8124109761633	-2974.7609744503175	70.99079272102351	-0.4099801279610915	512.1566457016213	-1355.0633545583014	1653.313807815549	6360.184395012284	5.25196501973187
?	353.52203080819277	-4545.309511621805	71.32732034670634	-32.07333135806407	525.2732642355342	-2732.1899854709045	1965.6215738034234	5630.011937662496	5.594282215881918
?	293.546935395073	-2042.8243255942764	69.3871261531203	51.329980285412105	375.547146428076	-3271.2951980228886	1934.8144046986738	-1075.3005095670735	2.345615470387851
?	251.38081452847896	-678.033214561233	73.89381936097695	81.97335819144685	361.7085043343898	4070.5013642715285	1911.8565483250698	-1540.9188958440159	5.2219349641974215
?	259.64527466701134	261.49151481497887	73.48579406269265	-80.9056055387717	579.0722146416524	1926.2078272402987	1857.768459906473	-3589.187177495697	4.507022215025979
?	264.4553902692279	-5212.905493340228	69.84853908403836	-100.63312794072945	458.0188956964047	-2276.093729142388	1732.397189450285	-6052.159950830647	-0.2927219043389238
?	-1	-5309.1078053845595	68.45413766565618	-45.52559468767698	465.26752818453303	530.2750809523151	1555.1604623649407	-2373.813602534438	5.583157993674328
?	-1	6723.969123405022	67.57225934965452	45.98912321935331	484.53264974402043	-1815.6847269866334	1613.706509323563	1594.1950890271396	8.982932947090559
?	335.19845617025106	7107.888127648009	70.75359382662384	108.89132337788058	374.4832918352014	-2338.5312833728044	1634.8702168162977	370.4383176714146	4.680874975671801
?	354.39440638240035	-316.18227616382313	73.01682551854854	-68.91699227963807	367.60608557538023	256.08709007384823	1632.2284252071338	3980.1637366729765	14.91830826225397
?	319.3893423620599	-5354.131150859522	67.30774421264194	-143.26706419389257	387.2876463388938	786.0375995955603	1833.8784036499467	-2053.245283105578	8.475121550161981
?	86.68784883942402	-6407.786847241192	65.85347230885391	-99.78061917584802	406.9079655551583	-162.208816446864	1529.5661610518548	-10567.812682395952	4.380747226374282
?	-1	-1753.7569767884788	62.31871325384953	-144.38063812667195	379.1772055165506	788.7567555921298	1305.4877695301486	-5273.930224006704	-1.111898743272043
?	-1	6009.645872289305	58.634440402520305	-115.60965836330614	446.3458033347648	2031.6383664231437	1265.8696498515194	-401.5810403578413	-1
?	299.4822936144655	6021.403344417813	56.53823033568422	256.6702863927235	480.7591238377079	-2292.2293009268633	1285.4087175122565	7191.969070686667	-1
?	300.07016722089094	-69.37132589712627	71.46795472215649	347.28249380774173	331.73433828842155	-3259.2823334435075	1625.468103385853	1206.178701688226	14.30583378727584
?	296.0137273196092	-386.09725192755457	73.90235502607132	-14.744675416587528	317.79500716553235	-487.88072201271075	1345.717652596668	-8772.919509629815	19.024792039714743
?	280.7653046245132	-517.1732705458346	70.73072095132712	0.8612082533582558	307.340302187786	-598.1480498107777	1186.8221279043619	9434.117993961809	17.043389989415346
?	270.15506379231743	-61.59422387731419	73.94541543873923	44.027237617877745	287.88760467499344	-73.17824191004443	1817.4235522947588	14523.206420851622	16.69670986187851
?	277.6855934306475	756.711049332768	72.932082832221	-7.696918661050908	303.6813900922838	606.2400233160741	1912.982448946942	-3665.849592364249	12.438291257635422
?	307.99061625895587	1135.013520245441	73.56056950568669	-23.32311058378506	318.1996058407972	943.1039226756597	1634.1310726765462	-2283.8645292468054	15.09884391015493
?	334.4362694429196	-411.1074026825346	71.76592730303175	-84.37841269574214	350.8365862260668	3077.8890961862267	1798.7892224846016	-3717.3965218141316	12.449496324058035
?	287.4352461248291	-1506.0292387511138	69.34164887089958	-11.831464682732634	472.09406065010864	70.18087879350327	1448.2612465858394	-8131.428168236254	7.011778474958371
?	259.1348075053638	-695.9506384343536	71.17435406889511	-106.27171256641266	354.34563016574197	-2464.5920156780644	1392.2178140727885	-1083.8881652196314	11.278990043855858
?	252.63771420311141	312.06959304411924	64.02806324257894	-234.1778926371381	348.8644598662053	564.3282285272671	1394.0668383248578	436.1192984573286	6.682797353769075
?	274.7382871575698	752.6725831701673	59.4654594370382	-18.111808293098317	382.56204159210534	3422.7687896215916	1414.023778995655	2152.138923142168	6.636541551983157
?	290.2713433616198	897.3523065547992	63.12247282792402	247.5614655859595	520.002899347285	-782.9924622069773	1501.6737844819663	-7622.069350132604	2.280289057194276
?	319.6059024853098	-29.000586994710577	71.84353271633619	51.289427144700525	343.41241848175645	-2618.7503182172327	1032.9203114890245	-1981.795392359666	15.680329563170341
?	288.8213140118843	-470.75649156940545	65.68694418515905	-258.40644710727224	389.0653834364233	1636.482659531026	1402.584014863983	8833.239207984427	8.836861757323815
?	296.0680779068395	-841.1552221773795	58.92321036097256	30.444183142094488	425.2365514583078	-233.22824368473428	1474.5822718882462	6327.381796601038	7.726559611774904
?	246.76355290301527	-1424.5662040359052	67.20915334226378	215.73742362156943	377.4039712521866	-718.4059765592388	1718.9531046940351	2837.244143053833	6.1186230448144965
?	224.83976770504418	-2864.6049707597076	69.71008154205104	-46.60566978209057	389.31625263034584	-441.0875367954073	1616.444479040938	-3786.844222604201	7.5669276936321594
?	103.53330436502975	-2098.8695050946776	64.87886985315924	-108.5692300097809	355.3495944124162	241.31004033901922	1529.610893563825	1213.9953313882222	6.015361452803642
?	119.8962924503102	3494.177729539121	64.281620041562	173.96340198790838	401.3817546472968	3197.9126000069364	1677.1442456103491	-4899.3582178279485	4.498912711513908
?	278.242190841986	3318.242686993126	73.57703995255467	136.59678078322162	515.2452244127632	-194.39407605257753	1284.6429826724273	-8043.829332155462	9.413098767244698
?	285.80842679996664	-2287.110090377272	71.11145908072308	-201.54543098002077	391.66205084466793	-2813.214924038283	1274.9527790025757	2259.0114036155164	10.89914778592243
?	163.88668632312226	-1515.118141066145	63.499768403553624	2.953020842276712	374.5844782108489	-1978.727316270545	1397.5935528532032	7884.017637758595	4.088999572194809
?	210.05251974665933	1287.3468929975575	71.25911012283692	210.04132158525687	292.7256850311406	-2124.756270553327	1669.1536608905058	8306.116373342358	7.561178170299075
?	228.2540309730002	671.1072380536934	74.00183448281648	53.83088672004268	268.34666468318244	4872.104026466139	1812.8993715203214	-1535.561938095021	12.07169596259187
?	243.60788164934388	520.4232835049556	73.95065445883904	-12.03408224540685	536.3308863544467	7384.954875344189	1592.375563985755	-9779.549277166814	7.259017895063904
?	254.2751951482479	-228.47964799439663	73.40013037054614	-121.81340731921424	637.5944084503906	-305.05775545038995	1323.9219076619825	-533.746148551506	9.767674813759669
?	232.1838992496241	-451.54154351103773	67.85998409287835	-44.92709003362977	521.0779985819272	-4165.234150924944	1565.6882565581798	3750.714714064997	1.972510073276093
?	231.69811797269608	-183.1022736757354	71.15377586886466	93.32088401122694	429.33270090414413	-2121.7375945709564	1511.4576433652317	1927.7326957371065	8.548936981619628
?	223.02878556583735	-617.7570234694871	72.52602829343968	37.70820815093898	414.99111885337976	1522.4301648761682	1662.0748913450348	8911.685819116114	13.39354688488982
?	200.81026679922184	-1645.5792550161807	73.0391862764116	-47.02255192667781	505.45420914795227	2102.51697500071	1957.0419343210358	3740.020719567928	7.915348329730551
?	140.7498228150286	-2179.7639875976065	70.1749006971058	-107.78377857089349	520.1169676034149	-1351.0764024541484	1849.0759273234305	-9351.107569597485	9.761173332625722
?	91.82206741934189	-1006.2834492593767	67.64999734786694	-142.70258105784046	437.9003890252451	-377.46823764993474	1489.4865558411632	-7143.533352842244	5.56279662920063
?	90.43565035205995	-1856.4413483868445	63.0397716442138	-157.24173735987023	501.2435557209182	7237.695508307	1491.8992596813196	7364.065476425989	3.407374173165226
?	-1	-1828.7130070412056	59.78791047987346	-52.79455172763552	799.7851644405938	2906.1063019950643	1857.6898296624613	5449.094507677615	2.485727427843709
?	-1	1564.0325485004844	60.400044057832034	-28.707277136449353	646.5488708206709	-4511.336545460079	1764.3539850651994	-2191.4464344817166	-0.9297440602401293
?	77.20162742502394	1595.855429893288	58.352546623051	-76.95495145265367	574.2183371675907	-2551.33110005901	1748.1175079383759	-920.0456973089273	1.3594785443103832
?	78.79277149466411	-9.860400317492726	56.55229648519936	-99.02575795768293	518.9823158177209	-2778.5788120806237	1718.3517001997532	-1147.1052855822422	-1
?	76.70860740914931	-74.90756293596944	53.40125872516687	-120.3070271539373	435.28939656356	44.77273921472049	1690.762243659264	-847.3751592498759	-1
?	75.04739334786565	-1554.1721481829918	50.53694512750252	-31.628348772912858	521.2209527784569	-2095.7826599564823	1675.9829422372595	453.77864494951314	-1
?	-1	3348.831125649501	51.81984128652123	49.49482152757188	330.50026356573625	1259.6634321512192	1713.4511759067395	1099.0484990227599	-1
?	242.48894963034007	4863.698635376121	53.011686203881105	60.02631517708217	584.2041243860176	5242.172096327915	1730.9353671883973	46.46594731864314	-1
?	242.1849317688052	-4869.778992606819	54.82115704537533	186.5463304737201	592.608868382131	567.9431862245062	1715.7744732726717	2203.576384646711	-1
?	-1	-4863.698635376121	62.33900272756708	297.368420985953	612.6012836972428	3066.880840602707	1841.1141864207325	4847.2063640141905	1.2432568335318193
?	-1	0	69.68957809467293	136.73345750075603	745.9529104122659	3954.3037718375267	1958.1347914733803	2393.2861267596577	1.0917823151644321
?	-1	4593.925096377962	69.17567560260486	37.84541914895541	810.3164722891185	-2562.9416193522798	1960.778492758715	-8102.502105007877	0.5818256716248327
?	228.6962548188973	4359.4901452475015	71.58184905212069	116.81391854501312	617.8058294446523	-3831.593159759584	1553.009686222988	-17352.687556241373	3.67794304311849
?	216.97450726237432	-478.76743619686636	75.01637152985549	-33.38431225072225	618.7368143011399	-4127.745917648924	1093.1441149466493	-5789.039986715332	12.023174725911721
?	204.75788300905407	413.06403532860804	69.91263343958458	-180.42318161834922	411.41853356220685	189.91818574505783	1263.5576868872224	11386.562268923584	7.500693963576273
?	237.62770902880465	371.36543673031	65.99521244893806	119.1386567213651	628.2327235883928	2178.5574514080827	1662.4722283928265	6546.235817337939	0.753442181350211
?	223.3261548455695	-675.4329298300145	75.86956627565282	153.91488342139152	520.3464061326106	-1477.3331145188656	1590.8694777541182	-5402.023516361879	7.385516366048155
?	203.85606253730404	-394.5522003622992	73.69095662000761	-79.70276736306033	554.3660678624498	3668.425661101541	1392.3710525747335	-1465.5827710196133	7.150961869711002
?	203.59854482745462	-132.37648823500243	71.88442790749981	-26.410133069789573	703.767689187687	687.0917430447709	1517.5903392031378	2705.9182021946804	3.6373430465583176
?	197.23723812555394	-4091.970896549107	72.37044996651814	-99.34274141168721	588.7206550146882	-723.7746715502934	1527.666962684467	2685.359341294425	5.680156360408518
?	-1	-3964.744762511093	66.91729083691547	-133.44437864061766	667.5789556101724	2423.6904005258652	1651.8583062678586	2692.1523534535713	-0.5593533011444359
?	-1	5165.5631145007765	65.69823103448728	137.65431807387662	709.905175040981	-4970.760796311948	1662.2745803571452	1106.5433739572284	-2.9235442353932406
?	257.2781557250379	4532.383658184618	73.80000674060928	55.50569829071455	419.04091579457594	-7435.646587389299	1707.1854749657198	-3522.3579944181156	6.585395724184605
?	225.61918290923012	-5165.5631145007765	68.473515949023	-191.1867885929281	338.1228456715174	4141.246177045414	1486.15668063624	-3324.575730126119	4.871917835384658
?	-1	1178.519923006822	64.2406673109629	121.9675057996561	626.1032246468459	4397.490686159141	1540.9566884594144	6813.857749210085	-0.17129791641745884
?	284.545179059571	5948.8298014961165	74.57189123900578	201.68926400452833	557.9973799794736	-2368.348692675134	1826.849568096743	-175.3282012527422	5.891000634275651
?	296.4414900748048	607.2896384827947	74.32513051118929	9.358887849212499	507.6857900130896	-2656.786880499689	1532.1902783967773	-10219.320985603494	13.025359804402996
?	314.90966098371064	-306.59426122707595	75.0398356314664	23.499895331755535	425.15803595448966	-4108.0362359035735	1315.8835188165701	-642.7658529951054	15.078772397505992
?	281.11177701345105	-1211.1775917050918	75.50012527777706	-0.20444066190719995	302.2839782179117	-1717.3577977566042	1500.0519857470222	7405.29119427525	15.594797446384856
?	254.35078139845626	-1063.7525969141352	75.02961359837104	-123.04885341452506	339.29014606665976	3690.235060269279	1686.1480785303313	3663.0380343919883	13.209405039345153
?	227.92414716774448	-612.7406294198544	69.34768260705083	-99.925525014227	486.795731231375	1009.411165697027	1683.203887466621	1128.092031465712	3.984799826866035
?	223.71374992746365	24.631795682569848	70.03333734765971	56.60768780720295	389.7607043515109	-1503.7457600965429	1742.5526801036167	-1440.4566271250412	4.3214419913269815
?	229.15573695187297	-4494.274998549289	72.17806699741097	-44.916475911482664	411.6084432265481	7908.423392549739	1611.1810561103691	-667.7891082481416	8.06687723497254
?	-1	-4603.114739037475	67.78751355208559	-95.3633962927882	785.1818739789965	8096.546783788252	1709.1632246912097	4171.5899158809325	-2.1290941918940103
?	-1	5302.462000448682	67.40989718277157	95.41017084678862	816.4357824159592	-7505.716174410632	1819.760551904415	1117.2336865958453	-3.962655975915472
?	264.12310002243316	4737.393453388947	72.558022094425	28.428043787233534	409.8960652584662	-10271.371188139738	1765.0249090210018	-5467.228459361928	5.960550181413821
?	235.8696726694465	-854.315486931749	68.83129937213325	-83.60114360105713	302.8672230089742	-1912.2860930119123	1546.3991289363196	-3499.7698919349054	6.557615576379279
?	221.40732567584587	-205.18590120324706	68.37796491437216	84.62669618404335	314.2817606078709	214.650052631301	1590.0364144242571	-258.7325873833888	5.590460805127728
?	225.61037760928417	91.54499944372252	73.0626341813354	92.59362197284393	313.5997256405392	-1325.7291351764543	1533.4624995671502	-3037.030244594959	14.357644441041595
?	225.98457564803198	-15.582814342287234	73.00764601301434	-29.170926976625925	247.99530384904844	-723.5822295294398	1438.1849021945097	1083.0568638954394	14.104625696462225
?	224.8312368921698	-656.8127218055203	71.6040878325041	-144.18310313136908	277.42061416406733	-42.41804979636826	1587.615342761922	-364.2408541435465	14.928529401788008
?	193.14393955775608	-300.9742729557433	65.79849085644591	-75.77672461085852	245.87440135923003	1127.4476900121006	1419.9728594873325	4352.668315348771	9.67510085653823
?	209.7825232443827	325.9914943556038	67.8152516019612	93.9767223665098	333.79299866467215	974.1586373134646	1805.2487585293597	7369.173126862528	8.305685802279083
?	209.44351427553622	-76.63104267803048	70.49732697477138	37.83595692120556	294.5823332249031	5039.098609980015	1788.4315158304576	1396.3985636964576	10.4095755984291
?	205.9509711104812	-56.300267170092496	69.70704944802147	14.453887083063018	585.747929163672	3887.761232188492	1875.0686867141824	2444.5062564282803	1.2238738178385447
?	206.6285009170316	-29.810486064504964	71.22002132892453	48.902296193457914	488.970394834327	-3490.2208615533527	1910.6568286518711	-2384.6303337086506	8.085207507370804
?	204.46044680725595	-65.21668615789588	72.15216425769435	48.89103031370939	411.236886086005	-1712.1888104189024	1755.8371700287503	-3552.7547036268506	10.226881761602248
?	203.36766660913682	-38.998471524910336	73.66457284460999	27.49770165255323	403.3609543133822	2329.2646512979063	1733.0190934705292	5335.93816738031	10.60962508288347
?	202.51052323101044	276.0909596019114	73.52704934032201	-3.1496299396249694	527.7001186508999	-541.700307035679	2022.6340783977648	-411.7813218364123	8.403112269959165
?	217.17221458923234	1238.960712516633	73.50709134762874	39.68831675808289	376.27593896159834	-4679.317729116802	1712.4300273787087	-11543.21578653121	9.560169414050403
?	264.4585588568419	1821.0323124741417	75.51146517822615	8.239721186443802	293.7342321950606	-1093.6883567492298	1445.4732890712064	-3920.0468969065655	12.45116847997269
?	308.2238302129391	1032.0411347620623	73.91907740695093	-285.19896634287477	321.59152112413705	2548.2082178879728	1516.4276825333811	-1319.6361339046236	14.869615816740719
?	316.0606155949448	-426.89892220471546	61.25151686108246	-262.88414533853364	421.1446430894588	1621.06177637673	1379.4914823759755	-3955.5588830216816	3.9002368837243235
?	286.8788841027034	-860.8204934088993	60.7748701400243	122.12208061176825	402.64460994297326	1644.8859352010916	1318.6497383822978	4759.569493829034	3.0583910490076693
?	273.0195909245	-1239.337973407812	67.35762089167085	224.2108280438891	503.38893984951306	-455.2101828676057	1617.4699570674263	3258.6755482008107	2.163712462992704
?	224.91198543231303	-1222.6429326890916	71.98541154221871	116.20569774717082	379.88410079959306	-5174.361618390588	1481.5835157923377	-3649.0363708963464	9.086318880932193
?	211.88744429004564	-477.24609689022543	73.16790577902937	-33.20172430625701	244.67085892998463	-1407.0314075083518	1435.0181385226097	1759.8003090028867	15.374070166257798
?	201.04968058780184	-272.17837450290614	70.32532532690587	-131.46913795736413	309.5325304241757	8319.37791344544	1569.5735312424817	4797.772037956328	10.340957999793893
?	198.27852556490038	523.2450519843986	66.59444888116119	-3.9487201143845283	660.6397546022552	-247.11065013655886	1674.9067404204252	1541.8811853796533	2.116439182858235
?	227.21193318702169	-885.9080796361352	70.12788932118664	-4.96600410994974	297.1769979173478	-6690.3572949715035	1646.6675905114641	-1314.5392300754886	9.640111816829707
?	153.98312158309378	-2578.0738283291967	66.3461486756637	-119.90367862699557	326.1218898536812	2694.0270688912	1609.179778916651	2230.021295887917	7.514887743183988
?	98.3082417705623	550.9226934141017	64.13270538983689	83.61793053316178	431.87835136190733	-789.0519304916194	1758.1686553058596	1251.76774150013	5.81038365917582
?	181.52925625379876	2318.2248243302047	70.52704520232177	142.82511129816123	286.66929332910036	-2851.2587060756605	1671.7681659916573	-4991.444442777282	10.01420297106431
?	214.21948298707213	572.9311435846231	71.27396095474492	41.105950138445884	289.3154160581248	6648.1242733720965	1508.5964331669963	-1544.897400759065	10.919517229850324
?	210.17581343302982	72.64394804873828	72.58234270924406	0.3016516463981144	619.075506997704	7838.683213866858	1594.5232959537043	-1596.110013978033	7.288292580125405
?	217.85168038950903	135.6189706225688	71.28904353706483	-46.491767951917375	681.2495767514663	-1613.7334571323447	1428.790932468095	-5017.190212487285	4.975416202462443
?	216.95676196415823	226.8852084457975	70.2577543116482	27.327698435257542	538.388834141087	-5511.474537591871	1343.663785329341	1078.9304497578762	8.0092791913209
?	229.19594081179886	630.5835560820282	72.6554284588277	101.03096597726967	405.6758498718737	-1859.3719433216106	1482.7374549559886	4876.6323200257775	12.311106168165008
?	248.48593976825953	1069.682298438614	75.30930261051167	89.02004298199958	445.42023697500684	2837.3877638382214	1587.495401330629	2854.322430385124	11.22388167562691
?	282.6800557337294	1316.5606587012533	77.10643060792766	-10.937035494314426	547.5452380637843	1402.1883657807318	1625.4535764752443	98.19426024273106	11.52321248904327
?	314.31397270332195	470.63916020896096	74.76245083579595	-252.7631283457436	515.5296552640432	-748.0916194622868	1592.4051143427655	-1754.0476509141415	10.114863008403535
?	306.21201374417734	-453.7387575173334	64.46827419064053	-183.7625723435273	510.14065709067006	828.0933470789826	1537.7511939295375	3897.9782275809475	3.6478551719551513
?	291.62703482745536	-6144.240274883568	65.57432221861961	42.4218751458021	556.9343226179922	1893.5499104697533	1787.3040257218122	4719.518730644684	1.350250396194075
?	-1	-182.2649506326122	66.58936794793063	-13.940519622717936	604.8181526141574	-21.214313203979675	1773.727130461771	-1107.9233592067242	-0.37979380780110195
?	282.5137872958248	5808.948452092046	64.87729623748372	-100.6083247943598	555.8736069577932	-2378.7294124816863	1731.9078577614762	-3167.9473583025424	-0.03886648788046876
?	289.4474226046013	123.958178927915	61.55895170821265	-49.2086230041868	485.8816819900735	-1929.6440203087911	1615.3297625466444	-6364.339354540975	1.7207443767537505
?	288.7116962422205	-1354.6245119656064	62.41686508727439	205.91626594224667	459.39140594235397	3008.8842585285574	1413.6908900344285	-1584.9041677512162	5.085014159949223
?	221.7161970063212	-933.0851935672932	71.85476500532495	253.43278472555062	636.3258949165008	-351.4110615401627	1536.0845541590838	-3631.613832904467	5.510979792415702
?	242.05743656385602	896.7438368320715	75.08850432355187	33.90590926265089	441.8208528653459	-3311.5019115743908	1232.1101983892058	-4528.344030377582	7.183757604614248
?	266.5533888479246	478.6643063027253	73.55006046845749	-255.77108557160307	470.75079933778187	1224.9941785035546	1309.6673526402055	5993.0079834303415	10.538349600201451
?	265.9906518789922	-5351.067776958512	62.299950044971766	-193.7553180819067	503.0705617905234	4968.361298948558	1531.7605975607219	5799.412748083849	3.113646525289384
?	-1	743.6779120239866	63.86229456436219	206.04778125392147	719.1688642852089	1041.3580986923378	1599.637990044397	3297.32903804357	1.8751863010076573
?	303.1745474801914	5883.461339147015	72.6023391076678	249.74072177935003	555.1384667251401	-5257.00046492102	1696.6270494628998	-5151.710705707546	8.41765004229203
?	293.1730669573497	-683.946628504856	76.34933065332965	95.3813304540862	456.3188410391588	-5395.082739818195	1342.0524547590205	-6391.113196024712	14.65563848414694
?	268.9772160549487	-786.106053201172	77.3714056303721	29.907594318976116	285.38432973423136	-3733.9301933453426	1377.0713896616653	2826.9402558430884	20.457255456068488
?	253.86776429729125	-421.6755891570532	77.84471036927845	-17.41734356328556	269.62233137189236	721.3620251810281	1483.3994675511744	7953.771759909697	19.67076264025396
?	247.89343659709613	-341.384674542818	76.50053845220782	-112.7716093415047	321.45243099328263	786.689839977434	1774.7599776571487	2131.27173498607	12.037246409320222
?	236.7985305701504	182.97855903700858	72.20612990220323	-251.5124927151017	308.9568233707639	1829.573426683372	1589.9630543004776	-6784.048441371658	7.9491967431677875
?	257.0423645489465	361.920986701107	63.92491381645278	-118.53129410456589	412.9311023274509	6549.547923466787	1435.557555588567	-26.139189118525884	10.350146320478736
?	254.8945799052057	726.7338873200905	66.27956519697496	177.02688556057515	636.4342195441021	2618.0037276270527	1588.6560948445513	8144.10628398323	0.9390360644953522
?	293.3790589149509	1225.14850654575	72.7762580944815	235.84856850038133	543.8312887088031	-5980.254539988761	1842.7628697877271	5698.965346408415	4.56722577749211
?	316.15200523249297	-161.1630331624582	78.07199362199398	-21.425469876743723	337.4214925446651	-4361.326051919228	1873.604362164971	-1851.1456681098637	17.076589052371922
?	285.32090725682804	-1630.8332452532375	71.70498460064432	-133.3194249098863	325.76498611284245	-201.78393033917317	1750.2055863822343	-2307.057988172627	10.273276423745417
?	234.61034296983138	-1256.4680280644284	71.40602237649969	90.45408288903307	327.3322960277065	2028.2963148931792	1758.25146275634	2711.9219632778327	5.201986843973639
?	222.49750585360684	-299.45081438059384	76.22768874509596	78.41053684211033	427.17980185750105	1163.3079388992912	1885.8016845461254	2316.1107016541464	9.123105829378064
?	219.63780225080174	-116.32040632514402	75.3265492186052	7.885661905746446	385.49769297267085	1180.4390247915155	1874.056997839047	814.5169020867189	6.878605511096952
?	216.68148553734966	156.1960195990457	76.62197184038328	2.4645383428401235	486.2017530970766	-1368.6352056462138	1926.5275296504612	-711.9806521782382	11.690737649070783
?	227.447603230754	368.3573734704648	75.4497761357472	-9.376046344875453	317.0659326903604	-2491.769821551208	1838.4579652301352	-2667.3679595045683	12.795137038412317
?	235.09935421087283	410.31883483951367	76.15316952313951	50.443053753550835	361.61326201951664	821.413481581604	1793.1591316752333	4222.085565154267	12.218969795306917
?	247.9635449727296	87.65874021752015	77.97192882342473	-12.711203679993206	358.13660676944045	295.11806270511545	2049.562243487848	2670.844591104847	14.047710144879758
?	239.48229122174882	-304.49569997380587	75.51760933913985	-83.20949042510934	376.36916515477236	2721.1800881495064	1926.7013612304752	-2660.9043478876542	5.675914911753044
?	232.73875997403937	-429.90374254942407	73.81145430216928	-14.312092653119402	494.1956111769153	2521.8511535724792	1916.5170260934656	-9654.236092071322	1.4670351516147961
?	217.9871040942777	-654.3863717801963	74.80200470648389	-2.1102460453167358	502.46172283339587	584.9148874379043	1443.9895566269108	-17520.492529724525	8.314468481602688
?	200.01944138502967	-1121.4973369328754	73.70594199990345	-74.64455184862003	523.4413555488104	-2231.4803103293148	1040.4923996072425	-2990.9876795631785	9.143547968887257
?	161.91223724763412	-2100.2659349544733	71.0697771140529	-38.183872272610834	390.8877073169305	-3469.5698368586704	1294.4401726487524	10590.884338383168	5.225214374638859
?	95.00614463730636	-1380.7655196859987	71.79674838627291	-26.02412580678172	349.9628637058775	3102.726291707969	1570.036616526399	6293.918574011545	5.661690187475743
?	92.87396126333444	123.27279084171367	69.76857082371382	70.03080057349789	546.0240219023284	-44.337916038199566	1609.1361013493286	1485.428075229466	1.5300914022295464
?	101.16978417939202	132.46529787386115	75.29828841494779	99.12787233259742	347.74596790396754	-1693.1440841603423	1644.308020287872	2688.612341647495	5.818105329574594
?	99.49722615702747	2349.3508047678874	74.72496444034367	-61.2639687948029	461.3668176943116	2047.674084299329	1743.5667184317028	2194.1843580578084	6.525949079529002
?	218.63732441778598	-1989.9445231405564	72.23508997520766	-1494.4992888068787	450.1296721189336	-9227.336353886265	1754.017238190762	-34871.33436863418	4.312667579229914
