rowLabel	avP	dP	avI	dI	f1	dF1	f2	dF2	h
?	175.7171733091328	3607.877101335371	71.3672340247152	1350.2997373691119	350.27117083217917	6839.008599942734	2079.9679504659557	33062.71906086423	16.235495744262508
?	180.39385506676857	-327.04270096582945	67.5149868684556	-347.81031828938933	341.9504299971367	328.05227288094557	1653.1359530432114	-15507.26249134895	14.524652793867483
?	159.36503826084132	-699.4321665897971	53.976718110245734	-161.45465804741556	366.67378447622644	1827.7713523332516	1304.6048258985081	-8704.195268352065	-1
?	145.4222467372787	-551.2977903082357	59.44225396608481	311.9703769618524	433.33899761379934	3115.99376462442	1217.926189625608	-8695.517530929485	5.21638676756476
?	131.80014874542954	-477.17336664167715	69.57523695833835	148.3832569794352	522.4734727074474	2087.188453009848	869.828949352034	-9338.046461180218	8.087818230167708
?	121.56357840519485	-286.3161575449414	66.86141681505657	-144.22688355702294	537.6984202642917	-4567.411913167934	751.0238665665972	3941.803773564271	12.477369658565742
?	117.48434086818247	-87.83696074224339	62.363892780487205	-125.97303956394984	294.1028770490508	-5101.320792331978	1066.9191380302475	11461.028220310216	8.690614580108818
?	117.17173036808268	436.3032448688234	60.56276483685908	191.03504792181698	282.63238064769286	2957.9401032648825	1324.075277582108	-2119.285245447941	-1
?	139.29950311162364	729.8039438030157	71.91564517657805	294.18654588093483	441.9998822122949	5950.458044829714	960.9548757578505	-4236.373719563477	11.030810466585246
?	153.66192755823346	215.6733790891554	75.27209213090582	-21.167436284932823	580.1552828891785	3580.1423105503873	1112.256591603934	4046.022985847063	16.72717386888428
?	150.0831720660814	-448.3050788426273	70.85727336233141	-348.8398199571641	621.0069977398142	-325.03100623066274	1163.2560250502036	8882.702205300007	10.43617726274431
?	131.24667361610207	-3021.663441321625	57.8301011330476	-286.6184375200372	563.9037325776453	-3065.4392925745988	1556.391701868935	6667.9358880575755	-1
?	-1	-2644.933472322039	56.52635148632954	-53.66866012759042	467.73503311108414	-613.7120531892487	1496.6528194530827	2108.6834551901466	-1
?	-1	0	55.146668126668075	-13.28839915741496	533.2181299181829	2583.0466082485964	1661.8258746284423	3867.8697412546635	-1
?	-1	0	55.86193152845879	33.29279752941926	596.8873635235141	2480.497989688422	1690.046306515816	732.2179449510797	-1
?	-1	0	56.81130800313904	41.20356454381703	657.2430294026041	2317.3563927150894	1698.4367718759963	902.5481033940006	-1
?	-1	0	57.92210975564964	-43.5162472091913	712.7551831592687	1950.209444287439	1735.173711685516	787.1375995249166	-1
?	-1	2614.897451367217	54.63549564267947	63.91824751967201	754.7535016169761	-5422.776540885768	1737.7936518522422	-2021.7579492392479	-1
?	129.74487256836096	0	61.118022131633246	30.723838070542058	441.61635611498	-6734.036007307242	1634.0858142235536	-3633.254613328078	-1
?	-1	-378.9800148191085	56.17168754620658	87.20316584400817	418.05170125161374	-465.7380516294649	1556.1309211858381	-3126.433451102816	-1
?	110.79587182740556	2321.2147118705366	65.47818042383365	379.21717714577295	418.3294535335068	451.21028830141273	1477.764141668413	546.7137824056995	3.8149247182761106
?	115.06073559352693	57.45641600982106	75.13254640349524	59.80442603444937	440.6122156666844	342.629171644779	1583.4666103061231	3358.8494832582105	12.236073812788774
?	113.66869262789662	99.44810705586681	68.46840172555612	-211.24206529054229	435.46091211574577	-3560.8004100771022	1645.7066158313237	-2136.861134241588	9.040400531614436
?	120.03314094632027	197.77320655307744	64.57044313896812	-36.63580851059489	262.57219516282913	-4807.47636880754	1476.6235535940436	-6940.9534934389585	6.395832777001403
?	123.5573529555505	115.5968982994951	66.63661130002637	64.74895331747712	195.08709367536858	-915.1909387069899	1298.6589411593754	-2300.85629510302	18.115474033299577
?	125.81298586129503	260.2033150358566	67.80789080484198	170.37040112859202	216.8126482274796	2293.629584478398	1361.5807388388926	6826.18824194188	14.005228430470515
?	136.56751870734334	-7.848833614348216	75.15513135645598	-166.64970963076385	309.7685728992886	4455.7258926707045	1639.9683532564698	-3177.7043647282035	11.8066043515917
?	125.42054418057762	347.5454830154749	59.475405323303775	-135.6350482691018	439.598942861015	5484.486599170842	1202.6955206024822	-12821.264043589548	-1
?	153.9447928581171	540.9115256196652	68.37337894300089	343.9450991345578	583.9929028578309	991.4616738582142	998.9051510769917	148.01452015391064	1.2314538531344348
?	152.4661204615609	-154.7328366018131	76.67266028003168	69.83946508545552	489.1720265539258	2316.5388361826444	1210.0962466101778	12810.107722178018	14.018313220980414
?	146.20815102802644	-3069.3224092312153	71.86535219727367	-96.30793885585112	699.8198446669633	8345.28890720225	1639.4105371858932	11038.497152037302	1.510863872483958
?	-1	113.60002143045496	71.85726333723912	68.38990547625735	906.4364719140386	-3960.9762650675666	1762.0211042120434	-1820.4227699187988	-3.607903781106578
?	151.8881520995492	2931.107555808407	75.28484747108654	-159.17347137149207	501.77103141358475	-10299.206333825852	1548.3893986899532	-7843.995833371911	10.153802538077334
?	145.5553777904205	-3057.763041990981	63.89858976866451	-420.7660137778314	391.47615522274555	-4295.921637054714	1369.8213125434474	-1801.9225064664745	7.694781014902904
?	-1	633.1917032707088	54.24654678219495	164.73680677060415	286.97494956084887	2967.140441331382	1458.2932733666294	-765.521670377788	-1
?	177.21496295395596	3532.477736222008	72.13543010719472	380.4756678819079	539.8331772893148	7370.489161620111	1331.545229024558	-2388.2203937171903	8.765817074662516
?	175.62388681110056	-349.4021222676818	73.27033017629036	-89.61140448555588	655.4994076418548	-766.7513249089784	1338.8822536807697	-962.8487459794351	14.870232222075852
?	159.74485684057186	-785.5973258958754	67.65485988291692	-120.96913446015168	501.49561104386584	-6791.0655817268935	1283.4027917255862	-705.3218960329189	9.615130088703335
?	136.34402051630676	-580.5937820648131	67.22187345328277	43.132869032445136	315.9461285555098	-4501.222455165829	1303.6161588791238	4078.609668330838	11.28832521539444
?	130.71516773733117	-200.3924836175402	69.81150333453918	56.013706019062596	276.43448828557416	-859.3903983331901	1487.3332751421283	5906.297194747352	16.453803460240533
?	126.32439633542978	-259.4929991309022	70.02255875423589	-51.80390963555472	272.97660863885045	321.6467980784421	1598.9310186164903	3554.1888878783075	14.374245295244226
?	117.7405177807861	-288.50675880688857	67.22130785276146	-75.03637086431836	292.5168281894962	7294.398938122372	1665.042719536043	5743.588933243856	8.747392375300056
?	111.8990583950854	-2374.8103556157307	66.27074021101998	43.8499263734589	637.6965555449677	10601.904945187896	1886.110465278682	2803.736195380321	7.430692396239439
?	-1	61.82428449231758	69.41380417143439	-41.35442529094164	822.6120754488892	-297.62448619970536	1805.2295293050586	-2311.7376874485026	-0.23276538101592634
?	114.99027261970127	2295.094141796257	64.20301894647291	22.713475056317034	622.8153312349825	-7768.513248858335	1770.5235809062574	-3026.3288706468184	1.7592219564594758
?	113.75470708981244	-2319.8054523940336	70.54947792425024	-124.45778745608281	434.1864130059738	-4524.423989393045	1653.9130857727182	-4284.731849013367	9.440460560206157
?	-1	339.8687633459699	57.98012957366879	-256.73728734489663	396.59413176533104	-738.7613085436184	1556.2869884555898	-1400.090656644284	-1
?	130.74814525711088	2398.97380831211	57.712613557005454	182.279917958438	397.248347578793	-1677.9936175033688	1583.9085529405043	10383.976311963343	-1
?	118.94869041560509	-517.3402573863824	67.09412547159066	73.10410837913079	312.6944508901629	-844.7223842689966	2075.485804053755	1775.4670270505467	5.945718868221012
?	104.88113238779185	-2398.97380831211	61.36781897596198	-200.27627844090745	355.01222836534333	4740.252691413708	1672.6819042930313	-10410.36092819465	8.520603104536457
?	-1	236.40537850047792	57.08031154954532	136.53122675914224	549.7070854608475	-855.6946248638402	1554.9677576440245	-1475.5346296206978	-1
?	116.7014013128157	2343.9084538575516	68.19438031391907	319.65504796977837	312.2274971221515	-3782.4239726518895	1598.9051728119966	3298.1723964664825	13.828327530046328
?	116.19542269287717	5523.101911343526	73.06306394803418	-153.90113767348208	360.58588682825365	2190.4921609830294	1719.876377467348	-3662.2145866603155	13.483136798426205
?	392.856496879991	5905.516430795803	60.49932343024499	-305.44138882355253	421.75210517130256	994.0582063338037	1415.7944434789815	-3154.7700182165613	-1
?	411.47124423266627	-3147.1953866930653	57.79099450685661	64.05494844531029	410.28879714494366	-479.03731685443006	1562.1378765565205	-1770.7751402678168	-1
?	235.49672754533833	-5541.462124542799	63.702070852510495	386.23482276171427	397.80023932858114	1268.1543040316933	1327.255686465591	-11797.330926302617	4.194400341838428
?	134.39813800552727	-2155.5015363379084	77.10273564494226	227.27135457389872	473.6965123465281	3002.8502306403143	972.2713302413918	-6017.296179549352	14.339915594608218
?	127.7216507284433	-164.54998461375854	75.06563858120539	-109.12130074113274	547.9427508605963	1402.1761568248228	1026.3908774881245	5378.716526817503	11.95882861840275
?	126.17063877483938	-10.431724918106264	71.64667060788564	-42.8915384691392	543.805320187769	-569.1756350884314	1241.207156582266	8597.112146172602	11.046794783644796
?	127.20006448253798	-87.70988018538051	72.92106165774844	78.34309856098628	519.4839691061749	-968.4950675370305	1456.246484796753	6892.877636387008	10.821037783877454
?	121.78514476557037	-162.3848246326807	75.56382553593494	-2.9369370791144536	495.3805668109176	-952.0527481927752	1585.8510384016151	2673.4931854439087	14.954573601315422
?	119.08082325090398	-141.85347386433045	72.77421480379272	-136.9450808134237	471.8813316965363	1334.5129863359775	1589.921144068948	-2228.4123044774365	13.30369992478916
?	114.69247107235387	48.87660512199818	68.71657149526378	-44.166204062508015	562.1062161277163	4064.3188374943766	1474.4304231777437	-5457.6722879745475	7.766637853288074
?	121.52465350700388	277.6223971513603	70.56590460066732	79.88049985687326	675.0972735712544	-2639.6809590967	1317.0375296702216	1632.0071087855708	6.462784520998142
?	128.57359092992183	-28.851791052783074	72.71059648810743	-100.85737607164738	430.12216817288174	5354.323611433389	1556.030778617022	10337.18595082924	7.361733247408685
?	120.08206395436473	166.96018400564586	65.52303579708497	-115.83968049440001	942.8134541429229	4090.12062730353	1833.8968272116817	2865.1268903158834	5.864261450714484
?	136.9216001302041	177.36590336624977	66.91861246338745	100.29877531531447	634.6281995380575	-12188.342055408259	1699.2871231328156	-9068.43514179906	3.874753338287895
?	128.95035912267718	82.83063415096224	70.53797456285068	-124.31926680680264	333.3963513725121	-1817.2847665545437	1380.4750701217304	-4069.582207700574	11.26114371324171
?	141.0631318377522	153.83075651630347	60.70264912304734	65.07171187656974	543.7639612103307	3332.274015429877	1495.8080127477876	-3929.029805830442	2.5951068922631415
?	136.64189694849233	-269.34185001119357	73.79156015667915	228.12416015355407	500.01005214400533	-1243.6675601943884	1184.023579830209	-6713.771998088065	12.25391506348636
?	127.59603933719256	-329.7162616135467	72.108857130725	-189.26615482903924	481.58058320061144	-3457.2016360392035	1160.1194128433856	1808.4881761881998	8.237921853421407
?	120.15608386781506	-128.6351644022689	64.32825241522723	40.803903938125785	327.1499703420458	-2131.3290404827917	1274.4479886396186	12330.42298106418	3.5816610581440322
?	121.16428111707914	-130.38855628357953	74.14905232763128	-91.32271291731958	375.01413117647223	1072.436768772299	1776.6405618965923	4915.092304797721	11.788148968262023
?	113.6366560536361	-2443.2856223415915	59.76211676936126	-374.5890366118994	380.77180878066054	3447.53699223697	1520.2026038795038	-4525.334882609944	6.915030744102321
?	-1	260.15364510244046	55.41960049703638	320.0045329623727	547.3909807883201	2664.7301915352823	1550.373817766096	461.06067703667287	-1
?	126.64433830875808	2342.6142351591443	75.76234341747984	98.3989102002743	514.0083183574242	-1232.3481613190538	1543.2556377313374	-2137.9168487300135	7.331214380097634
?	116.13071175795679	-2552.8867661751706	60.339546007050075	-350.10730619553397	485.77357272236765	4617.135069212243	1443.4779753295957	933.4588858941821	3.785573419073546
?	-1	-2342.6142351591443	58.256978107703205	124.79613319472593	744.8650718180355	8517.730684033008	1589.9285820260463	4416.707259276042	-1
?	-1	3282.21043874043	66.57935266678635	107.30632910652754	911.6601069240165	-1187.732359192639	1664.313338293397	5051.650127111129	-0.6421800078322418
?	163.11052193702093	3356.1185326893615	63.62229456302956	81.03603148215257	685.4784538584038	-12004.30738730158	1842.511088381602	8524.067361648244	7.495065892459967
?	166.80592663446748	-35.55496061688088	70.63115424089396	178.69648942928754	311.44473755893966	-7194.473399145592	2090.5167063758076	-9258.519805379221	13.526117037307253
?	161.3327739061769	-565.0822040790755	72.55711903449391	31.061910947644943	325.75478390112545	787.9433913136705	1379.5850981126425	-25075.65552837	15.664190279204117
?	138.5518164305138	-823.6244184681176	72.1842497882762	-258.8999314367538	350.84190712462305	-65.04891525616154	836.7339299573121	-1127.1927863403012	13.632450537372202
?	120.15155298277116	-2791.036328610286	59.61212246265627	-390.0507588924925	322.5023381383174	2439.154937189023	1323.2254587956277	10773.007006455384	9.208857542420777
?	-1	48.087482098448675	52.68171184365165	191.9228306450577	472.79965398407376	2947.9188200586023	1375.3842802800793	-4365.112799394994	-1
?	122.55592708769359	2349.299429142162	69.20826399490912	396.3813534927361	469.898279141247	1827.8217532813571	1104.9698188258787	-7432.754210704969	8.013243393174962
?	116.46497145710768	-247.5537350006272	72.50077951828838	41.08587195106609	564.1907416481413	3517.77697699943	1003.7465697448322	1838.2807536789571	9.393542847055588
?	110.17824033766227	-266.56091843769514	71.26255759246241	-243.9801526393022	645.7871279912179	-725.7773278313701	1196.8838565098263	7817.033761739623	10.285047303842866
?	103.13692553522297	-2223.5648067532534	60.301771886323316	-331.75075767946555	527.9018752565729	-5559.219756577566	1394.598257831812	6702.175740988106	8.138180622321265
?	-1	-2082.738510704467	54.675019708489195	-108.51859495794609	367.82614016234055	-2070.107928312834	1531.9926435592304	6308.6744931053	-1
?	-1	0	54.87584213842603	8.463029056928408	424.3964788409316	1621.4240458963059	1710.0319824870758	2901.274788522334	-1
?	-1	0	55.098171161335614	36.36609758105918	448.89734245715556	1139.6637746071651	1677.0563829853465	1086.526417384361	-1
?	-1	2596.1648422795497	56.69414701747898	33.91974653458417	481.37966757128964	-226.5955707920076	1764.3583033562936	1646.0777706706917	-1
?	128.80824211397703	3550.676347504497	56.79415848806482	78.46356117170359	437.5675639175552	-1284.2832347932608	1759.3602715188808	-1393.098093029676	-1
?	176.5338173752242	5532.825891642237	60.61732507606415	36.66820404917202	417.16550583162683	-512.9888241884744	1694.70339870481	-6111.246792746087	-1
?	405.44953669608793	-1449.0961587152924	58.62756869052341	88.02180631057584	411.9181227081316	251.71722317698456	1453.7979318815776	-1720.4699814265057	-1
?	104.07900943945984	-5790.2966948803705	65.01841539159292	273.0603039425344	429.751366990476	-654.4292799986079	1608.679899633485	2861.6235057165804	6.051941296322131
?	115.93470195207045	122.58644060715015	72.28058388765008	-29.149517467873483	379.1966587082013	2089.021998209302	1596.8791071674061	2103.166985615815	12.468807710232268
?	110.20833146981732	-2338.6940390414175	63.560939518199255	-295.06322050064176	534.2024669009408	7446.015707204946	1713.8382489142755	1499.507427347922	10.385308288693839
?	-1	515.3608810832948	57.527422862618046	98.24216210433683	751.4974440684473	69.7097708349204	1671.854478534802	-6211.49433242941	-1
?	135.97637552398197	2606.9455667395437	68.47304762341608	295.52704551399734	537.6879554426868	-5886.6143093068285	1403.263532292806	-9377.304188228156	8.64587445449456
?	129.34727833697673	-236.71042327414483	72.30377513831786	49.53736936029021	457.1667286031069	-5191.397326254816	1202.9892691233958	-3671.2456798283797	11.056729442872676
?	124.14085436027477	-297.74277449397766	70.94991609143058	25.84346915541696	278.1180891299469	-604.104020175872	1219.7012483013877	-4865.334042048525	13.596145777532225
?	114.4601396122779	-334.0625698807921	73.5959485960887	-171.4739013746423	426.9615275943134	8529.273098098827	959.7225670209705	6730.4003378268735	11.041850657776621
?	107.43772586623523	-2309.2027922455663	62.376221022698495	-276.6476058037703	704.5817440348867	5605.581017667824	1556.2212651927302	13726.342794876162	2.8676847844839823
?	-1	258.7076448844795	59.763568305900236	183.40259207076224	707.2405784777036	-4152.160746366255	1646.0397067647762	-8706.398660872932	-1
?	120.37310811045916	2408.9003301398334	71.54635062623657	282.4344117314725	496.97370671657467	-5089.13238495405	1120.9013321490852	-1927.9198565569345	7.890217934848056
?	119.44501650699125	235.5140983792526	73.88528889247381	22.881429087109748	452.783959230002	-4272.7520343148835	1549.6437139369298	18600.573669973048	9.913401954877177
?	132.14881302942175	635.2120848800993	72.69042208059206	-22.771379682148815	283.33610500083125	-3202.1644831281583	2050.9300156477343	11506.640513957045	12.048219324482762
?	151.2056207509961	672.699205714588	72.74671990836637	70.24842965789046	292.67573507359464	921.6679354910604	2124.97573963478	3133.2979926580283	14.512231105159524
?	165.78377331515102	332.32230781204925	76.20284356348657	46.92001774766697	329.4195017753841	976.8917327643329	2207.594915280635	-5250.05616792857	17.59735179112776
?	167.8217361415985	-91.04006488966694	75.09272079574971	-85.32446057804579	341.5203217118111	388.05370754782666	1862.4729312383524	-14297.298252710603	19.119368755686207
?	161.2317700706677	-247.76896578304135	71.93662053458429	-53.08279906854741	348.82218715277537	1767.7886586994402	1492.7300026451076	-8803.484274955303	16.92387799358152
?	155.43328785244648	-315.0946885139922	72.43858084232235	46.27998618336465	429.9097546467828	1740.8114904347046	1422.2987174905888	-323.1646133204242	15.651932122444782
?	145.47703564496814	-781.0354590525417	74.25061984375252	-31.180147395335037	435.8627616745103	-265.30823424545	1476.5717719790864	1305.7367849763432	15.152345008892535
?	116.38151489981954	-460.491805217602	70.8795734725556	-42.264621558744444	416.64434293451035	-611.5119562359733	1487.5855567394058	2189.372080373108	11.249739734807953
?	122.45244538408812	68.57073397560352	72.1373887658153	-34.492522025533795	405.28716386271174	-1596.1575934005725	1586.0403759977414	2389.7747924014307	14.144404414110983
?	119.8100515985997	-42.27353598679898	69.15494737127892	-94.55052756775677	336.836463264482	-914.8704373283077	1607.0742963594769	-108.11882392684349	12.793391638276699
?	120.33876858474818	94.58393395894154	67.40986238742748	14.93547973831772	359.5436419962965	4337.548107854251	1580.6344348013993	-3403.6983775193435	6.880574023554734
?	124.53924829654676	107.39276559572583	69.9017213581948	7.563158862530797	553.7138686571938	5241.196248589275	1436.8893774835103	-4534.182300724549	11.941727073356713
?	125.70840686453445	186.62883454526659	67.78802033055402	-89.4234498757942	621.6034544257593	-1281.2064761191152	1353.9253197651726	-3401.114608805195	8.811772617490075
?	133.87069002381006	-2534.1681372906983	65.43054886440511	-276.6031880461665	489.6535448512382	-3972.6458275836994	1266.8336470432512	1654.6976162414253	6.235082713098902
?	-1	457.9678099663561	53.95786092824574	-20.321877573718794	422.97116304657504	253.14361898900052	1436.6602005772436	672.5058582107182	-1
?	156.76908052212778	3196.5575560976044	64.41445498571918	352.1625712870281	502.3107258006882	1015.3819566723851	1300.458939953787	-8856.545700404742	6.402974325657261
?	158.82787780487965	-70.78949801854517	71.56598949259708	101.58005288538256	473.7402608801941	-3332.85193036993	993.832915557008	-5537.4656130741905	17.23525053314947
?	153.22960562120053	-228.0454854979652	69.49345762998829	-114.64929641751765	335.6681292821923	-4768.275710799916	1023.5856593000784	3648.9817598108057	13.830062406968057
?	147.42560352998143	-84.28273402344162	65.83352467172122	-42.13215466446926	235.32647534019915	-1429.2987875732529	1176.2820035475477	9010.642365978218	14.463471108152659
?	149.01546892002847	387.41075088881496	67.38684989676483	134.33550308130796	264.2031899035299	1731.1197955798775	1474.1177775989877	10587.197130278197	10.43510569585855
?	166.7961410744221	314.7162449482096	72.5502998257866	113.03297786834389	321.8824651191927	1184.2215185923587	1705.6418600614556	4691.6907138485	17.368998818285
?	164.7512811674389	-533.3995578554802	73.038498790182	-125.84952683626413	323.4142658331476	-579.933830614809	1708.7023132914119	-8857.730110911874	17.51578387330429
?	140.1261631816482	-1078.882918150214	66.25782348397341	-190.82680270148342	292.88577358845237	-1225.4636928044804	1262.7553545158635	-6575.684846624928	12.451500461876815
?	110.80713525992839	-524.5991416065216	63.49715865510787	26.563915964772303	262.1410811929238	1992.7032752581445	1379.9180709601667	-2150.1579361714707	-1
?	113.8962061013222	1.952208360796426	67.58601928221202	70.44208344700391	392.52093735135924	2755.1940683411713	1155.2474577072903	-8838.195269263897	8.009435000981654
?	110.90474567796821	-180.38743218532866	67.01926282745805	-121.59726780282881	399.9007846099819	-1026.9428361834573	938.0083074969734	4395.374061035429	12.21297112533897
?	104.8768344920558	-60.974300354555666	61.5061558920706	-34.86169702107089	341.17379554218655	-2593.1125858333326	1375.016160759061	11700.061209986561	5.296019720817298
?	107.85603066024044	79.91865933377511	65.27617797640451	97.66267284272024	270.2451553183157	-478.2207415237673	1523.0113679962994	6719.240813575553	12.704815642271866
?	108.87276745874455	48.954478051038166	66.3892895342066	90.05006011267174	317.2627584659983	1386.3668703640126	1710.9782014378375	8283.519496478086	6.724010945768484
?	110.30375456279234	15.970651314546046	69.77868098203808	60.357193432934295	339.5634988365161	1051.6282295643068	1937.1873428202023	3116.5918145855694	14.853005533637708
?	109.67130002447185	-41.41092565645025	69.4071492058533	-87.91071455233012	369.84416994421343	266.1469519283183	1866.8077921671154	-5074.075137508235	16.50745595931423
?	108.23320827996983	18.29890326657256	65.38314525442159	-90.60772610084887	352.87084643293196	-2037.7153502755816	1683.4835859447915	-9783.799528735739	14.477895867542246
?	110.58624518780047	288.6911743556901	64.87676290081087	65.59329033697787	267.9584024304347	-874.9163703379062	1377.6178157303302	-2414.8143121184326	8.715383842127647
?	122.66776699775428	191.98424187950832	68.66280977127047	57.10921463283078	309.1250279160368	449.1957571559424	1562.7428703388703	8056.11347394407	11.352613011621367
?	120.18545728177585	-217.91894665699422	67.7322236324524	-202.62198583526242	290.41819028823176	-475.82806112103924	1780.4234894275323	-3105.1341794069203	10.696553945686352
?	111.77181966490461	204.43867848093322	58.53171047950739	-19.374012630436038	285.3336248599849	-362.61785561932146	1407.4861613685248	2815.6706533566567	-1
?	130.40739120582248	665.1548959726191	66.7635230009306	311.52493812659924	272.28729750726575	2106.4847991593383	1921.2070220953647	9121.185149876574	12.761807387645865
?	145.02956446353545	426.15748785696536	74.1079573858373	137.1003847383047	390.65786481795146	3939.0925055853	1863.5454188623519	-6865.409427585016	13.035835449095762
?	151.71526559867067	242.62583391505046	73.61854223784582	-123.01613950658223	469.24192278653004	1535.467739063307	1577.936550716115	-6999.46448105423	16.307577615806228
?	157.16085615928793	70.61280145452739	67.9571504105082	-380.78986187157517	467.43125177111654	-2546.140144139118	1513.5721948096416	-3597.9519241458947	16.287839282522174
?	155.24590567139703	-3163.2171231857697	54.579049144267124	-308.8461479351809	341.9349155795746	-2557.9635009621597	1398.038954508821	1272.2574008401261	-1
?	-1	-3124.9181134279515	52.514843013749214	-12.60377007062293	339.533076723009	5610.243575982793	1577.1850648516477	5307.443348373864	-1
?	-1	0	53.94886064073598	20.70883785925439	622.4470943787133	9694.798696524687	1663.4111219275132	945.3962597879388	-1
?	-1	0	53.55028490671193	-25.69660336202626	824.2730115492417	4147.7573309375875	1624.4548778410444	266.58766153294533	-1
?	-1	0	52.66403047263467	-22.21908129983654	829.8349609255919	-5373.262750478858	1676.7405050041605	-2750.2649121945483	-1
?	-1	0	52.43933084172011	-46.36318738130486	555.6098740252998	-5431.70249853607	1486.9416322313175	-4554.0203403766445	-1
?	-1	2698.044094887251	50.345871103569436	276.3438378070843	558.2498359987893	-5011.8835950772045	1449.039487985329	5051.583809418212	-1
?	133.90220474436208	2830.881073049633	66.25652273207427	416.4608085480902	305.0156942714404	-5613.779570785986	1739.5208227022272	7909.632756334332	8.035441002077524
?	140.54405365248115	293.01689365690595	71.16891153097387	151.21852651942814	277.560857459491	1976.8723180772818	1844.5211258020443	-2299.5618153110663	14.83860807979735
?	148.55304942720733	167.71160582022392	73.81744905804565	42.01221358904221	403.85931017530413	3883.2708889176242	1624.5427319366743	-6670.6819417133565	17.39572972703294
?	148.92963394349232	36.2827768108714	73.26952221042598	-35.00380823518766	471.7244019053715	-2022.2397260318705	1510.9870287163776	-2369.4836500768447	16.338991791650745
?	150.3671882677509	15.55595841364328	72.06725864628628	-6.251613746212308	302.74732387371097	-3090.3812031955404	1506.0685494328325	2757.3591615256973	15.442619725311811
?	149.70743186417448	-193.65047663068717	72.95694152311536	0.45753738583328446	317.20534174559504	-445.46583729983973	1648.854986792662	2649.2213152634154	19.289459308461296
?	140.6846644362164	-412.6870560054469	72.09013551557794	-125.47779716625762	280.47403200871867	7277.444913765083	1638.5296151960051	5198.168507961986	16.81299419692554
?	129.07307906390184	-2833.6932887242874	66.68305166480239	-147.03727568659605	681.0775874338543	11298.11138613334	1908.763412190765	2863.2107463141942	9.238068190037414
?	-1	146.78944886800954	64.73827173124803	-5.794460736172968	845.3796013153938	1593.7962373130017	1781.6901525117169	-4374.259769427301	-1
?	136.41255150730242	2633.1757634790415	66.39332862799374	180.18755912054473	760.7673992995055	-7927.029798615795	1690.0504237193968	-2042.1858892976052	1.1770091104186495
?	130.65878817395395	-223.48184336988646	73.7476496872754	-107.68375414148298	449.0281113845984	-7246.191287943232	1679.5808580468351	-2917.720879297112	12.171149311327799
?	125.23845933880794	-2633.1757634790415	61.00914092091951	-400.700016784545	398.4578349023388	1868.6454203900935	1544.1643797545391	-1881.5536671299246	9.097148359441334
?	-1	421.4716598061773	53.71264884804786	129.4193770276098	542.4603824041044	-327.6654669478045	1585.5031746903376	10017.60094292987	-1
?	146.3120423291171	2761.1352643051378	67.4801097723001	264.6679880081302	382.07456155494833	-3903.0705702105606	2045.0444269010397	5573.856158514239	13.539111234569276
?	137.05676321525885	-2946.2408465823	66.94604824845456	-63.18358273701416	347.3068538935736	11188.05028557647	1864.1959826160535	-7773.271021999953	12.137277699968228
?	-1	-2761.1352643051378	64.32093063544934	-5.97116840587708	941.4770758337797	11654.112083397311	1656.3808758010366	-2471.650207319791	-1
?	-1	2756.934579657011	66.6474898281607	113.08676938832274	930.0124580634474	-10565.223881993315	1740.6134722500622	4629.19576765589	-1.646297741619763
?	136.8467289828525	2735.923812865059	69.97526910486556	91.2403414473256	413.2158817341065	-12990.379916217269	1887.8406641838344	-3637.1634643924726	10.210427273731428
?	135.7961906432549	-40.09949506415694	71.20950690052705	51.63338718391953	280.4934622525748	-1567.843387324562	1558.755299030436	176.88524639106367	13.749504221280494
?	134.84175422964464	-162.62257292215563	72.55693846406157	12.795502712540486	334.8237123678773	4038.019844239113	1896.6849265033877	2663.242766253919	13.972750870152598
?	127.665061997147	-281.6120744197701	71.84928203615408	3.0077844878968136	482.3944544645333	5044.894867485126	1691.9174373431338	-7504.178399668415	11.887379384126124
?	120.76115050865593	-269.2210980352768	72.70732768845642	-7.776425298161943	587.0684557421372	-997.9015707231946	1521.4760065199616	-1198.3167933175002	13.22871322560041
?	114.20400709538298	-200.42999349146953	71.46046077124598	-144.9151483762153	432.49937592837284	6121.040132192924	1632.001597677258	5262.163051546734	8.29990134575769
?	110.73965083408231	238.6197102084404	65.46157026964555	-173.6465229243978	893.1204623517878	7122.918227904562	1784.584159097302	2511.5147068980114	4.123720311143843
?	126.13499260580517	185.0848414747937	62.77813462502596	69.56457990429428	788.645287323606	-11111.777579225933	1757.5773330221602	-2183.1558314534195	-1
?	119.99389290782213	115.34066568719034	68.93979926486031	154.00236821633933	337.5315833904832	-9506.05744971495	1675.4263675246295	-3655.793962266901	8.041042357969035
?	131.90202589016477	498.3968878935761	70.47825303584304	82.25734617617403	313.3424148378517	1465.1317064869347	1574.7876349088126	3089.0139021036443	12.182259010600612
?	144.9137373025013	246.20292861059275	73.05266657366907	-38.6690334210539	410.788168714831	3843.589801648917	1829.877062629814	4893.209052170022	15.53741169657717
?	144.21217232069458	-2918.2747460499845	68.54480136479032	-309.76856474477586	505.5219049203003	4860.020253139772	1819.4480875173172	-4710.34350818336	14.903057576061201
?	-1	-2904.24344641385	57.56423833643006	18.339329018672597	653.789181371823	6370.407117246113	1594.3598872206426	-2766.676787373187	-1
?	-1	0	69.46176781572396	271.6548539647127	824.0422607826105	3538.071284228451	1681.1142481486559	3797.6428923120334	-4.489539103263706
?	-1	3333.621039721486	71.14698103466589	175.17475277791823	830.6927455832481	-5994.602239640916	1784.242031836247	-3270.581195775516	-2.982833302872277
?	165.68105198607665	3338.976130732513	78.22050545462	-144.11169114796488	524.3121488005604	-7582.292476784554	1517.5851883598777	-8662.761477605218	10.521817297135167
?	165.948806536628	-3333.621039721486	63.94139647726754	-638.9420445474295	451.578121744015	-1915.727610399399	1351.10395795598	-1857.5260286466037	10.182982834482775
?	-1	282.0747786194772	46.27340322724807	132.36509049852825	428.5257682805891	1833.9747342387238	1424.7088869275462	-2381.9679617728098	-1
?	180.05254546760207	3339.053136507577	70.55965100219405	546.6386324933784	543.2768584559525	4163.088670710542	1232.0055598673378	-4526.982560582345	9.581308093512266
?	165.95265682538124	-585.7338714586373	73.60533485191738	-2.0610148807966473	636.6802018161192	-281.3213924699818	1198.3597588984258	-23.006746324139968	11.118768097102537
?	150.7658518946698	-649.6814768254255	70.45660025815421	-183.90437055092883	529.2107888324532	-7817.854053626579	1230.8552225511307	1973.0262838377341	11.976588448693544
?	133.4685829841095	-455.67709448500216	64.4101163243708	-131.4647363109219	245.7874991347846	-5737.826216509937	1297.0110730903139	1640.8212317666578	-1
?	127.98199717041936	70.0913800024314	63.88336344260802	141.05060862232958	242.3194780069523	2248.204036239413	1312.8962841394648	5901.244199133123	-1
?	136.97315198423112	45.9381135530696	71.46264675548738	-46.8353284945663	358.19770094675687	2308.84087252525	1592.0732830469742	17.657207124984527	7.522339164362553
?	130.27890284807287	-2759.4630396845832	61.541597017879674	-273.7132230698074	357.76152163321643	2179.9222679059762	1313.779144495714	-5822.308377779326	5.787221098030004
?	-1	325.10342769435334	57.77698560199682	203.20414624325943	467.19381434205724	1340.6456501529888	1300.9578641580038	-4526.274578777442	-1
?	146.53407423279077	3088.910472609776	71.70180433004279	411.29465414145557	424.7938041408668	81.11213318580325	1087.4654155568387	-4218.756004125288	10.623432330252191
?	153.445523630491	-2930.6814846557736	78.34171830906989	-1434.0360866008355	471.24942100134746	-8495.876082817216	1090.0200639517363	-21749.308311136465	15.973700800544322
