rowLabel	avP	dP	avI	dI	f1	dF1	f2	dF2	h
?	290.773355589353	-20	58.229517300606474	1038.527668892147	494.47386219918184	14734.82368415549	1028.8721593417654	31654.607050279432	14.855725524675485
?	-1	-606.3123319620843	51.926383444607346	-99.47864142799716	736.7411842077745	2164.2393927340536	1582.7303525139716	9649.1393781544	5.669635169446506
?	260.4577389912488	4941.296624287299	53.255585229206616	404.45975087026824	602.6858318358845	-2613.7880396217465	1511.3291282494854	-14081.723956525255	3.559044573578612
?	246.06483121436503	-606.9408861100403	72.14937098812077	252.55718359829308	606.0517822266871	-4042.033574543528	878.6441546877087	-11591.202096060142	13.426093505766087
?	230.11069468574678	-559.3112473865336	65.88344440912127	-399.02366613925335	400.58415310870816	-5056.640029895485	931.7690234464784	8007.770917135926	16.893631149519166
?	218.09926884503835	-4622.213893714937	52.1981876811581	-333.48266602291795	353.2197807319129	4206.151413965045	1279.032700544505	15168.33540681526	-1
?	-1	438.91473603460736	49.209311107975374	247.76290512573104	610.8917238069604	-91.00071362489872	1690.1857937872412	-3324.3431784350114	-1
?	240.04500564676871	4578.739999666217	64.58633293744465	186.37192579740318	348.669745050668	-6412.424998651465	1112.8155416227544	-4980.895106939139	17.02736334553548
?	227.9369999833108	-4820.900112935376	58.52790739784553	-496.56968850062407	290.2704738743872	2249.5253160431566	1441.1410384402843	6606.309207523952	22.2776146600307
?	-1	-4578.739999666217	39.75784851241345	-390.26553754422235	461.1460108528258	3109.851394474518	1443.131001998952	1102.4064525832093	-1
?	-1	0	39.01463052063442	55.024678941305275	445.7630435981131	2278.0786352884675	1496.2613610694448	-372.09910613517843	-1
?	-1	0	42.50908245947872	118.82053767908876	575.0499426172493	4749.494845818793	1424.526046692193	-3639.073748525749	-1
?	-1	5390.079854381507	44.95565740458886	427.50756532824215	683.2377858890529	1845.8916855440596	1314.3076736431572	-4355.585583155308	-1
?	268.5039927190756	4973.162179189904	63.88446072589085	629.5325617999189	667.3445268944523	-1650.8176970194595	1206.7467675344274	-8917.809610199873	-0.7606886125160847
?	247.65810895949542	-294.68003305853216	76.43228549458483	87.00418668686233	600.6969010380799	-4410.093447799292	868.4171931331631	-5398.731773601048	15.395239548125152
?	253.76999106614898	492.8240675625751	68.23467006023397	-98.79030336362652	446.8398545044875	-561.4465588962726	936.8101788543747	533.7183734253081	20.28610222366313
?	272.2993123376242	588.9566132973863	71.4927703264035	108.96937641474655	572.6245730932662	2627.919347165033	895.1031118044285	-723.5148889842747	19.047415164598235
?	283.2178217310183	-118.45728870611983	73.6831388809713	-273.494247442015	578.2358218627393	-1465.5460031325308	900.634434405161	8624.771457159844	23.712865348450887
?	266.3764479023182	-5684.356434620361	57.81805795430274	-567.1215771548016	499.3472729366396	3782.7712201627573	1326.3416846624211	13359.335542655144	15.229076938893515
?	-1	-5347.528958046371	45.3270600232312	-216.6143237051513	767.3743828708773	5808.619173559598	1568.6012115379187	7050.512275848364	-1
?	-1	5965.504630513991	46.98734176904519	550.9295569742492	789.7782316146191	-5801.312098449019	1678.8672984548389	-9607.491648267978	-1
?	297.27523152569984	5676.9219391314	72.87353787194368	556.2743953159933	477.3087779484261	-7310.715221527002	1088.2266291245194	-16327.440593010133	16.547255793742654
?	282.84609695657025	-1018.7323837468184	74.80106153484488	-23.12426070850305	424.2424705382687	-3503.933942817263	862.4952688043315	-3146.2015633755886	23.27740240722023
?	246.33861233835887	-1206.054211845297	71.71732483651853	-7.124361679765905	302.1120808075628	-125.55271147000883	930.9165509557398	833.616578004675	16.876007386613107
?	222.54338636430535	-699.3071784101579	74.44484345085658	-47.3785711503066	417.9648349647683	1642.427384598718	904.1760977045653	392.3713424244462	18.477503230173234
?	211.37325341785095	-331.8328450059957	69.3483962790032	-216.72132009276817	384.23345003749876	-1670.298296492353	950.5351180769621	4509.916768730442	20.653823240659346
?	205.95174411400555	309.170759601229	63.60877744621816	76.75832697818088	334.44992014015054	1114.8019282155215	1129.6719361410876	-434.98966026437716	12.48322963534533
?	226.8317913979124	451.1730994508487	73.18631262791224	-156.69607747393016	439.9735464482749	801.3827905099906	928.7856350637433	2673.296012097801	19.803942349119904
?	228.510399086548	-4556.635827958245	55.77397357252165	-672.0486194147566	374.5190596656501	353.5656784386364	1263.3367367459778	10321.222334184517	17.457182167519544
?	-1	-4590.207981730956	39.58388165717439	-111.9410095917164	457.6518303702067	6509.035699200842	1444.8467517729696	6019.447862287242	-1
?	-1	5404.281816783469	50.17692309293582	590.3443029028458	699.9708446256925	-2811.0685770871087	1564.3091298603401	-2508.2454766058277	-1
?	269.2140908391737	5045.048355347116	69.1010968023167	368.930686986624	317.09840151585115	-8261.81782384107	1319.434477942678	-8663.694448445072	17.585822851693724
?	251.252417767356	-1281.866996421175	68.62345744226704	-181.3376273263165	286.8799534336387	-1312.2089847301163	1131.124407438086	-1560.4740989898332	22.129566252833683
?	205.1207410181149	-1222.5821246606108	60.03421543600087	-46.64081072054297	251.48795227934528	3632.8100379742114	1241.4107729931864	5727.262364754514	-1
?	190.1233115343254	-4122.414820362294	66.29141690623989	71.66905951281615	468.52045533234946	7598.029702584914	1417.487525675812	3115.6946859737554	4.5431590403546425
?	-1	-3822.466230686505	63.61766841164168	-433.9031887209973	631.3894374085913	2942.941468880501	1397.1955072918743	1103.9526460216248	1.342997241808309
?	-1	0	44.596257470190004	-491.60908962053213	615.6675287763746	-2173.053233802232	1472.6851579768934	2474.543945095354	-1
?	-1	0	39.03721393061505	-136.1818813450151	522.7367757184796	-1332.105764867623	1520.922704546642	-74.70699786550533	-1
?	-1	4474.975995166173	37.78716340293924	252.2603985957631	549.0622405329934	2883.815472890721	1468.949808083618	-4684.225378371266	-1
?	222.74879975830885	4447.864372837696	51.65023386040322	583.130855323162	666.9275493630158	-531.3125690448916	1286.7114356280786	-11624.697413102509	4.657626064674114
?	221.393218641884	-261.59284526024385	66.94370616909724	252.22681132199006	522.496612080749	-6266.959342047872	887.7149374284948	-4213.530297027852	13.479420464335448
?	209.6691574952967	-57.03718634599645	64.26157442650268	29.023310396489524	353.57958226062334	-772.754515661848	1076.0349207766867	6995.650016541401	20.140690007639627
?	218.5413593245842	448.22762972083	68.39487168892171	135.42375953996972	483.8588862976567	4347.956021071071	1237.4974382555636	-4570.00365622894	17.247745349751945
?	232.08053898133812	234.5595594234501	71.03276240350114	-352.8233355947661	570.9773833141761	-758.2177370367258	847.5347379652405	356.23604688472494	17.330733957276788
?	230.26933729575666	-4661.610779626779	50.75370490918347	-635.8565831900455	445.9479994458205	-327.3030832545089	1255.3092405997998	12370.940899708246	13.24038824757973
?	-1	-4625.38674591515	39.239933243998976	-2.7326389735209586	554.6122291514507	5164.42654420918	1466.0817829506507	4127.292164229972	-1
?	-1	5865.033835682932	50.61707296050742	337.932369963523	704.1693266562786	55.355006088771205	1461.6738488112976	1404.7399361930552	-1
?	292.2516917841455	5551.460442474567	56.136551742175065	316.5448069532159	557.3799794558893	-7310.902176912869	1536.3187797603032	-11322.841066432062	-1
?	276.57302212372736	-333.01349513564566	66.44431330816816	166.14134672494902	338.6242178106364	-5170.102042388771	895.5317954896965	-10397.112280953348	19.685634181185595
?	275.6010170273633	-158.53183236487723	64.44361907842249	-91.03888822300935	298.8748773364516	-1047.230581560074	1016.4631657126376	9716.09103747855	23.669495588658517
?	268.6464305054835	-477.7147990689241	61.89236889701771	-371.91689861548247	286.2626887326329	2792.789293606089	1381.3363473636223	9383.425457258296	-1
?	251.71527707391718	-5392.9286101096895	45.84777414764843	-474.01015932456926	438.51434201675556	4430.165350646431	1485.6344385755508	1523.3357618963018	-1
?	-1	-5054.305541478361	38.19186093078933	-136.32808507000695	507.77095626495367	2828.133798004029	1457.503135458437	-110.72861444712584	-1
?	-1	0	39.031369894148106	7.9578962284310535	579.9210319169565	-33.7722802787688	1480.0980078531945	934.0118195990668	-1
?	-1	0	38.58975574221088	197.27219721694098	506.08234225101523	2026.0258439410431	1504.2037264383903	948.8287922759571	-1
?	-1	4598.358040750767	48.89497975499512	701.2300292787312	681.2223241140083	3063.461598212559	1527.5394474669922	-7042.615768646936	5.194020862546526
?	228.91790203753752	4438.291976623298	73.65125720614732	392.0387007689675	659.2554221616426	-5497.791945681605	1152.0729380060448	-6888.700107743236	6.077063204184577
?	220.9145988311641	-126.32765319768669	68.49691479344342	-215.11805326620083	406.332726829929	-7979.79089690684	1183.1044420798316	2015.629286669671	16.44273027488329
?	222.6015193776532	-4438.291976623298	62.89535454283732	-530.8627570742447	260.265877316302	566.4404849933042	1252.854402339528	6608.6809639069415	24.712852535902385
?	-1	235.69019843602146	41.953776939731284	-73.37453852679741	434.6547510795941	7500.238300931967	1513.5384902751775	1209.100624805287	-1
?	234.38602929945424	4521.688658560655	59.22662761649746	552.8570028409396	635.277792362899	-1683.796208369737	1313.309433579792	-12107.295646733199	7.900637829922569
?	225.08443292803196	-315.34025443583744	69.59662708177817	39.11982164708462	350.46494066110756	-346.2204714076678	908.1737079385198	-6595.4574570559025	17.502640666871105
?	218.61901657766242	703.1939595299493	61.182618698851684	-19.447670147506596	617.9667687925157	3320.0032610502153	983.5365607269981	2360.9283730237657	1.165200336600196
?	260.2441309045293	1163.0859625695798	68.62424357440284	321.55795427738866	516.4651037136177	-2538.472322684057	1026.2201265897077	3949.078117614802	10.54782490544657
?	276.7733147061412	584.6912234510419	77.26051641272106	176.4136081460831	491.0431526583133	-1154.695553766407	1180.9904666077375	8167.086223026583	25.124739217631777
?	289.4786920770813	23.760737010696943	77.44492398170696	-29.87023080446317	458.7303260252976	198.1551080414222	1434.5744377410354	7369.094818282387	27.151004333443318
?	277.96135155667605	2196.7781068981617	75.7670048724979	-222.91393458580666	500.9509080603844	-319.35872808126874	1549.4452075218555	4261.969605464612	17.03616927769058
?	399.317597421989	-915.5968521192732	66.29922725241667	-366.11229082694535	442.7623896212342	948.3226664988729	1647.6729180142652	231.26252977665527	2.794350367574785
?	232.18150895071255	-8006.351948439808	57.4613903311507	-212.4139462507849	548.3670413853279	5617.6721225726005	1561.0083340106883	-2042.289625671854	0.9139902906276326
?	-1	262.0315921256722	55.678529939877464	342.1510956878853	723.6459957498632	-1628.9710018539984	1545.5584367306728	-11019.633386155847	-1
?	245.28308855699612	4271.09176221428	74.5689451155449	20.34217701971876	466.91849129262823	-8139.928370740361	1010.0266647028978	-4731.572938629932	11.631292159474222
?	212.55458811071324	-57.540538339512956	56.6956387908634	-355.31083417089616	316.6495772128466	3256.071527932595	1308.979789799177	8639.059804356954	-1
?	242.40606164002048	374.97126959090696	56.80340340700016	281.1335196053129	629.7220676892574	619.2572047400698	1441.979654920744	-4002.1200653549754	1.8159548325225532
?	231.30315159025852	-347.2992475394069	70.752314771129	220.33580750792078	347.61243744985	-5945.268830758343	1108.873786531429	-8935.702914615129	21.56748592062872
?	225.0410992630502	151.7923855539669	67.82019378239616	146.01627489942126	332.4586261513413	4395.866576929912	995.1945091899892	-1117.7583854452398	19.889341007042017
?	238.89277086795684	206.63598695390323	78.05312851610003	208.5811720649328	567.4057662963448	6256.031526933055	1052.9858672591672	7348.979750917739	13.66948952834313
?	235.37289861074532	-118.47016485958747	78.24925238564276	-398.66531659010064	645.260202497993	738.2703068753884	1362.6434967358748	9973.872653786979	19.988009586363816
?	232.9692626249775	-4727.457972214923	58.11986268659507	-363.25153173900446	604.3192816401141	957.0749498302473	1551.6794999485144	8267.899169906676	13.091189227594551
?	-1	880.3088171815657	60.0866757986926	186.52361507725723	693.1139499895052	1253.8299752377088	1776.038455231207	-4869.149743881539	2.210202022217639
?	276.9847034840556	5608.757084759796	67.4460434404579	362.9884467442173	667.0107804019993	-867.6637624615986	1308.2220127544383	-18185.954735542306	8.20727676405052
?	279.4378542379888	137.88237280989554	78.2360981359034	276.914630500449	649.7307618664254	2704.1997789027464	866.740718454095	-8973.353978469468	23.600644961606577
?	283.87882212455037	-193.1382512481623	81.2917749654803	-5.256618156359726	802.2207693471362	-669.5927017751639	859.5543138309665	-767.094860079249	26.172412511965952
?	269.7809416755807	-1041.4224698777937	77.97326722808542	-250.51551411192608	616.2511267776673	-8302.33546024696	828.3859754501327	5793.9075719899465	18.986616166486524
?	231.80769863066087	-1148.0635670471156	68.76599925988404	-182.15416282133967	387.1039963347896	-4514.2760346862215	1149.2496924304628	6955.152663970209	17.000873334617246
?	212.37776332322514	-253.55478353284786	68.86555908701847	94.14303587156246	390.53732504335704	3482.57056848446	1176.143608648642	-3154.506394841269	22.718758095247104
?	219.12995945401852	105.63394143085569	73.47315105346215	79.25447435292767	561.232524759012	2909.7575297053345	991.5243726883999	-1802.765856705657	13.695421445346483
?	217.6594603947679	-6.957928464976273	72.82828280466484	34.088899939327014	536.0252015286233	82.7471523372404	1086.0053158133594	455.84575950147996	21.322927577865137
?	218.7820630307697	41.5614829887467	75.17759605042849	-36.743246028753006	565.369882375874	2068.1703940427888	1014.3166606634738	-1117.3595929331389	21.305745543125177
?	219.73753454420523	-77.8088475707389	70.9911205032272	-404.03129001117946	639.4337212307623	4027.7126047257825	1030.1373361667027	8690.900809059729	15.728451161360951
?	214.89162065223277	-4414.750690884121	54.97603154986959	-514.024149122713	766.7555126121624	2207.8918107116974	1448.8617011164588	11000.530716666679	-1
?	-1	136.823264620591	45.28991304709164	154.63975717119436	749.8283117663468	-5141.500964794726	1580.1638720000346	-3058.254824880916	-1
?	221.7327838832623	4264.275318784449	62.70801940842928	237.7346302025265	509.680464372427	-7298.541604673651	1295.9489598724135	-6662.488480262669	6.917728164326044
?	212.2137659392217	-4454.6556776652615	57.17664455721792	-488.7844926894606	384.9012315326656	-199.36585936124473	1247.0394479869024	2848.708203259326	18.96426258491931
?	-1	189.8594136778679	38.26879477395634	77.42409350526357	499.7121714043648	4895.588240171826	1438.3843700353793	-1629.0669692220456	-1
?	221.70673662311506	4551.235610484762	61.047849232481084	724.4239976953098	629.680643541256	3713.097444840017	1165.5860995258004	-7741.831127171872	0.5773910638336185
?	226.5617805242373	618.6569327420402	74.4899946587217	175.15544113013	685.367043646365	-3304.329048922631	1051.292813676787	-7621.275327711812	17.592001443800907
?	252.63958326021697	536.8533003845979	69.80562128898755	-387.6082035411272	464.46419109512505	-2209.8431944188096	784.5223331402111	5049.298434940752	14.072520502542625
?	253.4044455434671	-5072.791665204358	55.10958448166541	-498.6986826589176	574.8748839254249	5953.204211819466	1303.7577354238238	15798.356927085164	12.101386507198288
?	-1	-5088.08891086936	44.87068715604176	-339.7060716398443	762.1244016860973	388.8851840632233	1574.4401794944665	5470.885898476737	-1
?	-1	0	38.12428089967325	72.99760977369144	594.319143128586	-3408.267649151763	1577.3020303476596	-696.3239470732176	-1
?	-1	0	48.52056764472632	352.7171671773135	591.7110192285097	-1511.1944509844043	1539.6239821408058	-4872.153167710493	-1
?	-1	0	55.760139258538864	-190.3985368040895	518.7594205793661	-3120.445361351934	1333.6943719621358	-1009.7521205867624	-2.6803420420449053
?	-1	0	39.00064080452188	-343.6611944111257	435.68875116091357	613.4804854734238	1489.1363761114678	2559.1062181877896	-1
?	-1	0	38.57707953798264	51.18191216637972	549.4334448530371	1817.8039899203948	1461.6496828715249	-155.6906827107383	-1
?	-1	4809.694548249569	41.559736412840856	369.52452869593645	526.578950656933	2005.6696696527754	1481.351841975931	2859.621346188461	-1
?	239.4847274124776	4586.4076714401335	57.0533059727794	597.3792654656401	649.7169283356756	1478.5831028237164	1604.6307501809474	-10628.663549502498	-3.6756790721676595
?	228.32038357200588	-361.1125535831316	71.42869968612276	335.36485857839443	600.5081057981186	926.4080510242171	949.918664500808	-12403.33159388904	16.620913250582486
?	221.4290997333211	-158.86827889263316	73.82154890169906	57.690076297297914	696.0373308868863	2224.0063231928693	984.4641704864977	3678.705980670108	22.52339053178903
?	220.37696962737425	-13.210228816619793	74.31320350098764	25.094465415805676	711.7084219577616	105.23998054300401	1133.8539635343127	4633.099243170987	23.860694483288302
?	220.7685882924901	-2.2417836196001497	75.07627217248934	-55.641012539933485	701.2993299140364	-1478.0739286058845	1216.1191326450462	-2147.8708461076017	23.682345179569815
?	220.26488044639424	-46.31428517117302	71.53115287399098	-368.5675774358781	637.8047255274677	642.6548263226096	1026.460421228933	3519.6609511704296	19.143951867914634
?	218.45287403393147	-4425.297608927901	56.6478933006955	-528.257689663402	733.4320712301668	2872.8539152472363	1392.102180203567	10600.991357953864	-1
?	-1	-4389.057480678645	45.11826839082097	-340.99489316541997	781.447421289829	-4056.7831195309745	1556.5099891266243	2492.773518794442	-1
?	-1	0	39.59814864242456	24.947477410416443	530.5929152536188	-6232.6088561480565	1516.7408561432887	-80.59479697422859	-1
?	-1	4504.267858761884	46.36564226134179	465.07173297214774	469.81697848242726	-4792.680139617777	1552.480249277913	-3912.1154363307874	-1
?	224.2133929380934	4332.422334769006	62.851735291031865	228.4144774280028	290.9589082727308	-4289.337707817559	1321.13508432675	-3429.7230201544367	10.404011095031649
?	215.6211167384495	-4504.267858761884	57.78636613274189	-454.9501001364843	255.35009309155006	3390.893960932751	1380.9940982701917	2015.048618872054	15.270155357315671
?	-1	562.3287274108194	40.10423028420773	-90.4629355569492	460.50360631936775	7551.347056631052	1421.8875152703524	2861.195755429272	-1
?	243.73755310899037	4608.584655549999	53.263219354894446	580.9277766394889	632.9174459231014	-463.73423210244647	1524.0538860416548	-3165.4485714071848	-1
?	229.42923277749912	-474.6655603824013	69.15061911618207	399.25610583622444	437.3168947142455	-2679.3812104926737	1263.6150866999938	-12108.83314613687	15.758249441032216
?	220.0042750898704	-302.96801249088895	73.2260246467056	59.75940722176823	498.94838539846813	1759.2799487117445	918.6122287348134	-9157.24900505176	25.378083873203487
?	214.28083215295473	-273.86973507936756	72.13858947727047	-159.06438150930398	525.2808921498324	-1708.3852671617472	805.7526364474073	8366.838165194768	24.39045681938638
?	206.31078833590206	-242.13989913887332	65.27280557124043	-290.43703007624123	413.5291220403811	-4835.007323444101	1336.9541369945503	12213.094074801647	22.408376756039132
?	202.1738371960111	128.38192637155305	57.61673797345846	-169.78268529560924	283.53052597762826	-2759.135231581435	1416.4073401874875	2769.409607026979	-1
?	212.7298846544797	-1285.1986100488882	56.78367130645999	31.526237332198804	275.5723604613098	4370.972729002547	1475.4246173458987	-743.993206618832	-1
?	137.91390669356693	-4274.597693089609	59.1930498400684	-97.56411877593982	502.0791624277548	6388.885219694807	1379.207679856546	961.3166615457965	7.309120879217435
?	-1	-2778.2781338713485	51.90546536766302	-361.41715420630504	595.016621446049	352.31664091383107	1523.4904504231883	4110.6730464452685	-1
?	-1	4545.841322939689	41.12219212975321	347.5982987857065	519.6949944734463	-1433.3246711589622	1584.7413321788088	-6434.084359275175	-1
?	226.29206614698367	4438.5419937281085	69.28538030694828	380.4703684946194	523.3503878881012	-2238.8025835615736	1201.7862324594307	-10376.597993428022	8.412957648390002
?	220.92709968640466	-4545.841322939689	60.14571055448411	-497.4504138510637	407.754865295368	392.4378946648804	1065.9114325074095	5879.77976384834	17.725904609797126
?	-1	325.0227322108236	44.41285961439519	45.35290722029986	542.9722826213451	-1469.3548371533275	1495.7752206518467	1089.5909491407513	-1
?	237.17823629694578	4462.534637899094	62.413355915499096	405.6653613750913	334.2871234377019	-5548.195938423235	1120.3909799644468	-9860.474144155018	17.644425339811505
?	222.1267318949539	-454.17778619283854	64.69612768314968	-24.075402270305176	265.56248570018437	-903.2825187485694	1002.7515134440976	266.9219736325986	25.767830685778204
?	214.46934698730394	49.86835783768317	61.20958580198384	2.124078289363361	289.1229975002736	610.2379789852397	1133.7370786460767	-1350.2889409275556	-1
?	224.62014978683806	341.2146029021813	64.80233159761785	177.3559405184266	296.07438464944624	890.8702536259634	935.23706639772	-8516.596749680308	18.66826745304793
?	231.53007713241294	138.80171490993624	70.07738282790514	126.27151380577305	333.6665101815716	2761.666591801073	707.9072411620629	-5016.619985718377	21.64539612693543
?	231.56023553233484	-274.71309795099427	71.11590728790648	-61.35204496442008	434.1577142394994	557.0568054531176	684.406067111802	4908.530415544027	24.54345735318481
?	217.79442223486328	-558.811987342074	67.00978057968415	5.318849167140077	361.5193504542274	-840.3600754489919	953.3337619392634	9939.662155479035	14.285763016185294
?	203.61963616523124	-409.2336914793825	71.38184974626348	-97.92262489099008	392.13971046704995	167.6222622334632	1181.389174885752	8172.647148273817	18.097136554503944
?	197.33273766089422	-4092.3927233046393	62.11364933513466	-611.7921785706963	369.9004635659005	1159.3739334602226	1361.9661193529528	6498.941339441208	18.850974279894785
?	-1	-3966.6547532178984	40.79224081772878	-452.74676824459294	450.1084071400609	4281.269746996583	1506.3362418578113	2836.163225040933	-1
?	-1	0	39.47631092290509	-46.24812967237846	583.9639509157289	1388.96904622897	1503.774280604999	-1382.6250428496046	-1
?	-1	0	38.47983433410987	277.4007695186458	519.5568594515091	2304.6263718162927	1437.2049897153313	-1364.6591513828619	-1
?	-1	4900.154179007358	53.34634939883733	324.45752666636366	699.1952695065431	5900.451373895149	1435.541323035856	-280.5246601285136	1.769393984190013
?	244.007708950367	4567.49687063145	54.70271066742799	363.4289301883293	814.5794281462655	-4524.474227715664	1423.1787567089057	-8606.810486787594	-1
?	227.3748435315717	-441.63226509632227	71.51779590825373	251.85343662880715	472.97155812076073	-7963.185023485668	1005.2007986964779	-12275.736442482112	15.853530409105653
?	221.92609569555097	-92.05892423927683	67.2953824988683	-76.47902822899395	416.4201769719835	-1469.4645850571153	809.3919345848022	-5764.794080335018	25.571463094524873
?	222.7718973196079	-28.93675129080758	67.69384449680405	96.96448211365328	399.49832886790523	432.88176791102086	716.961094679728	-1648.882170742776	25.379466605538852
?	220.4792581310106	-255.86363442159586	72.14360660455095	-8.764147857171768	438.06426536753446	-276.52019305627715	726.9478260476637	3878.046980935369	26.26586185696354
?	209.97871559852814	-101.61956376115633	67.25563710394546	-154.85034220770413	385.6723192150914	-687.6977981863207	910.8634437264958	7699.130247087519	21.65132523026385
?	215.3982799429528	149.1482113276629	64.40108949416577	138.0116983768888	403.67937545821854	5347.940873424325	1111.9043384020383	6297.537917761512	12.351415540943599
?	217.43612616491126	121.95834614751945	74.15622202278988	53.817166757940434	653.0693628863068	1561.8702412628031	1225.7403396145703	-6081.129122883068	18.405400969511895
?	221.49619725032875	274.71768356843864	67.09194783206279	-138.08566339132219	481.7728875213584	-4529.907927296579	807.847882257886	-11330.594266586219	19.038817485874013
?	231.17201034333314	324.99754533997077	67.25193885322379	48.97766302287084	426.5739665214786	-288.11321508156755	659.2106262852614	-3699.017390799922	24.089532944907987
?	237.74607451732723	-39.91687873180766	69.54083098320632	2.9093088348958065	467.3672267672801	-203.97966303022784	622.8970127178906	1997.1562934388705	26.462540912507116
?	229.17616640674277	-425.7698610528602	67.39740429496858	-468.6458315473268	416.37498336996725	3098.080888493499	759.0684409572045	15181.513741951769	20.775120234460953
?	216.4575814646843	-4603.523328134872	46.10853940584006	-479.4873296160742	622.2712711919545	5197.405720276013	1381.9726998154763	16470.62528013378	-1
?	-1	-14.76892299510217	43.42303781416496	385.0924832089262	676.245269383767	1239.1624290265165	1582.5997049638906	-6067.677985492486	-1
?	215.7191353149292	4143.6907496556005	65.3631635662863	351.8099379371004	684.2293926432801	-5357.068739361581	1078.588800540853	-9523.357890480458	7.06763640805549
?	206.1845374827793	-81.76435825434879	61.013534711019915	-32.32211748986029	408.3918324156889	-5396.117199065669	1106.4318104398694	866.3384361719394	12.4393107211385
?	211.63091740221176	-0.6137419482661156	63.747057691793295	-42.09242235284219	414.4235326899976	-369.0391402721507	1121.90572234945	2770.324921357816	16.78895566493227
?	206.15385038536598	-4252.618348044175	58.908913593377775	-437.9093619817181	389.9398754020811	1691.9620384323887	1244.9480565077622	5736.647274974525	18.410555358176204
?	-1	246.13567236559382	41.85158959270708	-222.82349686303672	499.02163461161825	4790.736736341841	1408.7380860981802	1359.221645742549	-1
?	218.46063400364585	4206.168912378451	47.76773875022578	454.67589424477916	629.4767122191765	-1618.0020010381609	1312.9091387948906	-10289.08029332416	-1
?	209.30844561892553	-273.76769868566794	64.58538430494636	427.26188205554854	418.12153455970906	-285.12682228740965	894.284071431965	-5862.548364078551	16.04139772683405
?	204.77224906936226	-92.51081633553422	69.13083285300351	91.78647330262618	615.2203711048059	5228.921240028533	1019.7817205909589	5840.915039869073	17.04113052640347
?	204.68290480214876	113.54400708821296	69.17470797007773	-26.640656609180457	679.5675965611395	583.076405311925	1186.3298234254228	2608.75875640866	19.554837122060135
?	210.449449423773	110.39686324854486	67.79880002254447	-18.346413923179934	644.3741913704025	-465.30569069416765	1150.2196584113938	-413.69196597604383	23.804635019139926
?	210.20274796457608	-30.257731213420268	68.25738727391872	-24.781541649846236	656.3023120264307	-502.9654515111175	1165.6452251266203	1460.8738308122222	23.060429658881468
?	208.93656286310195	-39.0802400409939	66.55972294005214	-150.81767519820204	619.2259187948463	-2931.802603688051	1223.263349952006	2983.698440975389	18.240058742398325
?	208.24873596252635	-4198.731257261979	60.716503514008515	-229.38098806840244	509.7121818420261	-4669.750605015671	1314.8301471753919	3553.467224585165	6.6181215559950894
?	-1	-4184.974719250467	55.090673536631854	-169.98040315882278	385.73838854405943	-2871.68015297401	1400.9367111812667	2140.209313697425	-1
?	-1	0	52.217483356067255	-213.25602303882258	366.12817419332356	978.8776916355673	1421.8406128602646	848.6140828045534	-1
?	-1	0	44.42787238469057	-276.14893942217043	434.6822731258385	2207.99841891276	1443.367415321495	2043.0901697643667	-1
?	-1	0	38.41003638495854	-120.62007833802879	476.5280951389631	1800.12861860016	1523.9951213484844	357.6146139143652	-1
?	-1	5025.432934690378	38.39686846778905	175.56240162696147	524.6887040558478	-1670.1759552454043	1461.2481460172135	-411.10732490405877	-1
?	250.27164673452245	4425.909823191709	47.18815646630674	354.90539927855116	393.0192973766917	-5172.391766169728	1503.4397551032812	-3803.270069047367	-1
?	220.29549115958858	-2874.9824399230956	56.14213843171686	167.33350615465585	266.0691157473577	667.9775677518554	1271.0846425648424	-2123.0069680039396	-1
?	106.52252473836563	-2336.3020014351687	55.55483177403965	120.63115142769219	426.41817576428497	2036.4100701920183	1397.2894067030827	2208.544979444369	1.2110205405088075
?	103.48039108782848	-2150.450494767282	62.173696003101554	-276.784991250688	367.8896192569601	-36.003341885720545	1381.5118915370624	912.1500040088502	9.175978982995021
?	-1	-2089.60782175654	41.71558221150505	-486.56975428081387	424.6180086699989	3319.027179598747	1442.8969069035259	2220.2741667693413	-1
?	-1	0	37.845208289060515	-105.81796058272991	533.8409782368998	3223.042387308561	1492.525599875531	1942.3853556709307	-1
?	-1	0	36.42468418236848	54.220949144688376	585.7701280354293	2514.9063856822913	1540.0161746870738	979.3094325947593	-1
?	-1	0	40.55625574629497	357.36673868849056	659.5862975210162	2735.2258448040925	1541.4910715052697	-305.26979269312073	-1
?	-1	4303.703052542525	54.29302111679326	542.5045626972847	722.5314202756358	-947.653255134335	1524.7526850524175	-5940.08017113432	1.9320511902659283
?	214.1851526271293	4133.849776329079	67.6814838811596	287.4061825131344	612.2036347642987	-5742.714165155411	1244.4870629485495	-8827.060679850172	10.247982562946364
?	205.69248881645686	-470.1046109240401	68.66333024245019	-254.38958981687287	435.3957120178612	-905.2540384704283	1083.3996510599027	2724.8455766330767	14.60665335867544
?	190.67992208092696	-4133.849776329079	54.96200439031577	-437.86975151710925	566.9409328407767	5414.976710081977	1380.7293417802052	9001.856221186408	-1
?	-1	-3833.5984416184847	46.769842666594414	-59.077489824826316	706.1445475219639	3068.4959704214834	1533.4924621192295	5607.227183605607	-1
?	-1	5409.684923764623	52.00812989907441	423.0139986035547	720.365731361853	-955.124804560444	1661.0907009604896	-5348.258091147073	-1
?	269.484246188235	5597.916610961392	67.92054259677245	260.26573792900604	658.388307293941	-4821.245228305022	1266.079557561872	-15902.421002657142	7.502454813833602
?	278.89583054807355	233.5904759475637	65.0214167955249	-399.1285584879482	479.3034699465985	-1593.3729893472264	865.9696508276212	-2649.8082811037225	20.096074663959143
?	281.1637699856133	-5597.916610961392	47.964114672374755	-513.4242947157999	578.7196578265786	3312.4469018127165	1133.589143506684	11603.817833101832	-1
?	-1	-5643.275399712186	39.35020205973454	-65.98202605266769	644.9258150372367	-1131.9700528914311	1446.160542482721	5454.248337573972	-1
?	-1	4727.326990307522	44.665013369741324	291.35669335069974	522.1211551820062	-491.06471987469814	1406.3015603853864	-6228.3272592358735	-1
?	235.36634951537943	4786.352930761819	53.91803672726974	520.8436971032775	620.3725790435015	444.3035578700056	1134.744179520923	-7956.303235801703	2.485599084472136
?	238.31764653809435	0.7211545804341211	70.70719822490557	293.24608076992786	544.3363330755068	-5480.778828986164	1008.4863985952957	-984.1261864321174	15.292866210736108
?	235.40240724440113	-152.52958873341936	68.58034076576634	47.37866597990962	346.3336375941894	-330.9318450554086	1085.5378701993163	-3094.7184988437234	20.850272910848755
?	230.69116710142328	-196.4121016814608	73.07613152390108	135.00737213603293	527.7897408227361	4999.308001100609	853.7504736531073	-5786.77479326325	19.063068042361888
?	225.58180216032795	-4613.8233420284	75.33070937256808	-1461.5226304780008	596.2990376492234	-10555.794816454572	796.1991305361497	-17075.009473061902	22.20444227948805
