rowLabel	avP	dP	avI	dI	f1	dF1	f2	dF2	h
?	-1	-20	27.135059333352924	556.3513652987962	847.1893079102018	14024.388664826143	1795.4055615420943	34409.947159069176	-1
?	-1	0	27.81756826493981	82.76679480036684	701.2194332413072	-4817.132020031745	1720.497357953459	-714.7477767678947	-1
?	-1	3014.8526731874667	31.273399073371266	694.1427683215652	606.3327069086146	-6712.1716976464395	1759.6681727036996	-2950.264754848148	-1
?	149.74263365937338	3100.2285299230352	62.52470668101808	931.5255347948976	365.61084835898515	-1394.4240127847754	1572.9841202110515	-3342.0748404299056	11.598017077516912
?	154.01142649615173	-103.25124842801304	77.84967581311614	139.69087227805306	536.6115062693758	3116.6581694210386	1592.5644306822044	4151.10864656409	11.402120382596383
?	144.58007123797273	-3100.2285299230352	69.50925029492073	-419.95656931999275	521.443756830037	2132.69972105549	1780.539552539256	7142.6291199278485	2.5301295571224998
?	-1	-2911.6014247594553	56.851847347116504	-267.1483413431073	643.2464923221503	4942.700184315298	1949.6958866785967	3379.9976490104027	-1
?	-1	0	56.15183322776537	44.313526347562096	768.5787660458019	7032.652991469894	1949.539434989776	349.0548008812994	-1
?	-1	4084.9605379507984	59.06752366449461	242.70898294465943	994.8791418956449	3800.6140774798073	1967.1486267226617	-3085.398122347011	-1
?	203.2480268975399	4086.1905977748224	68.28728237499834	315.09569180132496	958.6094699197922	-11593.549615243699	1795.2695288724256	-6836.741698382145	6.223935070843946
?	203.30952988874108	-348.71074202970334	74.82230825456085	-85.02727424148297	415.20166113346016	-8993.807714023214	1625.3115418035545	1592.952550898502	11.025969128042007
?	185.8124897960547	7196.634753598273	64.03591866292419	-202.06715946799886	508.9190842186311	14790.62674730223	1874.9171564173507	8581.567651757598	7.032002121052782
?	563.141267568655	7332.322458971416	64.7189502811609	91.71260023273496	1154.7329984985724	16712.9789312004	2054.3899243914348	-1561.2940532145954	5.115698710346479
?	552.4286127446259	-7293.700969605206	68.62154867456094	247.89776652700857	1344.5680307786517	-14813.780184183097	1796.852453756621	-12677.13025368934	5.614773562308156
?	198.4562190883944	-7153.112433083659	77.11383860751134	116.14353132865735	414.04398928941697	-19089.85750728628	1420.5334117069672	-5745.418711535953	11.888031766361841
?	194.77299109044262	-193.78696483178868	74.42872524099381	-153.31657550841115	390.0751554143368	7988.917808688091	1509.581518179823	9484.125606886215	15.457641992327959
?	188.76687084680495	-3915.459821808849	69.44800983209078	-417.2820646822801	813.4898797238219	3991.292892697846	1894.7396920512783	4018.0210275509316	5.24657434551092
?	-1	-3795.3374169360955	53.56462200687979	-103.82973007091513	589.6398000492293	-585.252991445056	1710.4825695573697	-1039.4775575960593	4.055585415611163
?	-1	3119.179123093852	64.25652332854502	387.20663073364216	784.2272301515691	-4790.704218892702	1842.7658141714753	185.6354033904152	-1.0661225986385763
?	154.95895615469274	2774.306341836803	72.92495354356191	66.97738818217383	350.10458910459397	-8028.288546429856	1719.7643397268905	493.11676725446955	5.171364043546411
?	137.71531709183995	-313.4114417715236	67.6053927376537	-42.68853309377047	382.8128028300768	540.3688660436826	1867.4216525341988	-2232.926652062304	3.8304923913572404
?	139.28838406611655	-148.9357828405018	70.79052688887339	-294.2300180834903	377.1230324067781	-509.3812615973486	1608.1180071237752	-5184.089934123581	6.2494237187293065
?	130.26852794981485	-2805.7676813223284	52.893891833479174	-556.6712635430903	357.34373975020935	2446.642210902784	1608.2171558280195	659.9165800755776	4.363993104758982
?	-1	332.3898239292302	42.95696371171885	229.96278397660527	499.4551429519174	6146.4862028359485	1641.1138361275541	5615.208840165219	-1
?	146.88801914627638	2928.368227998352	64.39203103230945	633.6965985323958	664.668049892007	-3582.0054513443224	1888.9775978362807	7925.775920592325	2.8191475483126944
?	145.41841139991772	-2957.760382925525	74.64179363833867	58.51872042291797	320.35487038470114	4816.897290666184	2037.4026321571707	1828.345279498106	6.354919753948229
?	-1	6158.261554440668	67.31796705345535	-254.61869352201694	905.5129144253165	9544.355111213077	1980.394861811186	-774.8277390005289	5.796166328763381
?	453.3314891219514	0	61.91085896223781	-175.05310121059622	797.5726259453554	1519.7401648650325	1998.6612452071442	113.75108392533538	7.144773808241355
?	-1	-6130.867760660161	58.56531199292553	168.03221495189192	981.4999226685682	-9661.894347277845	1986.0824160074528	271.9845868120408	2.1058727438266733
?	146.78810108894305	2925.596071856858	70.31246970983241	172.49161558420198	314.47790858146277	-12939.694505154119	2012.2604745477463	-6387.585474859497	5.423968360732007
?	145.27980359284302	60.97739812361277	67.18989277213564	41.510599175820424	334.51519741086173	2815.007034258124	1666.7031422644777	-8332.541573647442	12.539794652779289
?	149.8369709951237	42.458762510424854	72.38799966862344	146.51260187056735	455.2282602943691	2461.199889137606	1595.6333958653738	2262.746647772772	9.948034103268517
?	147.40274171836427	-276.88762716070335	74.51552286566401	-103.25470102917328	457.57519186774215	605.0723521967876	1779.8404746531164	7585.88258482899	10.758521691229973
?	135.9925896370885	-121.26423152919062	67.22526461716477	-103.47095109236525	485.4818779042085	342.399561139932	1974.9275251068236	6510.519932695155	5.72129743715941
?	141.33953014190473	47.321952904715616	69.34197531104574	37.861246674820244	474.69516992473876	-3591.912480432874	2105.3664712878744	1589.941572856736	6.788821975522931
?	138.3586872823243	-143.5128589436896	69.11832695090578	0.5983563921282092	305.88625388256463	-3769.9029620556576	2054.4246037496605	-6954.502992398696	11.067915729443987
?	134.16388719472025	139.1562506472933	69.37189313065215	98.49735697060189	286.2000218219557	887.7803580866058	1757.6413216679393	-1803.4586323331207	20.848392575242983
?	145.31649981468897	511.78208799875745	74.04319479943588	121.36480023046107	350.27527178689496	2248.5068842579976	1964.2516721330044	6662.415644762662	10.993893460738942
?	159.75299159465814	559.5456770673765	75.44013314217521	33.232491989159854	398.6253660348557	444.18700054085394	2090.7621039060728	3300.6935709561158	13.13695903559196
?	173.2937836680578	259.8547110293564	75.70481939889388	-88.82106216682817	372.4846218139377	-520.4379562920174	2129.2863506808103	-1806.2263974850857	9.467025905596906
?	172.74572714612592	-131.11403416592555	70.99908003383382	-360.2706538269904	372.6034682202549	6147.476365821069	2000.4507840318188	-4482.054832266024	10.593350216737429
?	166.73808195976156	-3474.9145429225305	57.69128670754442	-317.61374248503955	679.85844010499	13595.153283027397	1905.18360906751	-2219.77998164917	-1
?	-1	-3354.761639195243	55.1183929095819	-8.709074480903526	1052.3611323716223	6918.28644962781	1889.4617849493607	47.00850110503342	-1
?	-1	3090.5870799123963	57.255832983499246	351.493488440458	1025.7727625863793	-11589.403460626469	1907.5340341227616	2035.3263669798007	-1
?	153.52935399561926	2918.510214963551	72.69306733160474	-19.74392068286697	472.89095934030087	-12366.621181388513	1991.2281032983503	-586.1467327720513	3.508299471041731
?	144.92551074817703	-3090.5870799123963	56.2686369493559	-578.1215138291292	407.44170351695584	-189.13176900686335	1878.226697484159	-5289.639323654265	6.96674567097928
?	-1	-2918.510214963551	43.78699164014838	-70.48586131389268	463.43437088995773	6931.408214576659	1726.746137115638	-1820.808653267265	-1
?	-1	2892.7060408275775	52.74434388366128	584.6377855699225	754.0121142457875	75.56648917550687	1787.1862648207962	1530.9800474463382	0.6676789142935536
?	143.63530204137837	2781.0520950359223	73.0188809186444	518.2646349592957	467.21269534873306	-6957.396844132614	1803.2951394879547	-2175.0306642792098	7.473572017179186
?	138.05260475179563	-290.8166179017859	78.65757563162597	10.704876726203205	406.14227203915806	-1382.590102724361	1678.434731606836	-2300.946743339927	17.87728831573858
?	129.09447114628912	-2781.0520950359223	73.55412475495456	-564.0752269977731	398.08319021251526	615.0981370444548	1688.2478023209587	353.3722008695589	6.676516461065875
?	-1	-2601.8894229257917	50.453814281737415	-693.8744562664151	436.8971788913807	7497.748427670009	1696.103341650314	830.930489861292	-1
?	-1	0	38.860401941633924	92.73550575195519	772.9706115960144	980.3623806784652	1729.7943268140232	4770.788257947151	-1
?	-1	2668.4964459344733	55.09058956933516	563.1619262005919	485.9152979253038	-7179.305233922999	1934.6427545476706	5036.140364838516	-1
?	132.4248222967232	0	67.01849825166342	157.60494717845447	414.0053498998657	10142.639355623262	1981.601345055948	811.7956389703778	4.680820160926203
?	-1	-2668.4964459344733	62.97083692825785	-2.1844742616738775	993.047265706465	14735.648010613706	1975.2325364961894	-3642.610447361011	4.3075215645905995
?	-1	3416.5719157819394	66.90927453857972	194.98828612889736	1150.7877504305484	-3804.6008747770998	1799.4708226878981	-3811.3321001150416	-0.9086052807690737
?	169.82859578909637	3360.201957918439	72.72025123470269	108.2260904552346	802.8172219676108	-12286.796959529303	1784.665931490438	1022.4245067819438	2.63021538664517
?	167.01009789592135	-127.8341051389599	72.32057906134143	-105.98889914006244	536.4479024540854	-7476.085032074027	1850.5920480269951	762.7688647041332	4.979376682391786
?	163.4368905321484	-3360.201957918439	67.42080627769958	-353.47106280968035	429.0129703639107	235.74632663239836	1822.8043747256445	564.1688639773404	6.038290940320146
?	-1	-3288.7378106429796	54.64702592085748	-326.36866112438184	548.2352187857052	6621.561078057973	1878.800491225862	794.9865580298666	-1
?	-1	0	51.10237322148055	-62.649197089464586	760.0910242668082	6970.36606669609	1862.5537026271377	646.2717768792913	-1
?	-1	2826.3265446542655	51.51456606638426	207.6686544403164	896.7535221205085	-8762.71140057539	1911.1140800698265	2919.4785673449146	-1
?	140.31632723271278	2892.025394074317	61.48580594349633	226.62685796247894	321.9554542380402	-11580.34528780941	2008.527630994383	-2663.6193488358917	-1
?	143.60126970371533	287.8185277390695	62.84590896450817	162.36244014947744	317.7362577300401	765.3583869627248	1777.9331126280324	1857.818629641931	-1
?	154.7072536196662	754.4688041936677	69.60392795097017	253.61160275613548	360.2233735861763	3244.2983012065465	2101.418562476479	4239.504823907634	5.226054411860609
?	181.32470991339858	635.8064337200665	75.5264891023149	67.26572749798034	479.95117279036685	3432.6437715957204	1989.9083538234133	-7102.4185406107	8.612663811155596
?	186.49757530566941	-128.2198251877843	72.96721432586918	-190.51868077908335	531.8555621659617	1580.0620271048786	1746.2976354459454	-6039.2424436054525	14.286392419205393
?	174.9137186540094	-1341.109960444344	66.00055506336076	-41.613106775012774	558.9542741456105	-1648.8427825431088	1687.9462316431418	5047.358057962579	6.744171443074612
?	119.44207728345245	-1172.1246303792652	70.88655898711855	170.59215552662013	449.41342303880657	-3765.0605097577836	1998.6655383440734	6351.185669489782	2.7832897006034343
?	116.30748713504633	-135.7394110598414	74.53016283969174	-174.95364912855996	370.701248657722	1027.8743557126134	2005.5055151176298	-5583.214149343759	5.337398630511841
?	112.6551067304604	258.253285699349	62.13887653069058	51.780508468428835	500.80714082443706	227.27802930968176	1719.5048308768864	-790.2434991336969	-0.552753843954389
?	129.22015142001374	363.38044292616263	77.11918826311317	265.4122798904741	382.065150123206	-1544.746604333728	1965.993340160945	5415.368558831366	6.812725158539071
?	130.82412887676847	-2604.403028400284	75.40949052521424	-97.79540043846458	423.5698106077509	3243.135091197095	1990.2732588184538	-523.196207832777	5.913576148999034
?	-1	209.99076089150736	72.22941824118996	23.474752381614305	544.2219046830602	2578.9455041269844	1939.8335297693063	-4906.111760775056	2.795224366326747
?	141.3236669213438	2674.2853843796893	76.58322814429495	36.47896227414846	552.5170858140997	1199.5177239528696	1744.9676707797018	-3501.030603889734	5.0207243166990105
?	132.714269218984	-151.11594527068402	74.05336635489738	-264.72817893151483	604.1977908807035	-1035.9463355923642	1764.7819995748202	1583.9530872578928	9.812169228231948
?	133.76786965780963	-2674.2853843796893	63.346819197719256	-504.7736196985519	500.71976903448166	1948.4790905732552	1824.1653251425962	-440.9942248686973	9.184785872076295
?	-1	217.99212199632925	48.81468536996987	107.51655148889863	701.6217454093659	766.6506921923717	1742.7322883313855	1032.696068644631	-1
?	144.66747575762605	2590.2985458611865	68.72264677216417	389.8013381100874	539.0523036441001	-3661.0820616523615	1875.8001285748276	-3327.462567673595	3.8681751129086592
?	128.51492729305886	-397.1220202974922	68.30475227547417	-164.71792249560298	518.5676423267485	-316.23199718649744	1576.3591599477063	-9342.392091151838	3.799517661397747
?	124.81137474275151	186.11677609870762	60.48675064738405	-70.98547645149662	523.2407037847753	-1875.117293299612	1408.6805240172373	-663.59139217431	-1
?	137.8207660979942	260.8572323796313	64.75547845289935	48.92568477512003	424.8117776617682	-3949.4087390861414	1543.179590338991	6769.714427157711	6.182856649833123
?	137.85423636173303	231.47125693913122	62.93303488614004	137.5054695768329	325.7702668304689	-2303.9408300191385	1747.1662453751217	7656.281907567409	8.207726704890069
?	149.39432894495073	157.3869714411643	71.63075193174097	173.46101288852273	309.6147361608117	-418.3030600396527	1925.99368571736	2696.2422024793846	10.727207772400654
?	145.72358493379122	-3007.886578899025	71.60608553056615	-361.64554584440197	304.85511382848637	1971.0144627009438	1881.9783554990904	-2913.9410085061504	12.014603133831265
?	-1	-2934.471698675835	53.54847463952094	-101.93346933463467	408.1654592958585	11637.451447136187	1780.296635292053	-3691.1762177046235	-1
?	-1	2352.677555052694	66.50941206383443	329.21063382144513	886.7276861852936	4969.66653382058	1697.41954461386	1165.4358746393696	0.7394627426775232
?	116.63387775263429	2201.9188585130914	70.00900633059314	44.0464094279868	656.6487859868867	-7167.941964926993	1838.5684290240213	1970.5857903095537	1.2596204945208573
?	109.09594292565419	-2352.677555052694	68.71173253523376	-108.71872665746177	528.3305879389452	9691.678704380409	1795.9488341293372	1004.0967688190893	3.851228923434976
?	-1	-2201.9188585130914	64.57306999772007	29.56773428872207	1141.2327212059054	11027.812875218518	1888.7732674649756	-395.9403738293591	1.560076684884626
?	-1	3836.7882417618857	70.19011924966986	243.72207014423054	1079.7212316998691	-11210.414771660075	1776.1518154378693	-17096.25368879222	0.4699655996196008
?	190.8394120880936	3797.07954208587	76.75917350493155	-226.06782863788376	580.7119826229036	-6568.369797510316	1033.9605830253674	-13594.793869759045	9.807030651585476
?	188.85397710429282	-3836.7882417618857	58.886727817775714	-423.48165845867476	751.3027418243545	5978.432164063898	1096.4121219499195	6404.308820099827	4.345139719012735
?	-1	-3797.07954208587	55.58509058199789	-267.2820896507698	879.6335908260975	-1107.5638316242218	1354.1760240303577	11539.758426743052	-1
?	-1	0	45.52262333523727	-268.5933432024133	695.9245502431436	-3528.878347218762	1673.40004328707	7123.146291742208	-1
?	-1	3264.2019147142705	42.15542342187727	430.81244999834877	703.18967346516	-5749.690714058667	1710.3333386174668	-2429.3438217791704	-1
?	162.21009573571294	3014.526434054224	67.06324583515463	481.29051101146956	408.4400145402112	-7811.525237786348	1551.932852198112	-4760.2355584367015	7.096705201132721
?	149.72632170271066	-413.44584920135026	66.21994897245067	-26.11551143941606	312.613411575844	-1754.9615490341664	1472.3215606956326	-1134.1215604988379	18.845254743598474
?	141.5378032756455	-44.02446418542483	65.75747026318383	142.86442035517092	320.6919370885032	2911.0863069193624	1495.2267741731703	-9925.724683783485	20.774467374719823
?	147.52509849343943	269.49632621129507	73.36316999020919	194.8837967168147	458.1677269218116	3261.196220039674	976.0353265064601	-11195.405755973901	15.781931562868436
?	155.0126195862102	205.01014748339247	75.50166009902453	23.201864616941716	483.75174809048633	947.1266455248201	935.4564863744772	-791.3030053179028	20.459253560568136
?	157.77560586760902	-70.11302358174501	74.52326322105627	-14.763607615855161	505.52405919805244	356.2054706732273	936.4701762405651	762.4108316163192	20.085983324110366
?	151.50696840712297	-364.15800742468963	74.76347971823178	-9.1345122166172	501.56202162414763	-203.8853383750218	973.577027955293	1508.4128741338586	16.95636055462693
?	139.5677054963746	-3050.13936814247	74.06653761022541	-171.1217767742335	495.3297922793014	-242.6754047607605	1011.8908199472578	4067.2330619721115	5.948917373848144
?	-1	-2811.354109927502	66.20739087952013	-306.1778729111755	489.42825138610965	-1496.3034407746222	1176.9386810538979	8261.156472984823	0.4758232051465437
?	-1	2319.7463432763084	58.75764396466669	35.64042828757677	420.51462024057054	-3758.2651836752934	1424.9486435964975	9035.602547141476	-1
?	114.987317163815	2407.1260603805067	67.98941229389897	215.58252849442346	301.51499220234564	-2075.217341193748	1628.71880841097	3868.2623117150524	13.035586366242935
?	119.3563030190249	266.5754650272153	69.53677038938783	118.096641302932	316.7537531808835	44.22488059872778	1618.3617591822494	-748.4268506357174	11.231549043881689
?	128.31609041517572	147.90467240807936	73.89424435904554	153.80846847828448	303.726236232282	2796.6230541022624	1591.2974658791843	-9538.634403474587	16.58987595916118
?	126.75153663942885	-29.195996208392604	77.22719381330202	59.38713826131327	456.58490588599614	4457.783488204833	1141.4300390085218	-12128.802384483814	11.655552615023876
?	126.8562906047561	-17.93635923186975	76.8636012721112	-171.72453218392238	526.6154106425229	3809.115799399449	984.8573466549958	-5523.718112179856	15.934839453986427
?	125.85471867783536	-2557.125812095131	68.64096720410593	-393.2829791718437	647.0406958559679	5799.718898695676	865.24413339953	5451.2603377043215	7.4941084928230115
?	-1	-2537.094373556716	57.19945231351908	-250.5852316592679	816.6013555773056	-157.08711997244166	1257.420363540211	11504.664988978324	-1
?	-1	0	56.11170562114258	-161.0941681632731	639.1863398573458	-8445.761848891816	1440.4773828484442	6368.953484419194	-1
?	-1	0	49.144743905355455	-19.099156509332214	394.3132631327163	-2134.6197305057885	1575.8680377611695	4766.198860826875	-1
?	-1	2411.5677771248243	55.156747795675976	497.14024717931557	532.4553533320568	130.8563196724133	1678.787325889787	284.3376113231135	-1
?	119.57838885624078	2239.74385888985	74.00175626432115	321.26396243928826	400.85607911633696	-2800.8221427521057	1590.084918327325	-952.5233109400176	7.469187207017552
?	110.98719294449211	-154.1169700588102	71.21994591764033	12.792825760695667	392.414246194452	2000.9710649328954	1631.1611603427864	739.7936162664772	6.3489877185926336
?	111.8725403533003	155.098044584831	74.64139755235593	-23.630243796150495	500.9046323629814	4518.1105404967175	1627.0745991406488	-186.43709206861396	4.058902188035167
?	118.74209517373363	-2257.450807066014	70.03843372783281	-269.5531006750971	618.3197732192871	5210.692301512522	1621.8393057393557	4189.3308948762215	3.0354247548395272
?	-1	-2394.841903474681	61.16374251860112	-142.12626931035922	761.4392474386066	6724.05312905927	1836.5411438844592	5077.018871153432	-1
?	-1	2750.573373095169	62.932120262314875	233.50507060862395	954.5224296722494	-5637.865764358504	1875.6902492970264	330.780277619175	1.2089114955132545
?	136.52866865475795	2373.4124515852086	72.83899604903228	201.65618351181394	479.5459592206824	-8235.594934649917	1853.0801577654179	-4869.731381187684	4.102283188510564
?	117.67062257926001	-456.54983494242595	73.01492943790554	-177.3074095588938	542.742682939755	427.4777661631542	1632.203680237643	-7824.59683397362	4.368479490839528
?	113.70117690763674	-61.20625375322725	63.97362557108762	-281.8213532779066	500.91984752884	-1791.7922146633425	1461.8503160667383	368.1761480206082	6.075598736456434
?	114.61030989159866	-9.229530119399133	58.923861774010255	189.43004363060194	453.1530722065882	-3250.666469549899	1650.6124876386734	11755.274375254809	4.63274228463147
?	113.23970040166678	-166.53351342019053	73.44512775261768	-72.74807201459421	338.38652405134565	-1425.6227618865335	2049.6140348294766	3581.750909114652	8.436050020160035
?	106.28363422058916	-2284.7940080333437	55.28645817328056	-406.05510445907527	381.8719341122618	9652.509796063841	1829.7000330944054	-13400.852445882054	6.148048977985171
?	-1	265.6422888755254	53.14237252966399	204.46053115762768	821.012013854536	4240.965154888562	1379.5714125353763	-17668.37162459209	-1
?	119.56574866436539	2381.0015625224446	65.5094847311619	334.4784576294268	593.9201918566891	-5054.1508226896485	946.281451864804	-7862.331037779555	6.102784916958882
?	118.05007812612182	-89.00993246423215	69.86629541113527	-209.60510580228816	568.3044727200545	295.640777329928	986.4548606464	13463.0271890683	8.889280727263685
?	115.1152520411538	-120.64924082817996	55.029229441047534	-11.07479669528946	608.7022307231855	1304.2819460054966	1619.4328113182166	7360.363351135328	-1
?	112.01761608471284	-124.24326228269523	69.3125555763708	349.60772256765875	633.5185700203291	-2427.7683068561323	1354.473028203165	-8383.413317155753	6.375427592205631
?	108.90308892701906	-171.38960576681458	72.50961556943041	-59.673686537755586	487.3138153803793	-4026.4414518878452	1200.2621454604305	5473.955452276592	10.829447625241848
?	103.44813579637214	51.68844154553558	66.32887124948303	66.44219878545523	432.19649742593754	-2127.037774887998	1628.1708008169937	12362.04201436159	0.41860425608077256
?	111.48751100429583	-117.58537496640726	75.83172550870316	-60.90865561110668	380.9619266359798	-15.708037665691618	1818.3642461785078	3440.014138921368	10.23486113507474
?	97.5688670480518	-72.3562947113231	63.283438468927706	-211.22749126327153	431.41109554265296	1681.7939083607305	1800.1715077630615	591.4637071531909	5.1749555270976355
?	107.86969626872968	137.0215579890972	65.27035094553962	238.86292081289056	465.05162205401604	-26.529856505881167	1847.9374315361672	1003.7602352247849	4.701610637241445
?	104.41994494750664	-193.6229638978072	75.22658450957219	31.68435018474935	430.0846027173589	2308.9157784242348	1850.3595195243006	-4415.4515325924895	5.560723666142673
?	98.18854807383936	38.82531271548131	66.85456845477708	-136.30951110998998	580.4974109752274	2837.8090316482303	1627.1648549065435	-10986.497637667715	-0.35484384223985005
?	106.3612105832807	562.0097348497146	68.41110895407272	146.1999753880823	571.9750542997699	597.5690819488249	1301.0346376409168	-11162.523079612196	7.186182035092353
?	126.28903481632499	1078.2732675158602	74.16456722418117	131.1324977968123	610.3758650726685	1411.1674071482985	1069.0387009259357	-5731.224350189127	8.087510619721387
?	160.27487395907352	998.4966449919573	74.96773384391331	22.86251562022309	642.5334246571846	1003.9760267740452	1014.4734201314615	-1643.3872741157384	6.61427934586297
?	176.21386706592267	-36.283936625797665	75.30769300519232	-111.38675286414934	660.5746664113706	-2418.7618628920422	986.8693372201491	4198.055029199021	15.375635960429438
?	158.46067712778364	-3544.277341318466	69.39839620070586	-260.5589873519892	521.5953315125829	6298.411691512976	1224.3761715914118	16436.70257511448	7.0935589340673335
?	-1	-3189.213542555684	62.27974363759291	-224.61866936618202	975.4952509870183	8464.364849453163	1808.70446597587	12205.57196825064	-1
?	-1	0	58.1674627323968	-177.27598354937874	944.8135739852395	-252.52334045962562	1834.6547700039416	-937.7153181342225	-1
?	-1	0	53.415944460124	-119.20857826694515	962.869083964037	-6594.028516418772	1761.8187000691591	41.69562665838854	-1
?	-1	2473.468379186371	52.20703381904956	476.269902119662	615.1121481643021	-11884.464746474425	1836.739551336861	5129.072389840148	2.3349175223350622
?	122.67341895931811	2668.0124137444127	77.22943956610702	425.3991141619033	368.6458466403179	-5594.0457688954275	2018.2723195611657	1907.3476609592285	4.31114446937608
?	132.40062068722017	-2473.468379186371	73.47698952714465	-571.8086849028612	335.4098597195317	1015.1281068123708	1932.1069343848221	-1528.5016570258504	6.732209577209114
?	-1	-2668.0124137444127	48.63900532096406	-641.3758545720586	419.4022519809363	3429.3139169573415	1941.8472367098734	-4871.451098043016	-1
?	-1	0	41.40819679854184	-168.29533860072846	506.8755555673982	1815.879375651669	1688.5343794826722	-5262.929473023724	-1
?	-1	0	40.22423839092767	329.2012953295843	510.1962207635194	11859.5962205765	1678.7007630586882	3183.9247678233346	-1
?	-1	0	57.868261565020994	545.5186051820755	1099.855366596221	15639.516854470341	1847.7306178738384	5867.390272557903	-1
?	-1	3267.8003223312467	67.50016865003134	322.70615140580065	1292.1720634870337	-11293.95577656369	1972.0702766865822	2692.05232300777	-0.3771753007130202
?	162.39001611656175	3282.9788353334056	74.00356913531097	151.3658263211556	535.1575777680387	-18774.63900758121	1982.3332340242264	2205.591983237385	4.326809468477288
?	163.1489417666697	61.67018427149764	75.0684599660891	39.49165027994596	353.44011310797674	-3679.8474658741275	2082.349875848451	2226.9645422395192	7.149150821344994
?	165.47352533013662	89.87579229391972	75.97815164930826	52.09242880885104	351.16520447433294	89.54042721812047	2093.681461136202	-1469.6983707627903	14.454914021998718
?	167.64273138136568	1224.952148717951	77.67308140653164	57.691352675170755	357.91713446888275	-582.6433530901917	2008.8649573103119	-1399.7590735683145	15.246321822239139
?	226.72113276603505	3055.0090182773924	78.86271928306684	-231.88800993645185	322.03303681982294	-189.1794544493969	2023.6935074577852	-359.1097238150718	12.266832269396394
?	320.39318229523747	-4554.422655320636	66.07868090970888	-607.2349139279442	348.45816174641277	1557.5874617089626	1990.909471119558	-7583.685453328732	3.6157546247796266
?	-1	-6427.863645904658	48.5009735866692	-190.22037957161487	399.91240990527217	4370.271054436256	1644.5092347913433	-8771.637863635877	-1
?	-1	0	56.567661931128	243.89062132289263	566.9717144682287	7126.323482799052	1552.327577937758	262.29219367049234	-1
?	-1	0	60.695504652814	101.79912054315022	756.2285840452298	4555.642970460122	1657.623844474868	2442.3220490068998	-1
?	-1	0	61.657617958285584	39.17198433599923	794.7538629912381	-331.15796570102685	1674.4436803881047	298.45445665660037	-1
?	-1	0	62.65410386961399	12.487724453736995	739.6706857601782	-991.9514407069	1672.5465673076983	839.5274449675361	-1
?	-1	0	62.28200418097244	-15.989509581241265	745.1562909558924	966.4688265457015	1716.420052636482	1772.6473627766857	-1
?	-1	0	61.854628390551916	-37.800661670301025	787.994127087464	2019.4685799332624	1761.1789354465338	154.71342189738388	-1
?	-1	0	60.391971097457365	-86.82207798694468	846.1297199525569	-577.5780683269713	1724.1557237313514	-508.164248061441	-1
?	-1	0	57.51352449120462	-176.40435252978284	759.115223671115	-3097.8440123890678	1735.7707230434614	-2618.9506704408714	-1
?	-1	0	51.5717534709681	-185.95921721669419	691.2375193331013	-6320.210055540716	1593.208190209306	-2081.6893531939672	-1
?	-1	2438.5638296164716	48.21556363036978	330.06229180176064	443.1047208940747	-8516.635097063272	1631.6862553837616	8770.694964144579	-1
?	120.92819148082532	2553.4930075842317	68.07486806105636	445.2939131490465	265.4057644799317	-3514.4051963269535	2031.7429384165412	8351.931602956178	12.490658963453022
?	126.6746503792134	-30.89737200019853	70.48025928782242	-24.09155728897042	267.38446107772455	798.1918980399644	2049.2828355315764	-1558.0411585425425	14.711334732665836
?	119.38332288081537	-111.16684673756266	66.87029019660783	12.762413240509535	305.3153593819305	366.74191645289784	1953.840880489413	-3098.4133276503658	8.920863664478883
?	121.11630804233519	26.645952352547983	71.1183799498479	91.73544547797218	285.7215569003697	-495.2496332180406	1894.362169149056	-2057.056478560856	13.943081475199211
?	120.71562049844279	-42.102032068418936	71.4570624705065	18.44610482551618	280.5528777210281	355.00351239868627	1850.9880565613687	34.88323241782787	16.184991024078073
?	119.01120643891421	-42.90907847599637	72.04068519112373	93.48963080081698	303.4717325203043	1316.3214668466373	1896.1063307699474	3067.971375354934	11.283114622354816
?	118.57016657464294	-11.070791399484234	76.13154401054742	-23.29815605755125	346.3689510633609	2253.4428739599844	2004.3866253291176	1212.8425516994648	8.87813310556887
?	118.45766686894	-2391.4033314928247	70.87577738824615	-240.06303450282445	416.1438762183051	9473.25000487462	1956.7484583549215	-2348.918928161205	5.629454772590209
?	-1	-2389.153337378766	64.12839228540602	-224.6682748292333	820.0314513070987	12012.114506163136	1886.9406789210557	-162.14123997787962	0.41396056290450284
?	-1	0	59.642363646784325	-453.61173848908703	1016.7496015264704	-1389.0603830465222	1948.6413963560274	-2126.03703477461	-1
?	-1	0	41.44780536095135	-55.04795806399166	750.5784321547716	-2189.798770824576	1780.6388271823237	-1165.8434812040075	-1
?	-1	3018.1719613247897	56.8899657435847	623.3471347392862	907.2596629852401	-7779.00840916341	1890.3492222958262	3665.2391012559224	-1
?	149.90859806624164	3144.929152474423	72.6151620979161	438.1156803075199	361.62801169659554	-11650.268567484089	1963.9007822451224	2532.0999745833074	9.055867258392517
?	156.2464576237234	83.94309018931773	78.79574975896101	-13.703738651171111	324.7462346110274	-524.5349513583215	2016.9542210249933	-6017.0831291640125	16.89830260926766
?	154.10575257570758	-332.2472754470327	71.92997516535753	-194.94902655608948	335.4012641286791	-240.36443798114306	1663.0466257869175	-5098.830807796685	15.786627351560446
?	139.63409385137152	-610.4692024151312	69.0482984311564	-405.75302443199797	312.72801271197005	-101.72921320702099	1762.0126806351554	278.7655206455207	12.228865741940037
?	123.58229245495059	-2812.6818770273903	51.64232394375735	-185.64416406310647	330.31480346832797	6201.423335942758	1676.9849018191937	345.6323384944104	-1
?	-1	-186.77987421737802	59.76609022800094	431.3403693418864	622.7991795091124	2310.651767277029	1779.2942975598762	1171.3580599630238	4.232400269710074
?	114.24329874408156	2146.675958187262	73.20934241085197	261.0889802084578	445.8473918321811	-4820.781713312174	1735.5528048173458	-543.3251799900759	5.7351829249893065
?	106.33379790936462	-136.03671143901386	72.82053923842402	53.57983736441421	381.7600938435002	-35.67265861131836	1752.128038560372	-673.8244800099433	4.313372869185872
?	107.44146317213077	7.022553320093053	75.88833427907272	34.65205470262227	444.06375890161513	1527.8903465870064	1701.8615808168481	-191.2282599176906	8.348699618457411
?	106.68492557536928	-116.33548331789149	74.55314197355516	-262.69599894943207	458.1546111728516	2539.5028330017876	1742.5666255644874	2357.321725720397	6.963176556616115
?	101.62468900623611	8159.329216694913	62.75353433160093	-153.6505453152598	571.0389005517063	8972.58197439927	1819.7276671028696	1856.4066327386545	3.007487374698073
?	514.6513864101207	8146.372369368018	66.87061470779206	189.0680062519435	906.7837098928216	9675.423132410646	1835.3869572014214	2749.083534686549	5.08309234608153
?	508.9433074746428	-7736.960293749397	72.20693464419824	128.9660106570854	1054.8100571722455	-11727.768160318812	1957.181843837199	2558.582848473543	6.7150196615761235
?	127.80337172264535	-10178.866149492711	73.31891524064642	-1444.1386928839443	320.3953018768727	-21096.20114344461	1963.3160996251004	-39143.636876743425	10.56123245643688
