rowLabel	avP	dP	avI	dI	f1	dF1	f2	dF2	h
?	205.64176663130007	3772.661697158133	73.10871407600132	1141.4960624434518	414.55046673901956	10378.499028160042	1226.3404798555807	30178.775053969184	11.547152137125433
?	188.63308485790665	-4132.835332626001	57.0748031221726	-326.82646684568795	518.9249514080021	5926.392247848995	1508.9387526984592	6158.003538747471	8.950778050357432
?	-1	86.11688807039624	56.76739073371692	213.7071594718548	710.8700791314693	-264.9624392232623	1534.2406567929543	10831.220256551656	-1
?	192.93892926142647	3606.6643437077146	67.76016109576534	356.1208262808058	505.676829446839	-6458.689391908095	2050.499765526042	10639.037255792475	6.8388482427928645
?	179.33321718538568	-791.9935843418576	74.57343204775721	50.42959398204489	387.93560953606465	-240.50248520871156	2066.192519582578	-10518.099322898468	9.311634085583439
?	153.3392500443336	-810.2362621193483	70.28164079486759	-176.40607314316443	493.65170518640343	4595.688567904546	1524.594799381119	-18797.75552708646	4.704426725291386
?	138.82140407941827	-472.03461640035823	65.75312839059899	-32.70127017902582	617.7200379312919	5516.540475074581	1126.3047432282551	-10886.849062308225	4.503709252377701
?	129.7375192243157	-417.17714177089204	68.6465772859163	68.57351428844625	769.4787289401324	2741.9246461479433	980.2523462657078	-4367.125467312075	4.961929624062389
?	117.96254699087368	-7.255238039131202	69.1818041050213	-11.488330364257424	754.8162702386891	-3817.458852925798	907.9484698626515	2798.2810355288057	4.930272988157705
?	129.37475732235913	531.2511798894327	68.07216076770342	-21.500465524340488	578.6057862938426	-468.30743250628996	1120.166398042148	14219.428380629748	2.547410100640796
?	144.5251059853453	2103.7544540649096	68.10678082880428	44.1870797755865	731.4008986133746	3358.3835187877835	1618.9198888941387	7008.105810684063	-0.7798934954612801
?	234.5624800256047	803.973251920139	70.28151475648275	57.68694869597733	746.5249622332319	-2212.2867573817443	1470.5716885763516	-10013.030627003332	1.7786202614426228
?	184.7237685813523	-2181.3539539235394	70.99112826360314	39.82451733787254	620.7865607442873	-3192.052919675122	1118.2683575439717	-8265.049759340305	1.811776238368168
?	125.49478232942765	-1243.524110170774	72.27274062337638	25.347907186611543	586.9223162494757	-17.267932655645367	1057.319200609336	1944.820704288316	3.4058107424871658
?	122.54756307281353	-35.24799050035537	72.25852362293372	19.530093908828388	619.923164111505	-839.9961379982589	1215.5093927583875	10912.178566973635	1.5599167862062209
?	123.73238280440988	-2470.9512614562686	73.2492453188178	13.25776835033763	544.9225093495627	2777.84345872406	1602.928128958018	11709.480486005854	1.1873227572363547
?	-1	3688.148726711752	72.9214120404506	-146.0971194746891	758.8153370477081	787.2152910573225	1800.9834170586807	103.42058613037344	-1.9285329357519028
?	308.13981913999766	3713.0206351582356	65.94438934508334	-11.369949115328087	584.2832739024289	-3909.2178346034448	1608.0991582645368	-7756.598582298577	2.2568875334840865
?	184.65103175791194	-3858.52360119733	72.3529145846842	108.54052932558649	563.3544453175357	-314.2645368077112	1413.1534879437515	-133.75299596982575	4.585869804129527
?	115.21363908013096	2282.7272853290237	71.37141581136267	-64.07067190045305	568.5700470620433	2446.0262356913026	1601.4115084660455	4628.864244753865	2.4526647226116602
?	298.787396024363	-2324.272781602617	69.14938098966155	25.396524530922	685.6557571021007	6892.479354169078	1644.5967001814445	3559.1224507222173	2.0973110508561237
?	-1	-5995.747920487254	72.64124203790877	85.91463996488095	913.1940147704975	5308.143786770447	1779.3676310021565	459.92861127006523	-3.0255439202129817
?	-1	0	73.4451129879056	23.87191699831275	951.0629464406233	1179.488845926179	1667.5931307449478	-2224.1768593181114	-3.33206650851495
?	-1	0	73.8348378878244	-75.70018465186841	972.1684570668065	-1134.4184717212138	1668.1587880362508	266.07535872002677	-3.363807189339038
?	-1	3729.5494277304524	69.66010375531218	-75.72446871887443	894.3420228545625	-8269.457402206723	1680.896898680949	-2270.9005348454393	-2.185565097771748
?	185.47747138652278	3692.8486122495333	70.04861445188068	50.967385429667004	558.6955869564699	-6553.395913807195	1554.6137612939788	4732.399254892871	0.7069527463618475
?	183.64243061247683	1675.5269378795806	72.20847302679553	68.82750024760122	566.6722271642025	-997.0665353551626	1917.5168614255929	3818.3368146892476	2.497533977870294
?	269.2538182805019	4111.382519539202	73.48998946426075	137.31327972383798	508.84226018871175	-2511.487039879455	1745.5306020284413	-5132.851859966418	4.074441646346161
?	389.2115565894371	1611.5009095541288	79.07413701298744	81.77021618352022	441.0978751702296	-998.3461849420271	1660.8742684272718	1208.4567850150358	8.342370973107439
?	349.8288637582084	-7804.231131788735	77.57850027343676	-139.38143435204427	458.92495094161035	3461.9257622146656	1805.9534412791932	-4731.926473279482	3.9280984333893465
?	-1	-5485.96203984431	72.10506529538522	-86.68754487366577	614.194163280963	1898.6155187261847	1424.2779447632975	-3567.4453135963645	0.31995961831183717
?	75.53076176599262	3346.5935532203434	73.24412302975347	88.68378965285947	553.8557268779197	2715.6645544697312	1627.5811755993748	-1379.0626178032824	2.0973232097455163
?	166.3296776610173	2213.085452010211	76.5392547780282	-81.60881637983884	749.9773910044497	6252.524928365687	1355.3248138731333	-6053.4068789619905	1.8565985681348003
?	186.1850343665033	-3346.5935532203434	69.16368221076152	-391.7445902904891	866.4819732962043	-711.6406472479473	1324.910831651275	3537.7396813322835	7.162614645123042
?	-1	-3743.7006873300625	56.95202526350372	-138.70307706672622	714.3953586420523	-469.3089473847836	1532.2117979397476	7231.997590556605	-1
?	-1	0	62.228528357425205	282.98122342696405	843.0165259269651	3721.623284656977	1686.5107111791056	7217.6723844207145	-1
?	-1	0	71.10108643485194	243.96259085156152	900.4765228749013	3593.7160811893423	1893.0954171607837	7908.913421914455	4.099103223262295
?	-1	3206.2480858676563	74.42665790000329	-89.84301406512421	1022.7023299864323	-2980.9257846168857	2081.9563822748287	118.12332515394691	6.194862225170687
?	159.31240429338297	3034.182822993001	66.60893573159572	-4.915674759420763	751.4302336440569	-11084.778122042066	1899.001583418481	603.4209295317845	0.1813274280475452
?	150.70914114965018	-211.1833071877307	74.18087416203225	112.82760974498058	468.4634238843286	-6228.538881643504	2112.127428751418	8153.139305747429	8.587731866440917
?	148.75323893399647	140.41003920689485	72.25031621884473	-88.71670288362853	440.0032895618828	95.47439864365776	2306.658548705851	2599.999618784268	10.32403129698567
?	157.7296431099949	591.7510047223695	69.74503901785084	-100.0415599449719	473.2371438165115	673.2910936729412	2242.127409690631	-12500.078677923018	4.7232666410247335
?	178.34078917011485	700.5423002129109	67.24823822159615	-118.72716196041722	473.66784424552975	-922.6897079833678	1681.6546148097023	-12374.355102693451	6.697660175019417
?	192.7567581206403	-635.6801024519359	63.80868091983	-163.8757270622753	427.10265841734326	-2058.1131003965043	1623.4096545559605	-7015.720806053743	9.289164081665431
?	146.55678404751816	1906.8825769996454	59.05445186848242	-62.85771049281856	370.7621892257049	3138.406978720245	1330.8685745070163	-35.9328171144672	-1
?	288.10088697062224	3150.668075718767	60.665795395189086	34.513477238642714	584.023007353355	3876.7119241601335	1621.6130137002372	11595.170830040961	-1
?	304.09018783345596	129.91292389732894	60.78012573041455	69.49831263672688	564.5977854337109	-2965.6092706713143	1910.6271160090623	7907.567226226998	-1
?	294.59653316548867	-6101.803756669141	64.14071102702542	70.05824783489953	435.7425438197898	-1768.8901454535433	2016.9913750115857	720.165116876049	-1
?	-1	-5911.930663309794	64.28303812215951	39.636230994129704	476.15327816103405	5881.218993407992	1946.6353718528646	-5129.812312216541	-1
?	-1	0	66.1225225767319	-37.2205928272703	729.8034934901883	3739.476005972882	1760.5007594007595	-1611.3915375914314	0.08457923269158418
?	-1	4317.249172607681	62.422008480796	-25.885141718464787	663.1270784596775	-3229.2418994550258	1866.0657949732934	-4065.256455930349	-1
?	214.86245863038332	4110.62517203534	64.82826549080866	148.4493051646474	568.3413985174376	-1775.848030023214	1557.2379366042428	-5586.995107033869	0.7167988127843662
?	204.5312586017663	-4317.249172607681	69.84447373902835	134.0040774766401	574.3346769585171	-1245.2628243510671	1586.7160396216009	7259.111713967671	2.188237170372703
?	-1	-4110.62517203534	71.52846936464064	-186.92419746892747	506.07825729988446	111.3432061182429	1920.193522302625	-1064.18594110667	3.345289891223213
?	-1	3901.650977106196	60.498263865582004	-3.3596769923357903	579.9018372644292	2305.664110483113	1533.5067425662676	-3120.7948038159175	-1
?	194.0825488553091	3955.6134346980493	71.36048551502385	281.1089988675308	621.3614628240397	-3324.106608816822	1764.1537821118297	12696.79946520096	1.752571019967849
?	196.78067173490177	109.79641617305485	74.55371380895849	-135.64215651843475	413.6965068235887	-4380.395367489629	2168.3467158263134	1883.0204805356173	9.709635647412206
?	199.57236966396184	-3955.6134346980493	64.57837768910214	-340.46879534566835	402.341694449559	1806.6665213197002	1858.3048061386103	-6334.608628865499	10.15409776396153
?	-1	-496.48847154626714	57.530274041675135	59.13276464926831	504.0298328895734	3786.306047611886	1851.6162843830396	1565.1872582570886	-1
?	174.74794608664857	3460.257963671833	67.53501592156555	306.09954860188833	591.6569968301526	-2060.1679636738477	1936.5641690514644	5441.224196572672	3.064741290945007
?	172.01289818359103	-3514.958921732984	72.8352514717695	143.5672834993161	401.0214347058814	4409.899192696632	2123.677494211672	1569.6376068870143	8.154280531326716
?	-1	-3460.257963671833	74.71338009653132	-20.087241203797035	812.1519564649834	5266.543032730268	2015.0460493958149	-5622.555432505116	3.059903374210926
?	-1	3397.461640127408	71.83088941157965	43.69641639378345	664.3485863423939	-6419.617963294768	1842.5497225864174	-16691.258687060854	2.330847294057745
?	168.8730820063698	3428.278052354635	76.89820091622049	99.31696962103338	491.17105830024616	-3432.8606393169216	1180.4831150427751	-16021.17273805822	9.65308800277191
?	170.41390261773114	104.05815168737243	76.7967378926313	8.488111177641175	492.70555437654843	-604.7511087859458	1041.4910856835093	-1198.2076103460847	14.934094783288035
?	174.0759895907384	-34.204620551254386	77.32260647510255	-110.18528145377798	460.933502860949	2548.979420537594	1120.572734525471	11084.558821589957	14.274969550303306
?	168.70367159016843	-3501.5197918147805	71.28747381994242	-198.9631336805398	620.1545254034277	4950.710497350749	1595.719026763005	11581.078674151373	4.295477803325177
?	-1	-3394.0734318033806	67.37444979107559	-137.8780980871243	708.4690277284856	1162.7064674980597	1699.6266682330377	-244.42690911789302	-4.0201887520268125
?	-1	3336.267295153635	64.39356891558623	175.10411229860728	678.2898487783305	-2915.342115059772	1583.4976813071105	-3284.3686140480877	-1
?	165.81336475768117	3203.7214547796475	76.12965540600592	46.10747791777714	562.7019219754975	-2744.089621657368	1535.4082375306339	-2165.790786230467	1.9108002002882263
?	159.1860727389818	-3336.267295153635	66.69894281147508	-326.30955795741346	541.0853676954625	1913.128606989685	1475.2081419955875	-1649.9105712045607	6.424840199282831
?	-1	-3203.7214547796475	59.81417750813531	-197.74446222461648	658.3583523249814	1097.78250179366	1452.9127089704061	-170.67175329325042	-1
?	-1	3565.0165018070447	56.81171970024429	147.46769494113644	595.9744927851453	-2729.293649158822	1466.674554330925	-2754.7627431903093	-1
?	177.2508250903516	3838.764499017832	67.1875622551921	374.2856155968264	521.8936698670408	1440.1433606706958	1315.1745718108912	-7807.388488443075	8.28064786528419
?	190.9382249508909	269.69461725920365	75.52600048008554	76.00520967713719	667.9816608186799	6541.954144859038	1076.3051299087726	334.17344509410333	8.881729695592261
?	190.73555595331175	196.82900135317325	70.98782273904895	-199.0151028896689	848.9913771099915	1135.7108897379835	1331.8832440655963	5061.041671046128	12.306288611228885
?	200.77967501854954	4.833116380904715	65.57524533560213	-322.0182484226879	724.7672053055788	-5089.093797049463	1329.3572134610781	1899.0193888328054	8.317011358609241
?	190.97721177235698	389.4694017497559	54.88691031791461	-261.67863268022467	594.5366872575193	-5369.425395815542	1426.8342135072362	4571.497401614532	-1
?	220.25314510603727	553.8981509829764	52.49131370159095	22.150896540110317	456.2959355148027	-3241.420345091733	1557.9320835418039	6413.038475535068	-1
?	218.6721193215057	-4425.0629021207615	55.994455144920124	93.20166117759759	432.46567000293317	1709.2561066968578	1747.4861372839885	413.7647743925087	-1
?	-1	-1360.894523115726	57.15139676047081	323.0052801779493	541.7587408496453	-86.85662357648229	1578.6203222614292	-6673.995449013283	-1.3654292783660038
?	150.62739316571964	2881.392492337215	72.14471915381753	326.703629731246	428.12283882410907	-2942.011917319387	1413.7863648333255	-6055.010772983573	10.798896410351233
?	143.06962461686024	-195.01110766317436	73.48657824703305	8.107327719428412	394.65814498367644	-268.2021905960924	1275.8697836122517	117.49474076638803	14.206549472408046
?	140.87683778256095	1670.2334786299455	72.55008553978895	-8.731421086945973	414.7127292943045	943.4426685453819	1419.6611018716449	-852.7003641372752	8.132510264381207
?	226.5812985483572	4028.0178433581295	73.05000719268575	-122.44058334476351	441.83027841094537	3117.668635679349	1233.234765405388	-4876.590786284645	6.85269528870257
?	342.2777299504667	-1452.7830673869705	66.4280563725508	44.86657895772838	570.5961610782714	-298.894063685193	1175.8315625574135	-3532.266347150602	1.3812744548104234
?	153.94214517900895	-3750.401028946257	75.29333614057217	231.54372168865135	426.8855752266858	-3821.5908328326555	1056.6214480478586	-3751.1616017825254	4.261355531213232
?	154.75767850315452	-113.46941892513468	78.00524245698333	-47.53478208494488	379.5166194366393	125.86185988599526	988.2734824682879	-286.9377443181121	10.567969501360192
?	148.26867423275223	276.2249734722364	72.91659703632493	-28.457759744100414	433.1786682209855	-58.84304563297767	1042.274560831953	4569.994585745098	6.028466822476656
?	168.5689271767663	263.49091959138696	76.58235446977831	39.236120009664006	376.57446715499043	132.98831578137813	1216.773211755542	3634.2077636269814	10.253105916886733
?	161.44322021232153	-3391.378543535338	74.87840303680812	-126.1829238670457	439.8280840100544	3518.5754259301198	1223.9849490133015	-1752.714827054671	3.925077838634605
?	-1	-5.3483804158384105	70.27320827642605	24.968933283485715	552.5032384514958	660.5187230215178	1129.1374704028087	14333.923934192904	-1.0851719144484808
?	161.17580119152962	3157.6776720009716	76.1268497009824	99.49769241510872	472.85402016113017	-3227.571650676595	1940.6811457229442	16744.04437010674	2.6713344190619526
?	156.88388360004802	-523.302570600289	75.24809289718147	-106.1948360088662	391.12465591766664	-576.9205776747706	1966.3396889081428	-10044.42211060636	6.44897574130155
?	135.01067266151526	-123.1803724872792	70.81710790053911	-1.0625022752071838	444.00799127739174	-724.2589759883996	1438.460040192628	-11704.923040716545	5.626901699901428
?	150.72486497568408	924.0161913603696	75.1949677834211	162.35713232292142	354.9117071182468	-1850.0365376232057	1381.0935368723176	7013.292697526128	8.1272079820475
?	181.21148222953357	1138.2851169365308	78.93496451668516	20.954179806039765	351.5061643962318	-1276.0730844434124	1789.1246750689331	8997.068857740038	9.612623530197585
?	207.63912082251042	1036.7821361500207	76.24267677372309	-35.53436575018095	291.1080528960764	-1143.9824339742433	1830.9469797593179	-35.87290551591663	10.422627663718634
?	233.05058903703443	1226.0863259465605	77.15824622917612	12.615029359054448	294.3070426975198	981.6267437638215	1787.3310297931373	5188.851585720977	10.039074901734898
?	268.9434371198382	1081.0065146328939	76.87342824167581	-24.72953630707943	340.1893900842673	1956.859491783795	2090.389559045366	1055.0179128522532	13.985575044846533
?	287.10091476867893	217.43740577697926	75.92176941382215	-50.735047480902615	392.1500172867092	3470.279767410985	1840.0819254357498	-11741.39115831476	12.552946418871631
?	279.81530740868715	-301.8431878586102	74.33667586763069	-27.0029829468866	513.703378454816	2145.695172256993	1503.3200011296299	-7785.333381148193	16.39848001093756
?	272.0087553757485	-1080.7688199568643	74.57162026647782	-2.3851425500259977	499.4347758995585	-1157.632106014533	1450.8152563783415	-1115.3978850603783	15.968445938945246
?	225.77686641084412	-2174.856978808335	74.21741874012939	-58.92977839265789	455.8217731540895	-2171.6515944066277	1447.5501068766112	117.77392170696699	5.344092548701273
?	163.2659064353321	-2823.1855855397575	71.62513134684494	-108.77544129425881	390.85219617922746	-1030.8268018621916	1456.7039524636898	-1681.2502543400083	9.247963016585283
?	84.61758713385675	-546.246343508549	68.77864667541647	55.90451309010652	404.2804330609801	-604.7920881507502	1363.487594159611	-797.4977858071071	7.230864043924366
?	135.95358925990476	2469.130884808779	74.42035700135025	173.2498622877012	360.61259177169006	92.74921310437695	1416.8290631733346	11242.816117096134	5.182306567876587
?	208.07413137429523	1813.5032411039824	77.4411397898015	-36.077513870589385	408.91789371619893	1782.7659512391967	1925.6284000144158	16392.331543547552	10.671267436334638
?	226.62875131510356	718.6139272118637	72.61648130782079	-77.85915756423832	449.7508893336496	791.7866732746114	2236.4456403507093	2719.392447987007	12.160212114365274
?	244.0048277348883	418.78827092715744	73.5481819115896	5.270606836703583	448.50722737992936	-2882.5216649704603	2061.5980224137656	-18393.704391155323	12.410709670892777
?	247.56816486146136	12.428025293849645	72.88001164965597	-26.05393315815642	305.6248060851271	-2171.7746248451895	1316.7604207929464	-16838.21536402072	21.200859237313054
?	244.62622899958077	-154.98357182176844	72.24548525368178	-0.07470055571502625	339.9184961376703	1131.680777882445	1219.6872542127326	10355.087528922128	21.868098593615372
?	239.81898627037296	-460.3612066609957	72.87627662187022	50.77409817756564	362.20884497924914	1848.7614173897257	1834.514797239051	17835.252634549888	16.90763873206934
?	221.60816866653107	-608.6551188175081	74.78419016256005	-21.98440648561992	432.35656700715623	1374.7570210680922	2111.449885940224	6773.106955594163	11.061834939282491
?	209.38623032949766	-683.9322303198504	71.77705629758923	-255.25328575318787	430.9466960326535	1968.458884433766	2173.170145018758	-7891.106815120694	13.28903471299924
?	187.41155715053867	-4207.724606589968	62.0215258749007	-247.55370969168627	530.7795112288442	6189.553236511979	1716.8945451841905	-10239.161924754802	8.070851695413175
?	-1	358.12256536775476	59.39937081300496	127.79138677460924	740.4243578582514	-593.7017202700655	1661.2120487810196	-5806.092407412569	-1
?	205.31768541892635	4322.015794811973	68.41109521363114	267.42050561707765	501.094425215341	-6582.582928220848	1426.5899248135631	-13227.093993093153	10.407216105697785
?	215.1007897405979	-96.70284904175253	72.77039609385879	-62.0708379987314	411.29521144721014	-528.0820133342453	999.8573491263643	-4061.400670208651	14.441156582304265
?	200.48254296683874	-92.76816963450789	65.30755331369458	-240.6494995575241	474.69032454862884	2023.1516771800357	1223.5198913031313	12211.726684351197	12.679476273281823
?	210.4623812588725	172.12943390630136	60.73792111598263	15.24237534364607	512.4527953062116	5500.859821956114	1610.443683343922	9514.902135682325	-1
?	209.08901466215377	-552.6326545775341	66.06967208087688	189.54051291106862	749.7333156464335	186.69303939947733	1699.2649980872459	9632.23266874472	0.06826713502963977
?	182.8307485299959	-363.7456758035349	70.21494676153603	170.59936929267283	521.7874472761854	-7369.565820491926	2092.0553167811563	8889.19475664422	2.399228835654346
?	190.9017308719771	-10.264864456218598	74.5996405455105	81.50059096719502	381.2550246218385	-2532.1735909375466	2143.7247359194553	-5120.2450808733875	11.636247020869796
?	182.31750530718497	-233.45243370442884	74.28997630989576	57.687367953379216	395.1787677293085	760.7353221830686	1836.0430627374878	-3745.625937490117	6.631239059509889
?	179.2291091867557	16.04603329168077	77.48400894317945	59.17424299181697	419.2917907309918	1064.1229476552512	1956.44343904495	1454.599621651915	11.364763520943734
?	183.119806971769	436.3831588533189	77.2486884594866	47.8673049549825	448.38491511207087	-99.36823439277227	1908.7730438200833	-1679.4846057502914	13.419682965380176
?	201.04826712942156	932.7537133649774	79.87737419092856	12.511212698327983	414.3233790113532	-132.13494307071576	1872.4692087574358	-644.4794524212762	16.00767715000872
?	229.75749264001772	401.31226571299607	77.874249094403	-92.76255906182432	441.7781679585351	285.02146689697827	1876.5490711990196	-3369.4002335024543	13.149545838471251
?	221.1138804150713	36.61008106694011	75.23924623783736	-236.62013355288735	428.5744523562021	4615.54892418392	1703.9991970823137	-8078.531492342228	10.881160238552518
?	231.58799669336472	267.16821711907625	66.04324241675867	-163.44025730931492	672.5556141677303	3550.6547809683493	1472.6224965819097	-4706.058839236974	2.409929016071841
?	234.47229127102506	-209.81213281839604	67.06723337237165	-1.3626777499067138	606.1071914046189	1306.2223860031327	1468.6962551204658	5691.365580835015	3.887086903460045
?	221.09739005244495	-55.860641452477665	65.97510852926334	-7.474264552347476	737.8667334678867	2498.7095777126956	1757.1907756236594	6995.111268863181	-1
?	231.67925919840118	67.48098242775508	66.69352014475427	19.568961606028736	731.0426702902532	-4452.813598143589	1818.4518185636236	2280.0282319554244	-1
?	224.4714391738327	-465.1164662739222	66.95355660956477	-33.22529307709841	515.226053560708	-5193.8630778314955	1871.1921872214302	1125.9271446267344	3.284119975727137
?	208.42343588470516	-557.4566179443596	65.03225549089936	-61.17835010949016	471.3495163986794	767.9614900685174	1874.7481757949602	-13451.494136740846	4.030979194984338
?	196.5986082766148	-1440.3042254700244	63.894639104090274	61.886011292656	553.6241280641337	-537.0684373286755	1198.6174803843903	-11548.03420762874	-1
?	136.4082246112042	-1431.7307607551425	68.12655605553215	233.96432701099909	444.4960945322457	-4439.050435101159	1297.3464654135253	124.77642282693112	5.394627381154486
?	125.01207023885794	837.5171318192214	75.59285545464019	228.11877439883855	331.6716063090766	-2253.7599223455404	1204.8563015257369	2960.239218312778	11.022969850464065
?	178.2840812021651	1322.330174218429	79.53249477547404	80.54880158431217	331.8080984149691	276.8992339946838	1445.3584263291636	5598.85720201689	15.826152300671538
?	191.12857894977915	601.8747370018547	79.62029553385578	-95.81968148424272	345.51656800881074	2554.591899195303	1484.7991616265804	13711.067855817913	13.98034043422965
?	208.37781805225774	809.361589727348	74.74151070126192	-120.61319216764659	459.5376933747338	1779.8695345871495	2130.911819120057	15407.785116417135	8.67966811459016
?	231.5966584361464	637.7870717327824	73.58963592547347	-34.98645261220259	434.5100447381679	-815.030735812847	2255.1884174474344	3753.438342129725	11.060921225383845
?	240.26717163889674	93.49758219798706	72.99218807065179	2.2605708546632366	418.7861565840916	-3011.478007421154	2318.5837362265424	-21665.97579990114	12.561289573241487
?	236.27153754604575	-45.03649233877655	73.70266446820664	44.292493229045405	283.9361443671107	-3265.3527744856187	1171.889627452381	-20653.986206240497	20.600131983967906
?	238.01534702195792	26.537621766718285	75.20681273210406	19.204094764336116	255.51851785981125	-597.447791948117	1285.8844259145212	3982.0153871398957	32.65949591167164
?	237.59841863438166	-1252.1691010504026	74.66286920642344	-181.13627213491137	254.06375476970499	2614.4140436894736	1370.9903968093752	6949.763536601865	29.07407989273935
?	175.40689196943802	-3098.054059947694	66.14999912535852	-189.61897354529765	386.2392200442845	3393.959414718317	1633.3726027446132	11463.296364695565	17.27698529774236
?	82.69571563699752	-430.0549386269402	65.18192052915859	56.61975306234089	423.76172550562023	-180.9932224833046	1944.1552150441514	2769.1962509904224	1.5527044601949969
?	153.9041450380911	1890.0994061769843	68.98098677847555	190.29342469311229	377.1895589201193	1304.6996399758086	1771.8324152941339	2949.443709732265	7.016818849764048
?	177.2006859458464	299.02587823342736	74.69659176381417	57.32344050059303	488.99670750441044	2149.123802425853	2091.627400530764	5243.498903360751	7.787792590590354
?	168.8554389497624	95.39003395452573	71.8471588035052	-107.47752346573928	484.64574904141153	1923.7469538257596	2034.0073604621705	-12264.115876064669	8.1294054191066
?	181.97018764357267	456.59720521775336	69.32271559052722	70.59471761305358	585.1840551956981	328.71456750297745	1478.421606727533	-11211.69621912541	1.6220272881098454
?	191.68529921065	-3659.4037528714666	75.37689468415786	-233.415103178975	501.08147741656035	-2533.3364782418435	1473.422549505902	-892.2437914095722	9.502189805481075
?	-1	-3853.7059842130134	57.651960431578516	-288.967019135007	458.51723128360635	5367.369786895948	1433.8094171570544	2222.3632092496778	-1
?	-1	0	60.928543727407565	235.16242310733614	769.4499667613568	6269.176886604371	1584.5407099683855	9736.473799070622	-1
?	-1	3821.800744667422	69.41008158694528	280.4003066428723	771.9760756138238	-5719.275201687401	1920.6331071105838	8087.257261355682	-1.6706551945581942
?	190.09003723337042	2465.737916348005	74.94855905955113	-124.50921311105547	483.48620667698776	-6963.986371613847	1988.9035730361682	-3718.216777056927	9.993983958912988
?	122.28689581739981	-3821.800744667422	63.18462093139253	-434.1195139045382	423.7767570331327	-1976.2790039061863	1734.722268257738	-9051.551498557388	8.025744042274948
?	-1	-2465.737916348005	53.2425833643243	-186.42705917634368	384.6722564816788	-159.4764548528002	1536.3259981083004	-804.6356385500468	-1
?	-1	3217.529312438292	53.86326797257538	357.72492727861123	415.8029342904927	2087.8140503040945	1694.4904863302359	10488.231384455241	-1
?	159.87646562191688	3264.95476504659	71.12882972825511	420.24305521775955	489.062958996885	1240.494059107322	2060.73756733107	10567.406775876401	7.550698023025224
?	162.24773825233183	523.0976892573881	74.87542073346366	43.71254174780342	477.8276372458597	-1075.5821275239641	2222.8608251240635	3301.453806557946	11.194041846630395
?	186.03135008478665	982.1029154486998	73.31445681564532	24.657851770831417	435.28385262068605	-1238.0411823318111	2225.8102576589695	-3759.9895910848195	8.364971694259884
?	211.35288402476752	483.130294481603	76.10831332200525	-43.68107928708606	415.9255781292683	969.1373316766884	2034.8613455698198	-10629.238847134937	15.906735250403514
?	210.18786480886715	170.60970629662094	71.13040285129098	-253.39389082538867	483.74071920452116	5073.807478671163	1694.348315302215	-11952.000542798312	10.22514809481382
?	219.8833693395987	169.98754093052284	63.43861878073563	-243.60641594449967	669.61595206283	2218.2039059071035	1437.2613184298957	-7060.352987808319	-1
?	218.6872418553934	-4417.667386791911	58.950082054065824	-102.47203381206387	594.6509144998779	-2312.122246276355	1341.330665911794	2640.22216804757	-1
?	-1	-57.75412196870238	58.315017090132365	219.44396933592358	554.0098397490107	-27.91155220969773	1569.272426832276	6154.968691235976	-1
?	215.79953575695825	3373.6537621296793	69.92228052086216	370.3940168970763	593.255336889393	1729.1226612017617	1649.0791004735972	343.9749309742998	3.1184527243658287
?	167.68268810648635	-938.0417201158261	76.83471793498644	50.49054889649042	640.4659728091	3785.988412071232	1586.4711733809913	-5854.934335288011	3.7031645681126717
?	168.89744975116628	404.51310642535697	72.44680796568672	-140.3773975878221	782.5547574929573	642.168909882389	1356.3323837091925	-936.6370986921814	12.55540731954846
?	187.9083434277545	730.8025206248395	69.81584805559524	-72.58355842911026	672.5744183032199	-8754.97956186524	1539.6393184463816	1830.6796009224868	5.383476820386081
?	205.43757578240877	413.3056155498961	68.81763004423115	6.284804044360238	344.805779399689	-6845.573636584748	1447.8663637553182	-6292.41979552881	17.85926137331876
?	208.5736242052496	5.95351999750497	70.13008825781326	20.012571278934672	330.2957364739776	215.57946037875843	1225.0183286699366	-1549.599332740973	22.67220636855922
?	205.73525178228402	-54.88808512404866	69.8182586081779	46.83989388663993	355.5847524186271	1604.5650813585291	1370.3863971182684	9949.273917946111	18.94668197049996
?	205.82921994904711	-35.9389944680766	72.47208295214529	97.97306529726288	410.5239905419052	3052.3593310553156	1722.4820245672493	8414.888147178797	17.95204761188278
?	203.93830205888017	-258.08439697766147	74.71691187304111	-27.48439197532594	508.20271897139503	2825.133714389537	1791.1308044772143	-7165.7982264089405	14.214142377256945
?	192.92500010016386	-787.3390312448108	71.09786335337897	-294.67780093812985	551.7806762613841	4272.812267242785	1364.1921132467971	-9148.359638972777	10.820040731162411
?	164.57135049663907	-493.89368309134494	59.98302182613441	-47.81994972850856	721.8433323335373	1669.2691436056625	1333.712822528569	-4522.66731452948	-1
?	168.23031594559626	203.20506488930556	68.7068658669535	302.2476036298765	635.2441334416684	-3646.48490556074	1138.05874752032	-2770.548238114244	9.226543684247426
?	174.7316037411045	304.4691304923773	75.09540200762845	150.99411917065922	539.5190870554977	-2134.6982965343627	1195.1854106228548	275.447888343652	16.345025219609216
?	183.45377247021534	817.8901632612784	76.25657182548657	-22.70007823950745	528.5092186149487	-732.9855928543404	1151.8311419375027	-1063.863447028542	15.056244282479023
?	215.626111904169	1341.4270787385224	73.96039809565306	-87.5049529383013	502.8698074127802	-3818.349979596665	1141.992238271427	208.79740378825477	11.793559751396458
?	250.5251264071424	512.1071019673344	71.88132417857145	-316.6264092412492	337.5917196351128	-1765.9181601357488	1162.2710121269156	8839.217872660125	17.171095295703857
?	241.23146700253608	-52.88439570531334	58.12907763359038	-230.90882262430952	414.5738994059915	4686.7811283962	1583.9531319044395	7567.628255848783	-1
?	247.8809066218767	-4844.629340050653	60.33588304735581	129.5820787646059	571.9307760549261	4345.60951071978	1540.65242491936	2282.9536851904727	-1
?	-1	-4977.618132437463	64.60818157182077	288.70379447019207	631.8543749419836	1844.8341864064662	1698.1008161639647	-659.3947241681142	-1.8988557810665907
?	-1	0	74.77107277086562	195.49452585770814	664.1724853752507	302.3857978767753	1507.682688710954	-7188.877393288647	-0.5764368413597449
?	-1	0	74.38290786470631	-90.50687613277275	646.9736648358226	-790.0252558331796	1338.6569464995273	-6935.7575873051355	-1.6382097535923748
?	-1	0	70.24572896422691	-133.6246484918113	624.6712225835912	-1137.1210020549663	1160.8948093456922	2840.2279005416044	-0.26693305647730786
?	-1	0	67.70167544011565	37.820420478619525	590.1176147330734	1336.9046247349447	1480.6683415266095	11413.423555206948	0.8012648808332186
?	-1	0	72.13674998815792	192.48144122940954	691.5164538203394	4516.918884837595	1731.5659871060477	2497.0160132144892	-2.745203822186688
?	-1	0	77.32574750158626	81.44451152658574	815.9635589749564	4170.740675803474	1605.5191421873358	-1291.0372149143448	-4.359790386204189
?	-1	4460.918889292428	76.20897556448726	-18.166428186454223	900.0534876105161	-4301.482549112748	1667.0141263603296	-394.7137642617907	-4.535354910191301
?	222.04594446462457	4540.896283791773	76.41742609226354	56.917599065852514	600.889431519316	-12141.70835011665	1585.783453974246	3371.6503347046023	0.723657636915678
?	226.0448141895919	239.4998867845169	79.05485551777993	5.046725660857802	292.9680701046749	-6422.251833889577	1835.596643095562	1486.926009672349	12.213252271069466
?	234.02093880385058	-46.0323861168836	76.66976237530643	-95.35175217787959	279.77683982483256	-62.326023622821616	1660.1297544578645	-10756.305170623596	16.673371146362776
?	223.7431948837477	-478.69742458826863	74.28726790888588	-123.27262999814702	289.85176892353377	1862.7512701257897	1297.7813845643745	-7211.382089174246	20.995910485041257
?	210.0860675744368	-4474.86389767489	70.506130875399	-1485.7453581776965	372.91440333112337	-5797.035378470593	1299.560649999147	-25955.62769128712	15.696735084531264
