rowLabel	avP	dP	avI	dI	f1	dF1	f2	dF2	h
?	196.1644462398615	3844.8878502711027	74.7170867758467	1461.134305958543	555.4926217880932	10280.24334383244	1439.6960383932899	20134.807936014688	19.079489770123132
?	192.24439251355514	-153.900952949067	73.05671529792716	-125.85315830120805	514.0121671916221	-4500.3708845483625	1006.7403968007344	646.780005167393	17.243133920255808
?	188.46939859240814	-3.052432523903689	68.42442886078629	-82.83910183702798	330.474077560675	-730.2813233147444	1472.0350386516595	15210.77092728007	22.205965481369105
?	192.09177088735996	14.59166482144838	68.91476020607576	-56.831131779718774	477.49810102588486	658.4449487989731	1767.2789431647382	1326.6289836808485	16.066466289799898
?	189.19898183348056	31.967220595165607	65.58287227180036	-327.258720195613	363.3963250006237	-3244.880498744022	1538.366487835702	-4040.0295563613563	18.41613748787652
?	193.69013191711824	-3803.979636669612	52.55182419629511	-273.9020083993963	315.2540760886838	7465.270072876743	1565.2774653466704	-688.5282895219053	-1
?	-1	-3893.8026383423658	51.88777185183054	99.91757885198626	736.6598286444607	6093.982815340076	1503.9400733596067	-3362.677300902238	-1
?	-1	0	57.54770313889442	-107.64446175343298	619.9532168556875	-1262.8197116464119	1397.1436003015585	1346.9409662249202	-2.8208350355461773
?	-1	0	46.505548764158895	91.48337681779823	673.5188430621402	1967.0406858000006	1571.2871216708527	9157.229752553532	-1
?	-1	2177.2178700915338	62.12187197978433	369.71193260301726	718.3052511456875	-2881.8994684957515	1855.005087929235	4888.479987380643	4.1482466198110455
?	107.86089350457667	2051.8875413677283	64.99114539430975	68.61280266664943	529.4238696373526	-6636.764742459759	1815.7111210398848	-2049.007827974081	4.358051561663937
?	101.5943770683865	88.94784094120857	65.5525121131168	99.71527827213399	386.4670140226993	-3307.173209696162	1752.554696530531	-2793.6690588106217	7.881106486099043
?	112.3082855516371	763.0111402378934	69.97690930791646	115.97952656707226	364.06520915254436	117.74889459813825	1676.0276680993536	-9767.474684871146	9.087263829607428
?	139.7449340802812	1279.6609628195895	71.35148844147042	126.66982448010418	392.3544587526062	2639.5349926580466	1264.1809622869732	-14436.061442114884	8.554304998824152
?	176.29133369261663	771.6534239020375	76.31040053192167	106.47223619262452	496.0419587854468	2658.3567021630006	954.2245959936088	-6663.799565242619	10.094106654937125
?	178.32760527538312	-470.23555722825864	76.67510025110165	-32.9550933672152	525.2722938607564	207.83262642773008	930.990984024842	5864.831994059686	17.005623754542146
?	152.77955583120368	-1089.3723238811453	74.66264586356091	-163.30242151211095	506.4335901068333	-2653.5848272097437	1247.4661956965933	10027.614632329038	8.703391229441325
?	123.8589890813258	-845.5643352138961	68.5099791754961	-262.9355800795759	392.59305250026904	-120.26685780691412	1432.3717156412943	-1652.9139640423668	10.582181063190546
?	110.50133907050883	-451.9454687257694	61.515866859582104	-145.46198251632376	500.4202472164876	2725.4660081942857	1164.820497494475	-2638.1197075192654	7.6818088154599415
?	101.26171564503731	-2230.02678141018	61.236880049679904	-171.77458966081198	528.8663529099835	4114.00244613107	1300.4657302653309	10283.755145528563	7.453366250747467
?	-1	245.83821344117843	52.927137376541516	31.62762508724836	706.1203695230408	1798.298763048843	1679.0082547709023	545.8801395910673	-1
?	113.55362631709625	2244.842319102963	62.81826130404232	49.38260675650308	618.7812910624257	-6169.300442740731	1327.7597372448843	-6559.889581496549	4.5763091092445505
?	111.24211595514824	89.12573541691776	55.39626771436667	-140.55912080402936	397.655347386004	-1401.597304859423	1351.0137756960746	3371.490982214865	4.382003743971059
?	118.00991308794214	10.612900709983526	55.79030526384085	416.27130142234523	548.7014258194545	2447.557423012204	1496.3342863556277	-9219.025629134836	-1.4054548169425423
?	111.77276099064741	-191.34357928794867	76.20983278548395	313.6475507760616	520.0332185366143	-2209.367599152727	890.0624942393324	-14574.807625161964	9.544301976811287
?	108.4427341235447	-153.33443323976766	71.47268280264395	-304.0137600311947	438.233045861818	-3993.443166557325	767.5939050975288	1060.4311800222163	12.56501740160299
?	104.10603932865902	66.93159640078443	61.00914478392421	-103.51608611354712	320.36106020874786	-2533.708120849084	943.0840532404433	16249.064637712692	-1
?	111.78931394358392	203.4895500310746	66.29687849696659	213.66903658424656	311.5476398193637	92.5266718159036	1580.0471369831641	18964.842370761773	7.797817552881584
?	114.28051683021276	153.50076010753426	71.69259661313654	246.28098651398267	324.98739379954304	419.3451813496593	1891.3261717785329	7084.354492555456	8.360484828131739
?	119.46435194896064	157.79771121812232	78.61092782266573	140.85163644600146	332.5148988868467	915.6200110216336	1934.2648616109373	-91.7643581338688	13.627486278931553
?	122.17040239111888	-38.430816269316175	78.73517843543662	-137.7741179388521	370.76839435062476	1277.0086034675546	1886.7379538718394	-1697.3778721274978	14.48270366944053
?	117.54281113549483	-2463.4080478223755	71.72222192572312	-496.7512338869784	396.3653290602245	-729.8468880577404	1849.3959680045623	-1220.9408821951445	9.688080720219967
?	-1	-2370.8562227098946	53.89761674108768	-148.35930797692598	334.2760499477377	5028.554094332827	1825.6909097620821	-5014.288968381466	-1
?	-1	1821.62790073869	64.30425652687681	223.91323014680944	647.7930337768661	4962.482257451644	1598.6815195854888	-9209.468620921922	0.7595366485816122
?	90.08139503693458	1825.2986732864933	65.09327824842816	-175.44694038880493	582.4001628203201	-626.2494495520758	1365.2174787159856	986.241042870287	5.2989867972361795
?	90.26493366432474	-1821.62790073869	55.53190950743656	-122.15451520451782	616.4805612992623	3603.34853298804	1647.9935717290032	12474.941513594342	-1
?	-1	642.7346971032281	58.985552488202266	306.7283998254881	762.5675894697223	170.99242219417178	1988.9645543957033	3921.0145516405973	7.829662412640481
?	122.40166851948618	2376.587155833205	70.86832949871098	351.6389457363645	625.0301824089709	-5411.8852123563465	1844.0442993110332	-7524.121809017359	7.045475987019712
?	117.82935779166037	-129.54140082152537	76.56749977502051	116.1276499150775	491.97332885190474	-3327.4962372507566	1612.758463944835	-781.8742845356239	4.318639135805071
?	115.9245984784099	-124.65990575513887	76.67471199446486	-6.434530891988311	458.6553705464329	571.1773361284256	1804.950585084252	887.9755826311916	10.54370769295843
?	111.59636250390345	-330.9983134650603	76.2457732304211	-209.43195857372717	520.5321956583259	1436.6276585017777	1657.1572430763945	-7588.525954299216	6.667114648181088
?	99.37468280515695	-216.52984871832066	66.20311406577854	-207.00790203904648	530.4867534715215	-778.3515614654577	1425.5242873692926	1511.2511307938312	7.063303333297291
?	100.76987006798745	-132.35679127282614	65.8953781284688	-65.45088733022291	481.61461758505317	151.7406431946466	1732.7197996160858	3335.9892874814323	9.25320037643786
?	92.75684324151567	-249.697686511274	62.9305696992674	-244.0526623535641	538.0737856312538	1167.2911707915348	1592.3237517433636	-2768.2135040650937	5.315555270508187
?	88.2849857424238	-1875.13686483032	53.692745010790645	-420.08518540774384	539.9791761246297	430.4128979154886	1594.3091244128316	1090.5505933354555	-1
?	-1	-1785.6997148484822	41.926310428880285	-80.35036530647517	559.5944305270282	-908.5997930091955	1646.8512814101362	-2351.2078097728445	-1
?	-1	2449.1337573702335	49.6752267454669	391.55394041514637	494.5491864741701	-1479.4203773309273	1476.7487339241898	-6113.185125517511	-1
?	121.45668786851124	2212.268432754722	61.504007449637534	214.55279625835323	485.6234116604821	-3925.9571962501655	1341.1920251342617	-2180.4902709205303	11.946493453918576
?	109.61342163773571	-2449.1337573702335	60.402866558384524	-152.885194514601	298.2513266616625	972.6880091135058	1367.7242203781636	7383.860152415149	10.901212824123121
?	-1	-2212.268432754722	53.85974772390751	-3.780489203523003	534.2578121161572	5358.292319630693	1710.3850327550178	8476.878370441304	-2.4311002105562785
?	-1	2087.6505355025956	60.213842098208374	40.75687241913897	566.1659426431962	-1263.0696505309163	1791.5681389002273	-2787.0133109880326	-1
?	103.3825267751294	2050.6623020711513	55.89759134486445	-181.94028002250997	471.1043295896116	-1738.9442511653049	1571.0343672056167	-6651.033832293429	1.264467636251902
?	101.5331151035572	571.5221149540802	51.11682809708291	206.40857622134848	479.2187300849313	2513.6195609748174	1459.016447285557	-8989.475743829322	-1
?	131.9586325228333	416.14946734000773	66.21802015593184	514.7034639922129	596.785307638352	-1237.481083391625	1121.5605800141523	-4746.94032679205	0.2578801569710168
?	122.3405884705575	-275.8540041294232	76.85200129669346	85.12039987967684	417.34467591535025	-5064.14268791886	1221.6694309459554	8759.038636839145	9.360712676520915
?	118.1659323163622	-24.408555906674195	70.47404014991567	-33.85386204172688	343.57817324240995	594.8950158655952	1559.512511856108	11453.119482379916	9.941184119684573
?	121.1201606752238	-6.484994131894576	75.15930819460712	24.93890009759733	447.0894267086299	1799.422637985768	1794.325405064949	2880.507685898389	15.976660961008864
?	117.84168260976747	-2442.4032135044845	71.72098515479553	-310.47890803187494	433.549305141698	-733.1550567537605	1703.5378961510269	-1064.8382679226863	12.365134049589177
?	-1	479.39392107643755	59.63536279301343	-127.57977760797462	410.431673870942	2650.4521547299855	1741.083491668815	-1837.9391004806914	-1
?	141.81137866358927	2918.6984000268294	65.34199627439682	350.165235024199	566.0719128781968	3202.1718075799336	1611.6409411269926	-12286.988362005142	2.271059968116646
?	144.93492000134094	238.93492349574245	77.14362454422331	171.75526204278358	570.5402642499381	-255.5110542573525	1126.73407356856	-13263.688952582954	9.002236559131099
?	153.75812483837635	334.3355465711216	73.92975937653597	-129.3392009094136	553.2963601653293	-436.98740527955505	948.4564934978473	-565.4831215700162	15.882545619060139
?	161.65169732989696	169.31571970460882	70.67666449875266	-57.02421461813052	548.6908939859604	-489.2643552121826	1098.4599174900593	3209.4553404873045	16.421219405244138
?	162.22391082360676	-230.97605667041333	71.07854864562945	-17.71736173488683	528.8331424047202	-292.96016859898475	1108.929260522212	2302.934805099061	20.904942498375085
?	150.10289449637634	-3264.478216472147	69.79079641200832	-422.6938810159792	534.0428855560112	2973.587559016668	1213.606657745012	11430.939414623748	8.943238334383423
?	-1	-3022.0578899275374	49.94385459483057	-463.2546894453495	677.5125203555531	-818.5221032637248	1680.4762312533974	7315.586695361798	-1
?	-1	2780.583906872405	46.628061939740924	402.0747729040909	493.11678039282515	-4618.816679140207	1579.3859925131005	-8369.466910415229	-1
?	138.02919534361976	2721.05730304846	70.04759324003504	610.8195911649515	446.57168639854353	-3438.949204875741	1262.0028857326374	-11346.91135964191	7.815267490511659
?	135.05286515242253	-327.5199344155203	77.16904149798839	-89.94102028768342	321.1693201490387	963.112450047031	1012.040424531007	6813.74740812025	15.508320406103675
?	121.6531986228438	-2721.05730304846	65.55054222565089	-313.75762184326504	494.7273089008949	4925.953961152048	1602.6902561386487	15384.952835024158	3.294527231146546
?	-1	143.56459038969086	61.48116040582519	239.86678840263124	567.4670182066402	-2150.8732413031107	1781.2880662822122	3007.862166211245	-1
?	128.83142814232832	2335.6083042338964	77.5438816457824	268.01474469660957	387.18364683573975	-4067.0654588827674	1753.0833644492104	-2217.119553340261	10.490347350405509
?	115.7804152116944	-431.5009206662962	74.88189764065562	-217.6146250979834	364.11374526250256	199.53797247323863	1670.4320886151995	-1923.1147486315672	12.391588979907398
?	107.25638210901359	158.93884366648706	66.66315039088327	69.93271633415584	397.16054545940165	3845.5968685912285	1656.9276270176324	-4526.598540851976	5.374405834789866
?	123.72735739501873	374.9505167190161	78.3785334573634	63.287470283371704	556.3935886920633	2328.2633767457755	1444.1021615726015	-4087.611634412202	9.1398429566603
?	126.00390794496433	-2494.5471479003836	69.82752390505185	-598.5258081541249	513.57371429669	-170.7232409233126	1452.547045297023	-202.57098905915043	7.461449707155284
?	-1	-2540.0781588992954	48.45224304965726	-426.1573471182296	547.8574266458977	1293.6547164778563	1433.973612119644	1923.3302626371346	-1
?	-1	3027.6216739136594	48.51965654914044	453.8836562849091	578.2564501205826	-4003.306770745649	1548.7135584288794	-8973.56492142128	-1
?	150.38108369568243	3139.0353675590372	71.14642586390264	523.5177696576415	347.69208810861596	-4657.373601217443	985.2953660485816	-16036.432831141345	16.418208676276564
?	155.9517683779513	364.511362478615	74.69554503202242	11.414340405057755	345.3877700597113	75.31090030895398	746.891916871815	-3610.4894448104087	24.6590400265686
?	168.60665181961312	2971.604930332213	71.71714288415552	-380.9667253222764	351.45763312406365	66.67618765992667	804.7708938080618	7468.266506068689	21.215050873843225
?	304.5320148945614	-3392.1330363922743	55.64720876590867	-194.55528630093139	348.7215794427076	3680.554999918657	1120.3052421752482	21483.7154590521	-1
?	-1	-3866.9950834478336	61.989378569108986	164.3029919926403	535.4853831199958	-161.32229960355573	1878.956666760663	13734.005413519702	5.265194407492602
?	111.18226072217045	0	63.86235836554066	-325.8245432558573	340.65546446252984	-3505.030593614406	1807.0055128512308	-3175.619884179216	6.32998285660162
?	-1	329.3912684038481	45.69815140631618	-24.17708031719991	360.2338534392762	2531.8181947406138	1720.1756725517027	-3209.1913567835604	-1
?	127.6518241423628	2439.759933821352	62.65350434968067	649.5176418015955	467.2463741995601	1459.5165786681578	1646.5459450120534	-257.8645675655398	5.0177924432859795
?	120.98799669106717	-248.2627733535472	78.17403349639584	202.1891140294798	433.2096823726838	-2028.8163992859988	1707.2824441734258	-274.51300982477375	13.442323759007692
?	115.23868547468548	-120.13358335266489	72.76296005115462	-85.29571359568168	365.8055542352605	1151.8906812354062	1632.8202945208147	-8165.868510753373	10.211855684043888
?	114.98131752343394	-179.6991712197343	73.90924781661177	-39.95190499720067	490.8042164344539	4717.0554982318645	1298.9890186357586	-15560.81757660068	5.5689570329705145
?	106.2537269136988	-319.67353415870747	70.7653648012946	-325.11451080012665	601.6583291468529	2347.862273984794	854.7794156907835	1830.6612415129187	10.081041061626582
?	98.99764081549863	-2145.0745382739838	57.65352227660549	-331.8557313627868	608.1973301336932	2407.579377418428	1390.5220807114042	16920.828695840533	4.524533882593882
?	-1	147.2839543678199	54.17257823315531	299.29006501309664	722.0372980177739	-854.3433064741279	1700.8208504828071	-6056.3635260777155	-1
?	106.3618385338896	2194.012391581904	72.61802552726027	425.6688377478758	565.480164809987	-3988.207347383341	1087.7039044075195	-13145.045536565609	12.017990629150198
?	108.70061957909482	203.39774323286335	75.45602012054903	117.85107709684992	522.6269306486075	-2011.8143563214678	1043.568573654529	792.4543781231051	14.591969394736742
?	116.53172569553273	223.88639020749645	78.51057938210275	53.537049808085634	464.8894469939139	-752.0294203735675	1127.3266233136746	-342.19975972549156	14.524485457142495
?	119.8949390894696	-157.32336314824323	78.1328726109533	-162.4076388257859	485.0254596299293	-220.15731634074962	1026.4585856682545	-3977.5666394250065	14.192051807483
?	108.6655575381206	-350.87565006956805	70.39019744081348	-409.77517718161215	453.88158117687647	-1268.1817041914167	928.448291342425	8970.343525179475	9.27772789293516
?	102.35115658599126	-178.4435987998666	57.644113751872766	-238.09723930543754	421.6163744203587	-1914.869976625963	1474.9757619272266	9506.564658428652	-1
?	99.7433775981273	42.169980870006476	58.485335475541646	54.40586206161944	358.13808234557865	-2111.2242885871974	1403.776524263856	-3394.942633580216	10.971758329862464
?	104.45965562949158	178.489462720024	60.36440685495373	210.2684176319828	316.0551599909992	4025.5111312295817	1305.2286302482164	-1804.6528077894682	7.578164560342754
?	108.66785073412846	73.92335055856646	68.99875635714075	151.72691920434087	559.413638907057	3242.982214408991	1313.5438838743828	5258.692608847142	10.14064917686142
?	108.15582315741989	-84.12328823533643	67.95075281517075	-275.8652250806814	478.20427071144815	-3522.122910922566	1568.1632606905725	2946.3306120270513	9.259228623890433
?	104.46168632236166	-2183.1164631484057	55.20549510310673	-112.20084617967342	383.30749336092936	2791.8876480449508	1460.8604144757348	6358.323563218742	-1
?	-1	273.14592998646145	62.340710506187094	426.37130144459616	617.7986531136952	2450.2366503624544	1886.0794388515085	5150.371168012334	5.638163681919958
?	118.11898282168468	2204.9284812033093	76.52406017533646	141.41734985795148	505.81932587905163	-3352.5380021916867	1718.3789728763506	-11372.241079128911	7.311421980482694
?	109.24642406016507	-345.4024630323424	69.41157799908464	-288.6916461817052	450.17175300411145	-2942.374983423256	1317.467384895065	-3463.796342848517	10.098022154369728
?	100.84885967006763	-194.35868434570733	62.08947786625125	-77.82025721700704	358.70057670788935	-1709.780628410694	1545.1891557339254	5897.76503457433	13.025564737670956
?	99.52848984287974	-2036.9771934013597	65.5205651382343	-85.71743908516554	364.68272158357706	4651.126301635257	1612.3556366237804	845.8040237085181	10.014319346626195
?	-1	137.78236952695798	57.80360591199299	27.41069108394849	591.2568917896514	2965.9503414729547	1587.4793569193512	893.1198294392139	-1
?	106.41760831922761	2030.0119054188197	66.89109969243172	153.3829436561521	512.9802386572243	-2833.1668654252326	1657.011628095741	2626.116048805284	2.043110363627355
?	100.50059527094062	-2148.35216638456	65.47275309480057	-308.4272989446795	449.59854851839026	585.3792819862017	1718.785159359615	1563.7464280811819	7.9957320517794175
?	-1	230.10513972707653	51.469734745197805	-52.84016828287666	542.2492027565343	1436.1106167756877	1735.1989494997997	5854.886435591973	-1
?	112.0058522572944	2172.347849085458	62.83074468065674	387.794737225163	521.4040793571744	-3170.582886101911	2011.5294811392125	-3553.128813106595	6.235157865002801
?	107.61739245427252	-133.50245636253013	70.85947160645588	141.31781759502823	383.7200584514393	-1152.0212181979555	1557.5425088444706	-14861.52474732065	6.829674910128316
?	105.33072943916792	33.36481567635003	69.89663556040813	136.0444421893043	463.8030184472768	3536.2803807508035	1268.4532437731827	-5689.712030078001	8.323445752417674
?	109.28563323809001	-55.01524109147246	77.66169371592108	4.3540889149090996	560.5340774889788	-1019.0129580869702	1273.0569073405716	5048.508459076634	14.38402924195889
?	102.57996738459431	-239.93696966232903	70.11434000615358	-320.99550533362407	412.8523705429285	-4342.199693842997	1520.8786667270135	8993.921590971504	8.955438970215507
?	97.2887847549736	71.03061806883542	61.61191844923993	-83.72044490098547	343.42409279682977	2636.7561340254524	1722.7529868891452	358.926166555167	13.95641204531143
?	106.13149828803607	61.55743124781076	65.92831776110432	186.2403631084734	544.6901772442006	4692.705118996285	1538.8249750547718	-14775.298300673829	3.1530539947083547
?	100.36665631736413	-99.3984279223114	70.92393660466357	30.13982805718978	578.0593487466432	154.2973388133083	983.9880718554564	-10522.194559366239	8.832530136328964
?	101.16157689192052	-4.492815226538783	67.43530916396381	-162.15917852876686	552.405044184866	-2581.4163384812323	1012.7152470864618	3105.7310725326006	11.770418333564866
?	100.1420155560372	-41.01242627548445	62.81597767822525	-79.18157526594754	448.98853182258205	-2186.422429293749	1139.2746254820859	-708.9010002834473	11.995396248355219
?	99.1109555781463	-2022.840311120751	63.476230400666445	-236.46307065438535	443.083922720179	2098.162664627984	977.2701970722895	8617.244882954214	14.420682968800335
?	-1	-2002.2191115629332	50.99282414550603	-109.35032345339233	553.8966650539809	5920.873054758311	1570.136869629795	12669.863796271786	-1
?	-1	2188.6953498594717	58.00871422799685	263.23711361218125	739.1275754580935	-1735.3849664107672	1610.7633868858766	-4103.670817707408	0.7536323853354799
?	108.4347674929732	2043.49503963915	64.15467982611504	107.08104233317111	467.12741673344283	-5807.768931089702	1364.9533287444253	4743.405818057576	6.417358647068389
?	101.17475198195714	-2188.6953498594717	63.362766344655384	-95.32606893119484	448.7391289036094	5206.234355258273	1847.9336777887545	12678.644513670628	6.299951918880116
?	-1	-2043.49503963915	59.38837637955532	-196.32126406225112	727.4391344963556	336.50548904226645	1998.8855544279545	-5536.18437602405	-1
?	-1	0	53.546703141542864	-188.39778991332832	465.5644033557227	-1579.1321399562673	1571.124458987553	-7611.489196631464	-1
?	-1	2324.8826972660145	49.968486883888936	271.6104251430708	648.4825274985425	189.1040052106173	1618.3110945963826	3060.9486133330456	-1
?	115.24413486330032	2109.3240367577246	67.12722439869636	241.65745558090407	475.0196036162535	-4565.190480800188	1724.1718896542047	750.2314118607982	6.170587266422892
?	104.46620183788585	-2324.8826972660145	62.0513596629341	-223.3804666612118	420.22300345853387	1257.362128502158	1655.8226651894224	46.56102713422586	7.640585716933831
?	-1	-2109.3240367577246	55.958201065635805	-94.31575879312467	537.8877100413612	1413.4923303154817	1726.499941010916	3517.184983969372	-1
?	-1	0	57.33557172327788	76.09598300151772	490.8976199743077	2112.3470426778485	1831.6819143878904	2913.240025235879	-1
?	-1	0	59.76300021571168	188.30768851200173	643.5050621752532	1117.270019899634	1872.1619422727094	-8611.78784520623	-1
?	-1	2787.0514985827394	66.75095614887793	245.90292965049218	546.7611209692892	-4447.019474939113	1401.0925221275804	-13955.295256326672	-0.5585186406301718
?	138.35257492913647	2949.8079705606997	72.05814669823624	122.07370388404216	421.15408842829834	-2337.9379095603454	1174.3971794563784	667.0998302164004	0.2108485394512544
?	146.49039852803446	-2767.051498582739	72.85464134308002	-1441.16293396473	429.86422549127235	-8423.081768565997	1434.4475136384003	-23487.94358912765	8.54558595857915
