rowLabel	avP	dP	avI	dI	f1	dF1	f2	dF2	h
?	-1	1870.5510542474296	60.148749992132245	1334.9410780646351	570.8477250653749	12256.812596671509	1271.7140631841883	24399.276446800093	8.412058326608337
?	93.52755271237149	2027.7560917533017	66.74705390323176	149.80400762257446	612.8406298335755	858.2432360725011	1219.9638223400048	-5266.613529962194	1.596161267328464
?	100.38780458766509	342.8843812808809	67.63895037326097	128.7215073427671	613.759886869	-800.2458403404714	1008.3833866860786	-5887.646514307967	2.110615328766862
?	110.67177177641554	-2027.7560917533021	73.18312927037012	-406.98211263776767	572.8283378165519	613.9204339251729	925.5814966246063	5483.7673893257115	10.111527061686468
?	-1	461.91561418659387	47.28984474137259	-321.3781827435836	644.4559085652586	2508.258916490659	1282.571756152364	9914.311107768448	-1
?	133.76755248574523	2586.981075017193	57.11422013319094	596.3285635307016	698.2412836410848	-916.4450102978096	1421.2970520130286	-985.4218810730392	3.672354921104514
?	128.3490537508596	-121.04989667598008	77.10627291790766	364.2701453479484	598.6336580503681	-1687.7086610007136	1233.300662098712	-2787.993674196628	11.016216647316057
?	127.71505765194622	-79.76505022993821	75.32772740058836	-68.98798207466741	613.8558505910492	19.171425749138965	1281.8973683031973	1282.3850050218973	19.59850931794758
?	124.3608012393627	-176.90822619268548	73.65687381417429	-61.02317049249821	599.5922293378251	-1097.217771252531	1297.419912349807	663.5315370742411	16.808876448683158
?	118.86964634231195	-244.9730398364128	72.27656887596345	-105.37722025634795	558.9949620284226	-1099.9049815279411	1315.0739451569093	634.6654729100557	15.446765222876536
?	112.11214924754206	-311.01161736174305	68.3880128013569	-154.40353713500642	544.596980261428	-1914.1865725270038	1329.1531859953097	2039.7766076864018	8.822298229475564
?	103.31906547422479	-173.0472427679844	64.55639201921312	-306.3713073015657	463.28563340207234	-2097.6183384731808	1417.0627755412295	2528.674371209329	4.7385262207510594
?	103.45978710914284	-2086.381309484494	53.069447436278594	-439.90796301599863	439.7160633377689	-1277.487052039338	1455.5869045557763	1530.7324599176113	-1
?	-1	-2089.1957421828547	42.56099386841317	-295.32360491018966	399.4112808001054	295.73943285030936	1493.5993985371101	2409.246364165099	-1
?	-1	0	38.3032671907691	57.52783775390777	454.5030349802844	5420.0418473423315	1576.0492227640314	2990.9863830468767	-1
?	-1	2209.9905972982965	45.43738575610856	408.5943152951632	670.4133731672222	-262.59792689694996	1643.148717689454	4448.244889684321	-1
?	109.49952986491493	2240.581743963387	58.73298295552728	453.4623914243488	441.3731386354369	-3479.766309709552	1798.4614672482476	-3245.2224984437926	7.749567701197099
?	111.02908719816945	1.201351454007521	68.11050532732602	94.40207632692085	496.4250576817444	4027.7321171961034	1480.8875927672643	-12652.492659828124	4.201064783379428
?	109.55959743761531	-36.1701329766802	63.45308677187332	60.552242735979235	642.7597444952422	1720.0349469987857	1165.8368342568408	-10067.652152905417	9.559809337745383
?	109.22058054933544	17.02533142472364	71.13811746412499	48.40861865729912	582.4268050316838	-2188.201958445384	977.5049851219931	-1363.3186995081332	14.420689848206393
?	110.41086400885149	196.45449579801505	65.87351770473828	1.6576010955048999	533.3496465729731	-1414.131639482424	1097.6708992814342	3494.7134773869006	8.986380061927088
?	119.0433053392362	220.7397235132934	71.22099751890023	132.6285882109433	511.7202230575625	-1199.6971517380541	1152.2406589913383	1516.0119243471704	11.378407258371322
?	121.44785018451617	-2400.866106784722	72.50494711528545	-109.47915512925637	473.3647889860704	1023.5731622931294	1173.4714954987928	4931.673979732614	11.419207783177598
?	-1	-335.7726836272843	65.74703976243741	94.02521574905157	562.898881172219	1358.1778999640972	1398.8243579779692	1016.1350067061894	-3.83944818369109
?	104.65921600315194	2082.561016914581	77.20620790273803	126.51437625036482	541.2736839842753	-687.2075282310055	1224.2782458341023	-3182.3491267128447	9.140561555473182
?	103.12805084572915	15.995546330215674	72.07275857495566	3.7864547682877934	528.5385047606687	505.83946294413363	1239.7069016423268	3761.551100998778	8.268825087757552
?	105.45899331966272	18.841636052688084	77.39553064115242	30.906876302290385	566.565657131482	57.63136724848432	1412.3558008840414	4768.044101552446	11.50440962412118
?	104.07013264836355	-126.45317324823952	73.61810239007018	-238.01529229378397	531.420073123093	905.8393762458187	1478.1091067199493	4481.827561069368	7.865502145882549
?	99.13633465725074	303.3012412795398	65.49476602646321	-78.64153909601463	611.857625943773	-923.4206541480095	1636.44717893751	-2785.5924159718484	0.9679787013962533
?	119.23519471234056	316.0905653878615	69.68602543526944	179.87557416610298	485.24904041569243	-2696.700813762893	1338.8294859213568	-13219.858235522865	7.579710143871252
?	114.94086292664383	-12.519507351131825	74.48854473476837	86.38103695118836	477.0225852556282	578.1977443063369	975.4542671613662	-6971.87479315911	12.71307663283836
?	118.60921934478397	251.85685789256047	74.00507728282886	-96.1359874909231	514.1589276310093	375.73871886176414	990.235746263401	5244.262466551583	10.262682988640835
?	127.53370582127187	491.2210969587481	69.68174536022221	51.81201237665131	495.8095211987164	-0.5769625647758397	1237.6673904889456	13256.077945154066	9.582832161646866
?	143.1702741927214	707.3442244612845	76.59567790166143	143.62234702190125	514.1300795027705	32.95517100199501	1653.0396435211048	10491.995603339723	8.275482788969274
?	162.90091704433613	461.1012608264487	76.86286271131728	-62.97616143328804	497.4572797488162	-286.53799986664785	1762.2671706559322	512.3485259001104	12.277471025866939
?	166.22533723404385	-3278.0183408867197	73.44686982999703	-478.6960953968226	499.8031795094381	1034.8226787667058	1678.6570698161104	-4592.925056487485	12.069230109527783
?	-1	-3344.506744680874	52.928057941476126	-333.12839956471333	549.1984136871515	9042.958449072177	1532.6209178315578	-1598.0834230099103	-1
?	-1	2333.78760895199	56.790449851761345	293.5690944504509	951.9511019630473	508.89291250535007	1598.7528986656148	5084.625299371942	2.822889277840369
?	115.6893804475996	2291.144139587365	67.60651266399869	152.51718341767543	574.643059312419	-7731.477111305846	1786.852182800155	3457.4228317221255	4.894083216399654
?	113.55720697936835	-2333.7876089520005	64.41630902264512	-159.11015162009505	565.3772463977547	5479.318336651653	1771.6240402517212	-1431.296755952781	6.441386344548815
?	-1	-2291.144139587375	59.65100508299396	-44.66715922069328	848.6089761450007	7063.063592496376	1715.2873450025163	1151.013233567814	-1
?	-1	0	62.18295106161047	-64.39391291328613	918.5304260225722	-534.615892653928	1829.1747019301117	-1366.8086439045148	1.6385452535345988
?	-1	8367.944251990593	56.431309437329666	137.9885341980715	821.8781815123044	-6381.371841470029	1646.9469128072908	-4287.006497372719	-1.3656505281627183
?	417.3972125995282	8690.936985181485	69.08237777151402	406.0029681378724	599.4618339490719	-7167.383174890672	1614.8243770614765	-3543.3101993868595	3.701054328694327
?	433.54684925907264	797.8109758234228	76.73145784422322	130.07979293757916	463.5090227677721	-2214.1089143419103	1469.7814028379485	-3913.2074851136626	2.380970768573536
?	457.2877613906992	659.3750345603429	75.58636741839295	-61.36449826677869	488.75638823197676	1067.0586670275127	1419.164002805794	-1792.444481422055	2.267796544020888
?	466.51560098708967	3.562150860425403	73.66323293088429	-41.64180933571445	516.8619561191475	521.8215923484736	1380.159178766846	-1424.8518646778762	3.7739402348780815
?	457.46586893372046	-213.38066699901637	73.50427695160724	-5.828252501654297	514.8474678494004	18.464344531144043	1347.9214095719005	-795.0787793382216	1.780294217181495
?	455.8465676371389	-84.02055388888614	73.37182030580158	-13.804267306089223	517.7851733457047	186.27131949219185	1340.405239799935	-373.00471754610174	3.3213179865335425
?	453.26484123927617	-259.7151427260653	72.81406358630278	-41.98698371686036	524.1610338240099	-45.65828590803465	1329.2711736945955	262.6973400273582	0.7858762064482898
?	442.86081050083567	-9085.296824785555	71.27247111995857	-250.27103613383704	515.502259050303	1042.95156080074	1353.540106801303	3211.620909081596	3.1408665191058933
?	-1	-8877.216210016744	60.30051177961097	-267.4591015941018	576.3086118640467	3051.7498432036195	1489.8522191486747	4759.455292147431	-1.2668615744600547
?	-1	0	57.89951604025352	10.133210335350391	668.0897512104834	4067.9931581754417	1591.5128714086736	2779.2766794582767	-1
?	-1	2143.4309481215532	60.80717229637849	311.27627411088935	779.7082697728181	-4263.388914243917	1628.816053121588	-270.10723670102476	-1
?	106.17154740607728	2159.3095700579765	73.46332974579794	76.95386129965483	454.92030549828837	-6759.866857741604	1578.0075095736224	-1194.7158194639994	7.185713628462895
?	106.96547850289843	-89.05345109634001	64.65486536136122	-188.7771980695332	441.7149268857391	-748.5818296170081	1569.0802621483883	1560.3560060847722	8.15045451845615
?	101.7188748512603	53.0692473917181	64.02446984232131	88.42293879071181	417.4912140174381	-25.04329736479244	1656.0253098778608	2509.398702524245	3.8824577774620384
?	109.61894087248433	179.59774181670105	69.07601230089679	217.09402045067966	440.4627620174995	1282.632410622134	1694.5501972746001	-8345.486058437165	1.3437323567285073
?	110.69876194209532	-25.006099258997185	74.87917086485525	144.59170883772111	481.6228345485446	2478.1451928443807	1238.751006956004	-15068.89602171679	7.076514215404177
?	108.36863590953448	-63.92487198579454	76.30559774278282	-118.56505691147433	564.3700216597181	1212.011527150505	941.1053961887633	-2112.0147344757956	13.54480004662175
?	107.5025183428056	-13.921757505466466	68.95091801928156	-124.36111559590886	542.2234109060696	-1051.4112386091986	1133.1502702322146	7719.467149708958	8.372308445281012
?	107.67254803426115	-26.278253290111685	70.0875419629874	157.0284687415196	511.79945972925833	-370.1479396086815	1327.0787536742098	10339.27971890315	9.013305533387968
?	106.18860567830002	-80.26167140825976	76.80234145635751	161.33708628791936	523.7160139256356	245.58811746694093	1650.1142561773702	7028.686743389828	13.343368094363077
?	103.65946446384818	-82.48587109494623	78.15439627738334	-4.491413302074834	524.0788656026053	538.3547913202184	1678.5130908437	-3145.767327600827	13.417408552307728
?	102.06431212355272	-104.6991257732112	76.57777079125377	-242.69877600366357	550.6337534916464	-634.3534362283651	1492.8258897973294	-6311.098241641653	12.315227150393323
?	98.42450817518764	6588.839498688239	66.0194574772002	-132.99415868025156	492.3611937911872	-32.95080899312336	1362.9581787616185	-1314.2395414985233	5.762639718722162
?	431.5062870579635	7802.021144223772	69.92806285724122	60.47155276326116	548.9862130419903	612.7592524335579	1427.1139127224035	-1092.836215359843	0.630980886859158
?	488.52556538637486	-8650.125741159302	69.04303511536325	-378.5143059105443	522.999156412865	-2652.519904593128	1308.3163679936265	-1494.7995094096957	5.32907229317962
?	-1	-7482.714311241574	51.00234756171407	-14.67466271194075	416.3602178123343	-15.392035502436611	1352.373937251919	-4502.258154540917	-1
?	114.38984982429749	2217.904157390429	68.30930197976622	437.0911737868744	522.2295546377432	2150.632570454794	1083.2034602665815	-7004.801267011089	9.630190118704944
?	109.89520786952106	-251.59608176858316	72.85690625105771	-59.760033229243774	523.8918463350736	1616.147028061656	1002.1338739013657	1574.1930679012023	10.732389395630141
?	101.81004573586837	-9.708002558103635	65.32130031830404	-80.59401466333839	603.0369060408257	341.871092164721	1161.9131136616413	11610.435779648622	3.8547654094522983
?	109.40980774161588	66.72808698856467	68.8272055178908	-1.3103482795799029	540.9854009433096	-3224.8441368187505	1582.6556628837948	10782.137375925047	5.58652396394482
?	105.14645008529659	-2208.1961548323256	65.25578290432505	-469.32258496571717	441.7946991998887	-815.9117787752808	1701.0199824578917	607.0314516305347	8.263990744885774
?	-1	-2122.9290017059393	45.36107626960503	-459.57423878401124	500.18981200454573	2647.212553515225	1613.0072354653214	-3747.4011968050395	-1
?	-1	0	42.277070965124565	209.20843005331395	574.1553268756495	5109.0224087172055	1513.6499226176404	806.708736464596	-1
?	-1	2393.6975133712162	55.82149777227069	680.7304930492193	755.6409324404051	-2649.651908743828	1653.342672288551	3916.920157170162	-1
?	118.6848756685604	2300.89273045206	76.3135956175854	437.83278194065855	441.6727314384586	-6139.809271897376	1709.4959304761478	2641.412758398756	9.578784158090524
?	114.04463652260259	-136.90577248574832	77.71313686930354	-6.576358454310048	448.6504688455374	77.29779468605811	1785.4133102084884	2026.6212253827625	15.298453659897424
?	111.839587044273	-49.17747729943262	75.9847776948699	-48.06337697413983	445.5376211727615	65.38480567226452	1810.8269917452856	691.7024414202867	15.036415484579805
?	111.58576265763097	-120.7992758708751	75.30996802059656	-233.8343977885509	451.9197091291506	2507.8217411216096	1819.9984322795026	-156.61856703579417	12.84489907450722
?	105.79962325072927	-2251.715253152627	64.2930578054424	-511.4674713398258	570.9287082288415	3129.6308250206957	1802.996063393496	-3057.9382074026735	3.7735265160558544
?	-1	-2135.992465014593	49.736594453605356	-180.51875329074144	608.4012503801848	5047.222042992341	1667.1015219093695	-3760.3232436246476	-1
?	-1	0	55.26712014090536	213.72026188421037	823.2898103784577	6030.638314447047	1614.9799012122642	-553.9378010649917	-1
?	-1	0	60.422607547815836	101.90259826955433	909.9331661025361	2324.9064368640134	1639.40463185612	-171.53468709305403	-1
?	-1	0	60.36225005438306	-6.125781249530626	939.5351322216579	-82.49161508104437	1606.4031668576115	-466.5432429215087	-1
?	-1	0	60.116318485339306	9.98393883073593	905.8085853484839	-648.0101469724468	1616.0774697100446	72.6917603860559	-1
?	-1	0	60.861446995919856	-31.839011011546148	907.1346248730357	1040.0958323052387	1610.0377548769143	60.076257285777714	-1
?	-1	0	58.524367934762004	-193.58650901737843	957.8133769637457	-1971.7354841532735	1619.0812825743335	-1906.9715836052887	-1
?	-1	0	51.18212154505097	-249.88045896355874	808.5478506653724	-5006.506743848672	1514.6891756966502	-1683.133248713822	-1
?	-1	0	46.03034498658411	398.9241291034089	707.488039771313	-1128.6882380079005	1534.9246201386427	-6942.342693678203	-1
?	-1	2643.7578698380153	71.12832800022134	623.644357497286	752.1134387649776	-2883.996539660717	1167.5720410127412	-12961.612148256276	1.9996632095274505
?	131.1878934919003	2636.0303805216304	77.2125628614483	67.48264987897524	563.2882127882776	-3918.216824230506	886.8440127258313	-5035.583051360327	4.30779973797571
?	130.80151902608105	-175.18011389499128	74.5024604941701	-278.0046739014348	556.202597553453	1021.0943412582164	915.7928884447258	9414.014148548713	13.885795278299986
?	122.42888779715076	-2636.0303805216304	63.312329166376614	-395.11607404698805	614.3429298511883	5193.438415913201	1357.5447201532652	13732.04107698431	7.555467422939678
?	-1	-2468.577755943024	54.74665679182076	-0.9013906106829982	815.8745183491121	3700.547119666166	1602.3949422939388	4656.631607747079	-1
?	-1	2659.2877360953253	63.267259635842464	410.5207939102012	799.3702858344959	-4891.022125854614	1590.3763005406183	-1430.305975323868	-3.6259277083518944
?	131.96438680476578	2534.1764742660116	75.27269648733075	-52.16502175750297	571.3234120563823	-5347.429735435874	1530.8796435277457	-1245.6303661227046	10.114781372344392
?	125.70882371330013	-2659.2877360953253	60.659008547967325	-551.4311416215171	531.9987990627031	2319.3772799475882	1528.0947822344833	1791.9932946060244	8.78670659547971
?	-1	-2534.1764742660116	47.70113940625499	-53.2520829998659	687.2922760537613	8771.957152937694	1620.4793082580466	1172.618170090272	-1
?	-1	0	57.99640439797404	255.80258524251866	970.5966567095862	6831.311382609271	1586.7256907389967	950.5869142784093	-1
?	-1	2551.6219891081682	60.491268668380876	75.77575390099624	1028.8578451842236	-6060.060869220998	1668.0086539719669	709.8119667650351	-1
?	126.58109945540797	2474.381044232118	61.78519209302384	242.52412335774736	667.5936132485374	-10564.800601663599	1622.2162890772483	-214.0122409311842	3.245564161772132
?	122.71905221160546	-146.37943560329597	72.6174748362682	287.7914630674697	500.6178151010455	-3433.8682056465323	1657.3080419254077	316.4699712121012	16.906084825641592
?	119.26212767524319	-151.93687108485275	76.17476524639727	74.13794937946788	495.9002029662114	861.4777623684662	1638.0397876378534	-2556.4737457377396	16.02607744459898
?	115.12220865736285	-172.48856215680325	76.32437230524158	-170.52248895848155	543.6917032194687	-108.02937380784367	1529.4843546385212	-5731.88142893254	10.979308601664204
?	110.63769956740306	-64.52599178302643	67.64864079847322	-30.63547066262043	490.49873427581923	557.2229215263357	1351.4457161912273	-2191.3395787615796	7.7138523658787665
?	111.89590906821154	-116.65044328822019	74.79259877211057	-0.3728250063880991	571.5528492957853	1594.5218911101824	1419.9173757004426	1212.288015800527	8.49173071591237
?	104.80517740299207	-5.534393772972825	67.62999954815382	-117.12182904440068	570.2248288313281	-643.0689038994638	1412.0601169812535	2191.3530615057775	6.48382234136619
?	111.6191893795629	91.50723533466054	68.93650731989055	-12.766266445461316	539.3994041008123	-1877.58377665025	1529.485028775731	673.9375848231726	8.993739487169119
?	109.38053916972508	6.957377196256143	66.99168622588076	-101.51081681808485	476.3456399988159	-1159.0055088512481	1445.756996222412	-1938.320215850656	10.633239379759031
?	111.9670582393757	130.13368405482953	63.86096647898633	81.26376462123261	481.44912865825006	66.05704656998252	1432.5690179831986	-3109.1645789762442	10.701669890595223
?	115.88722337246654	-2.6885786012812316	71.05487445694237	48.65263443372828	479.648492327315	1091.1264598320001	1290.2987672736003	737.9998698781427	16.31362026899414
?	111.83262930931164	-21.278940958848768	66.29359820067273	-14.378695865181095	536.0054516498499	-567.3223068594562	1469.4690114771056	6961.179417416344	2.7079476780500946
?	114.8232763245241	36.13428798231338	70.33593966368332	79.13114567658425	451.2823769843423	-1932.1650204953278	1638.3577381444163	5527.0393273416375	7.764873217420667
?	113.6393437084273	6302.635396658359	70.25015548450193	47.52410671887918	439.3972006250838	8239.4155792776	1745.8209778441865	3901.028927926345	6.719374736307361
?	429.95504615744096	5802.3732521472775	72.71214499962727	125.82746917548279	863.2531559482209	11529.537942427001	1833.409184540733	4224.569791845685	4.09750662358766
?	403.75800631579017	-1113.7371781733843	76.54152894327605	24.379273232434656	1015.8740977464317	1593.0518685570598	1957.04946743647	3391.7871652979265	5.069911333098586
?	374.26818724877194	-5650.9063026717895	73.931108661249	-65.87332232381806	942.9057493760736	-8689.738067554834	2002.9985428056286	-8603.864846345758	5.528872899760918
?	121.21269118220171	-5175.521461188967	73.24786282708516	55.81010024662609	581.3871943686916	-7662.1816827702305	1526.8562251191836	-18119.687924017486	4.941804230338398
?	115.49211418932452	-150.7299256431082	76.7216136735803	51.22745304699909	559.7966652375634	146.55003815372817	1097.0141466047576	-12175.244441486902	13.144251776225946
?	113.67619490004633	-40.88605366382765	75.8092354794351	-30.657780986470694	588.7146962763779	794.9133565179801	918.0940030448406	-3417.985712448668	18.247970154105676
?	113.44781150613315	-22.893268646035178	75.18872462425676	-65.98801846270271	599.5423330634623	-769.4231201906478	926.1148609823248	1914.5039524659524	20.952392417111163
?	112.53153146774457	-82.60929344962791	72.50983455629998	-302.6222835482144	550.2435402668457	-2321.855647267545	1013.8192006681379	3920.935412304646	10.834973215785201
?	109.31734683365177	-2270.6306293548996	60.0576104468461	-337.0188951812684	483.4495507000854	-1138.9037338772614	1122.1616315975564	6981.641002406834	8.703590940053301
?	-1	5978.364647799956	55.65888979723662	211.47407257121205	493.2983535729828	-963.5282383523963	1362.9012507884784	8653.211424998703	-1
?	408.23557922364853	8722.447572361407	70.63131407540666	348.42543713510304	435.27313878246576	-706.4043477423993	1554.82220284749	4992.756357452699	5.085267574327843
?	435.12237861806875	590.3257142254174	73.08016165399171	19.430986758742176	457.978136185863	737.4671758234391	1612.5390686611124	2355.6020888802177	6.866243189377942
?	437.7518649349193	-64.76928395143341	71.60286341334377	-0.3338230322884795	472.1464975736376	274.7771499652661	1672.6023072915004	1590.9524335227763	4.223023326485775
?	431.8839144204971	-266.36125573131136	73.06347050237729	35.83615396086442	471.71699368412624	-377.899119183651	1692.086690337251	75.60025994684592	3.464008899953278
?	424.4338021483538	-689.9805450192073	73.39467111138698	-185.65639635417094	453.2515416144551	-1217.1145558405997	1676.3823202888427	-5246.677804635183	1.0405251209424378
?	397.38488716953685	-8508.676042967105	63.78065068466877	-346.8935827724051	410.86126589209647	3185.817669292713	1429.7528001054927	-5302.466271173117	2.782420351376339
?	-1	-7967.697743390765	56.04999197276679	6.7660442483114265	612.5424250790902	6217.94305638734	1411.2590067301878	-2431.1840878892503	-1
?	-1	0	64.11895289708434	250.53734582690342	721.7584187114624	3884.9306358454714	1308.1935957110306	-5843.37955568243	-1.6458886493147844
?	-1	9461.791806203626	68.57685926411192	209.31617844022912	806.7889568713631	-4022.486705911054	1119.0900289460674	-6316.036453266265	0.9337590800877313
?	472.08959031017963	8630.639576948504	74.58476181909576	-321.38045952462124	520.6340834159104	-6515.807948129877	992.3917730477185	-682.9364993663991	2.8056229412297897
?	430.5319788474237	-7238.548279579189	52.50783628788091	-336.3978699793191	480.99855946487037	-731.4264797059801	1084.9432039777475	8310.192169061327	-1
?	110.16217633122146	-6411.834827216269	57.764868320129864	325.4975698448995	484.0627594306115	-483.6522075159263	1407.9013815007834	8388.218327891389	7.554117356798734
?	109.94023748661141	-48.78759092239267	68.78271478012583	259.1416241170379	456.81594908907414	831.8035125562342	1504.3541203723155	2372.651159750571	6.0599732749529105
?	107.72279678510183	-85.94850946597889	70.72194952598171	-64.91150912747338	525.652935058423	957.6749497445303	1526.5339394883115	-2802.1464857714645	13.323661370643872
?	105.64281201331248	-30.03509890854513	65.53713932375217	-189.13444117271152	504.6996965763005	-1019.9383740391559	1364.2467960837428	-6138.940496791023	9.86323307777135
?	106.22104183967458	-25.477939630561455	61.26522746734617	-84.86394957801964	474.65601635646544	-954.9312251723904	1219.5869146487614	-2684.3909150649056	15.698197276959451
?	104.36891503178441	-31.080325062896005	61.293941844851204	55.76108064040005	456.95313531768113	766.0993449458333	1230.027250330498	432.8531376104608	15.480217875056676
?	104.66702558652979	8050.129130606093	64.05328149936617	223.9851792369759	512.960983603757	1649.5570170993974	1241.2295715292844	1252.9112821095032	2.177585217264201
?	506.87537156208765	8558.24830509359	72.49320080669996	222.23115304322897	539.4309861726507	956.4491053596191	1292.672814435973	1617.6911192417867	0.6077219974345176
?	532.5794408412078	1433.8428701943706	75.16483915152757	-12.102821986033561	560.7834388717378	764.1175319821473	1322.1141274913734	228.57408984630266	3.7645510494792815
?	578.5675150718059	-8512.887619915568	71.88805970739828	-22.02322249141084	577.6368627717579	2264.407236507224	1304.101518928288	1307.3686187114663	3.0971935377668816
?	106.93505984543094	-9415.573680208781	74.06367802695704	56.91488617731429	674.0038006970985	-11.085285287313166	1387.4825584269465	4814.239364038471	3.3410446130892453
?	107.78883106136854	54.23334639062707	74.73380401626399	-257.7611815732607	577.0825985073923	-4325.2679673523935	1544.8134871302107	-1507.842609714431	4.186755180868072
?	109.64672716496229	88.79885817344334	61.175618948294044	-264.4890481835392	457.74040232947965	-947.375449112302	1312.0904279412252	-8911.2498489453	3.7716529794645703
?	112.22877397004069	89.21737017172634	61.509351607087076	3.0414686263733977	529.7138260517774	1924.204877339372	1099.2509946829473	-3534.4312849991084	13.013481053429182
?	114.10759567354859	39.36082884587435	61.327692379612714	-13.31916607957813	553.9506461964479	-2098.973924046017	1135.3688636912705	5456.6484050922245	8.615593476977407
?	114.1968154123344	-54.880365702433004	60.84339330310817	-8.184331960441	424.76512984947686	235.63283479662542	1372.0834149375576	11124.362952815458	-1
?	111.36357738842695	-2303.936308246696	60.918475781590665	-34.82701849581728	565.7322879362791	9174.154264058492	1691.5870113320414	6171.772416667158	-1
?	-1	-2247.271547768547	59.102042378317314	-75.05575553915845	883.4728430523999	5323.311056067862	1680.6720357709144	-3845.936454630096	-1
?	-1	2399.8220465260483	57.165688004632756	220.59888258353377	831.8978407396713	-1401.6629824024271	1499.2901886005372	-4793.624719357321	-2.806290776360498
?	118.991102326302	2288.086511899781	70.13198650749396	297.9836680490285	813.3896939322788	-5406.88971028112	1440.9907998030492	1321.5485406032124	-0.0005788464397514445
?	113.40432559498863	-2399.8220465260483	72.06487140708413	-394.4379240965618	561.5533552256163	-4164.350027398763	1565.3676156306976	695.3926469015485	6.018447793040806
?	-1	-2288.086511899781	50.41009030266594	-441.92733404079917	605.1721925623414	5065.068589619306	1475.7604321481265	-2274.077150420093	-1
?	-1	0	49.968504705044246	172.08029592881962	814.8067847065807	4765.650504421197	1451.6637581096934	7284.3456178082015	-1
?	-1	2750.8117386006948	59.01410509910689	337.0490888589659	843.4547177834004	-6742.905148258187	1839.9777130385353	6155.246466749922	-1
?	136.54058693003668	2664.4134585857178	66.82095914799278	254.81697715219718	477.6615272936666	-8100.418873637837	1759.4260814471938	45.173528694635294	7.158122658808892
?	132.2206729292878	-2750.8117386006948	71.75495395671693	87.46258047739975	438.43377410150276	8635.584497226288	1842.236389473267	-386.1224333625832	9.846571160523734
?	-1	-2664.4134585857178	71.19408817186283	-61.580212885997675	909.4407521549871	10008.503551664446	1740.1199597790644	-3543.136366662024	-0.7350754629421434
?	-1	0	68.675943312417	-168.0929737621196	938.8589516847321	82.41982240814988	1665.0795711401634	-4061.013169972354	-0.6305550789845243
?	-1	9242.136351644227	62.78943948375673	83.2912606090343	913.5617432753946	-7715.303993113579	1537.0693012804438	-5115.6892078098235	-1
?	461.10681758221796	9458.630226705198	72.84050634286878	270.02091599149793	553.0937520290477	-8109.890237310721	1409.2951107496685	-3458.00358016476	2.775958214566823
?	471.93151133526663	414.49298306279024	76.29048528333182	15.475598823388232	508.0672314098528	-798.305951177008	1364.1691222722034	-3.454487844764977	2.6924287079410436
?	481.83146673535776	-569.2413598620191	73.6142862840382	-96.27968302162861	513.1784544701967	-731.0955353374151	1409.1223863574303	3119.9234770757416	3.0246649777445147
?	443.4694433421653	-1450.1840092976088	71.47650113225032	-200.39859078820712	471.51245464298154	-1468.696120884286	1520.1652961259927	5445.155178082573	2.73090690781647
?	409.3222662704763	-6773.792703237664	63.5943567446277	-57.4874648448321	439.74364842598135	-289.9674612751646	1681.3801452615628	6202.016102242163	0.94438860431087
?	104.77980818027726	-6075.443279017048	68.60212789000867	95.34576586653635	457.0140815792231	-1532.2161497732245	1830.2661012381052	2386.982170368153	4.973517722346811
?	105.5501023196196	-2.749820529783978	68.36164503795459	-3.2881212873445054	363.13284093731903	-1913.1083940990732	1800.7292537799722	565.3874536768136	11.627969489761306
?	104.64231715378806	96.80002505480108	68.43772182564145	143.99940321723585	361.3586618742681	877.6133001430242	1858.5354739219463	1613.1446439505996	11.076818600750943
?	110.39010357235972	99.82808474507806	75.56161519881648	182.8238514062309	407.01350594447086	2982.1312273572003	1881.3864859775033	-3611.154716259251	8.94378034465232
?	109.63372139104203	-183.66758499540646	77.57891439595312	-133.227423486533	510.4652232421302	2294.3839779040586	1677.9777381089812	-7870.869487232041	10.38276806404953
?	101.20672432258927	-229.70979274227417	68.90024402448974	-193.16811072042478	521.7327048396754	547.8529626981119	1487.8430116158956	-4375.28298232379	4.937244218198877
?	98.14823175392816	-207.36176349156256	67.92050885993174	-114.80750088627694	537.8578713770362	1927.4173023017352	1459.2135889927886	1759.8553365092152	4.260900846898208
?	90.83863614801099	-1982.964635078535	63.15986898017581	-207.51908974083238	618.1035699547635	6529.52000175156	1575.8357784413577	3838.3471537989726	2.7908925595625997
?	-1	6553.4683611003	57.544554372889976	-12.771091902694526	864.3338714646188	1391.1681897141495	1651.13094668274	1428.3915212713944	-1
?	418.5120542030307	7876.9360687493545	62.52131438504107	225.43484371554334	687.661979440472	-7829.606801490223	1647.2553545049284	-561.099003301166	2.5280482191010916
?	392.84680343747334	-8390.241084060495	68.8162965586673	48.126656102389546	472.8535313901021	3203.6687013819437	1623.0759965176812	2609.493488358711	2.8229613499829176
?	-1	-7876.9360687493545	64.92764719016059	-42.556310059133544	847.8454145095715	8044.551598962847	1777.7300289228658	2784.957117883829	0.5415692464718253
?	-1	2327.458813472991	66.6884810557106	145.91670691990592	875.0811113382501	-4489.200750300406	1762.3238524118747	-10394.130175064449	2.270713864789453
?	115.3729406736512	2233.493075224622	72.22348253615598	101.24500040931422	623.385376994548	-7322.35470449171	1258.023520169636	-11696.079230621952	5.234476801669867
?	110.67465376123268	-258.5027504714799	71.75073107617638	-94.20740853424016	508.9633761136594	-2975.9505898296616	1177.5198908807688	6361.241789641823	10.613504168864393
?	102.44780315007702	-244.99656837893946	67.51311210944391	-93.41022547909357	474.5878475030628	-1659.0633603422534	1576.0856096517316	10278.826776491454	3.9716965516921574
?	98.42482534228553	2.468484865511265	67.08021980222163	-59.42476978167577	426.01020809654557	1916.9733314346968	1691.4612297053488	-1218.660990080044	7.122194438504339
?	102.57122739335259	149.5742343050911	64.54187362036008	201.642852594216	570.436514074799	2606.125864259814	1515.1525601477285	-4280.12653106199	0.5576994491574117
?	105.90353705754019	2.059532527983065	77.16236243193258	-13.614244235882557	556.3165013095381	234.92772088833257	1477.4549031522463	3118.8593479306123	8.093837949563618
?	102.67420401975174	-2138.0707411507733	63.86116140856594	-386.6894778247435	582.1829001192158	3762.3377821962467	1671.0955275442614	2642.810245699446	4.224806179278559
?	-1	-2073.4840803950055	57.82788854069513	-1.9439690265457168	744.4333904193532	6226.552068457404	1609.5954154372205	3495.3339798110715	-1.5678775715279576
?	-1	0	63.763962957238654	189.30669908267404	893.5105035420904	6222.323188423396	1845.8622265348174	7219.602505510076	2.403165833419333
?	-1	9960.328935436815	67.29322349482897	145.56137200504003	1055.5495498405273	-4412.5342484399735	1970.5755407127294	-5709.692230687566	2.8005950066764695
?	497.0164467718479	10000.364149422312	71.04203155749076	128.65375613903484	672.8837911200886	-10054.613139312774	1560.377615000435	-19386.28742259866	4.498948316566012
?	499.0182074711227	-393.5022886343962	73.7259113017808	-3.4700219400664385	552.8188928748815	-2464.1720236374967	1001.2611695827826	-10579.948148826907	3.542546532708952
?	477.3413323401278	-8034.957267070655	70.86853046048744	-308.74749434642297	549.675189938212	-2701.4604373772127	1031.3802075590822	7293.0488358746325	2.3924697651338955
?	97.27034411758426	-845.2272985276118	58.28853658445943	-102.51526258779417	417.74587100601894	-1615.7729374502148	1365.9136113765194	7388.384145288369	-1
?	435.0799674137466	6943.619463868324	65.74276733109765	257.33866502168286	468.88654306570015	956.2488665726653	1400.799414823506	-620.2503792379459	1.7532433319998282
?	444.45131731100537	-8701.599348274809	71.15546983554376	-1314.8553466219344	465.5583143346529	-9377.73086131387	1334.9010924146216	-28015.98829646972	1.6693873015162466
