rowLabel	avP	dP	avI	dI	f1	dF1	f2	dF2	h
?	-1	-20	73.03296328409645	1418.3430350178892	925.1408745175678	18270.41782797075	1901.087769128289	37599.90420136472	5.32010446959681
?	-1	0	70.91715175089446	-23.280550968204352	913.5208913985375	1534.1353657225295	1879.995210068236	834.8376214559312	-0.6488500091395768
?	-1	4773.898374273675	71.86893573568624	-4.675580194499387	1001.8476428036943	-5653.6556938425865	1942.8296502010855	3562.679598401322	2.2413987133884987
?	237.69491871368382	4527.333396162248	70.68337274116949	-169.45292525179727	630.8381067064081	-8067.071699138591	2058.129189988302	-5242.501041662705	4.072661039475865
?	225.3666698081124	-4773.898374273677	63.396289473096374	-304.4256976189501	598.4940578467648	907.4917584983975	1680.7045981179504	-7684.002346566751	10.568592783685952
?	-1	355.4822276015381	55.46208786022199	-51.45484077778549	676.212694631328	82.13982734058392	1673.9290726599647	-2911.656334567279	-1
?	243.1407811881893	4453.643260541535	60.8235474342071	231.88924501339747	602.601049213794	-3849.847730220792	1535.1217813895864	-1208.1857805395887	3.619867746782979
?	221.68216302707668	-4882.815623763787	67.05655011089186	253.8243560540227	483.7203081202884	7403.7888904515485	1613.5197836329853	6555.5537276455625	6.495048455268634
?	-1	266.4184639819496	73.51476523690823	95.25832213645147	972.7904937363713	6146.77820055927	1862.8994677718645	5644.185178660378	0.6311583974728975
?	235.00308622617416	4572.426834425714	71.81946621771444	-107.81575928856799	791.0592181482518	-6850.489104798384	1895.7290425660042	-4971.528371579517	-0.5888565655968006
?	227.62134172128566	-4720.061724523479	68.12397727247983	-216.62817951142623	630.2660384964522	-1635.764337844856	1614.3230491928887	-5962.394658071702	7.069636970747726
?	-1	-154.71575840521595	60.988057242143114	48.44529380009642	709.271001256009	-150.47587850274553	1597.6093096624188	-6462.6179862894505	-1
?	219.88555380102486	4604.223598718333	70.54624196248466	256.6540743893382	622.7422445713149	-2373.916912605605	1291.1921498784159	-5852.952407134052	6.7929916828613
?	229.21117993591685	-1749.257132917635	73.82076096161003	-71.05994479939079	590.5751556257286	-479.91147611538014	1304.961689305716	6855.034417367649	6.549679104145769
?	132.42269715514303	-1934.4643111876053	66.99324472251512	-55.737492338889986	598.7466707655459	248.1455407522501	1633.9438707467987	5677.523068249392	4.749537681020769
?	132.4879643765365	943.933395326923	71.03388634466553	97.63600140542357	602.9824326633411	1343.7570667538319	1588.8378427181858	-1434.0853018887296	1.0005221694946909
?	179.61936692148922	1600.3176080754545	71.8750447927863	44.66305275988812	665.9345241032376	3287.3624381567943	1562.2396056523621	-2046.7539962397113	-0.6098886645527406
?	212.5038447803093	188.790390479961	73.26703898265994	-124.97520858949673	767.350554571181	-1946.0676530988285	1486.5001429062002	-575.7791001406936	7.518869417422389
?	189.05888644548727	-442.9403780274352	65.62628436331146	-181.43789983688077	568.631141448296	-3696.281457167103	1533.4506506453274	2215.6157224953704	10.177718766563073
?	190.3568258789375	497.3727400432615	64.1951439908159	150.49059219505145	582.5364817128257	2938.5926120859876	1597.2809290309688	-5148.437442159064	-1
?	213.92752344765032	57.443321456213376	73.15081397306402	3.7046861622815155	715.5607720525952	2571.8152569123868	1276.0287785373746	-5040.8044980644445	9.018920790910396
?	193.22899195174818	-563.7181462976947	64.38037829892997	-259.05023834001076	711.1272445584451	-1302.511531223364	1345.2407041277463	1262.5192851411782	10.247606289552728
?	185.74161613276556	-117.64239920226989	60.19830205606347	96.02128741010623	650.435195491427	-372.38246677054997	1339.1547427944336	-5421.042423651529	6.631108988263231
?	187.34687199163469	-8.26220841979761	69.18144266943529	156.75028553985	692.5081212199176	-673.8125796664912	1074.1885829451696	-6219.940686715871	12.897371335276173
?	185.32850571177568	-66.24923370311814	68.03581633305598	-140.8742836021246	616.7445665081024	-4213.122955797399	1028.1577084586397	8013.166481341265	12.802151963318687
?	184.03441030647878	-3726.57011423551	62.13772848932905	-160.5386770181221	481.85197343004745	2020.0678760127203	1474.8469070122333	12005.939826665048	11.295143336444905
?	-1	-3700.6882061295723	60.008882482149865	-9.033224213289932	717.7479603087385	2982.1558186457055	1628.4546997918926	2632.9137937162864	-1
?	-1	0	61.68606727866455	-117.90022519056099	630.9597643623329	-2119.956814033979	1606.4925966980477	-563.4286709111389	-1
?	-1	2151.8780915916664	54.11387122262181	-30.915959965502793	611.7501196070394	-164.52680695407466	1600.2832662463356	-6731.396971360189	-1
?	106.59390457958341	2268.8737333028607	60.14026928038941	346.42658130492947	622.7334240146291	-872.6942448342235	1269.922748130038	-12613.338593588329	-1
?	112.44368666514315	98.71908070263791	71.4352002878683	177.84460292460633	568.1154073653282	261.4155795862937	969.6163365669187	2380.8310869464754	7.13583466427738
?	111.52985861471531	2716.9432453646164	69.03249942661974	69.19155821450454	635.8042029939438	2551.3825441198787	1388.9643024773618	13694.464298627327	4.110302168649283
?	248.2908489333741	3077.666420891549	74.89477819859353	153.42934439771383	695.6845345713223	-3100.0456155580837	1654.3395514982856	1032.4012218206271	0.48370124417229005
?	265.4131796592929	592.6616914290918	76.70396664650544	47.00032279180358	480.8019222160395	-7822.376440880243	1440.5843635683932	-4413.011669791332	8.350591179926248
?	277.9239335048287	282.99129226991886	77.24479433818371	-113.50251136327746	304.5657125273098	1580.4664855294889	1433.6889680087188	-1173.1406766762564	12.116917016146603
?	279.56274427278885	-5578.47867009657	71.02884107834156	-118.05715949518505	559.825246492514	14772.159382756387	1381.9273297345803	3958.7157902274303	8.546884985474573
?	-1	-5611.254885455772	71.34193636342445	40.75191091948252	1043.1736816651298	4519.29183373733	1631.6247575200905	3462.6816628854535	-3.8954261553795755
?	-1	5509.107919070385	73.06643662431569	77.47979336034369	785.7898381793807	-10664.706033132947	1555.0614128788532	-436.43119626565255	-0.29625060793018404
?	274.4553959535195	5490.828466890766	75.21592603144164	-84.390394580684	509.93838000848194	-983.8527215520653	1609.8031977068079	3027.34870452675	3.353302510698853
?	273.54142334453854	-5509.1079190704095	68.84691689528148	-221.31054664413278	736.5972021017774	8143.49390532733	1706.4288481051908	1316.545319221864	5.309929021254462
?	-1	-5490.82846689079	64.15039869923504	-131.3362374183433	917.113075274847	1626.1178119656995	1675.6304636679008	-496.44077891727824	-1.5070338796514724
?	-1	5149.319077388469	62.28010502436434	160.44957595852907	817.9030927000621	-3936.941042214185	1681.606809159327	-6179.532593328403	-1
?	256.46595386942255	4936.054581822311	72.17287749716147	214.41282371219677	720.2660231641385	27.45834097909447	1366.6538340014818	-5114.076027960623	5.788906518858945
?	245.80272909111468	169.34425924184725	73.00074620997414	-7.984939661456025	819.2760097490168	1552.4453552568057	1425.9030077612967	4004.6677504807035	16.194155012791278
?	264.9331668315149	841.3336166850628	71.77363051408867	-237.49683541959712	797.8882909269785	-3665.0955800670654	1566.8872215255162	3980.8063573904706	10.951275843250205
?	287.8694099253677	-5318.663336630317	61.125904438994326	-282.1968496445672	636.0212307456642	-154.55652741007324	1624.9433256308196	2445.324055827709	10.981655535225805
?	-1	-391.6160147139717	57.663788031860356	96.83982114241081	790.1604645564748	-1721.8055137512322	1689.1534243169012	3349.7099348297143	-2.7961618053606765
?	268.28860918966916	4942.347781897585	65.96789549611485	218.92801602402562	549.9309550581029	-9578.723103189534	1792.4288223723047	2014.0677023078367	5.450230698408315
?	246.1173890948784	-493.3375507957897	68.6101888330616	166.83802289209186	311.2243093969999	-570.0110482549915	1789.8568094322927	5953.708821974172	9.088061499285763
?	243.62173164987976	-148.95898109896333	74.30979664071941	14.443596117035947	521.4304026453534	5334.140745480054	2090.1142634710122	-1005.010593775254	6.319982895074874
?	238.66944003993027	145.73393365500402	69.3323686389134	-261.3793851878183	577.9313466710016	5646.279368752377	1739.6062797435302	-15576.549535426753	9.105467588064197
?	250.90842833262994	-219.59004584786234	61.24082738132854	-31.905754359553782	803.7443710829713	-1727.6140419528535	1311.2867866996774	-6308.716585465754	-1
?	227.6899377475372	-793.605041264758	67.73708092093571	100.85560018992204	491.55064457335925	263.64227553621595	1424.1704504702436	4021.206874937748	6.258154016629192
?	211.22817626939218	939.0756679393103	66.28360739082463	-44.8415618567161	816.926484859782	6308.961914126758	1512.347130446564	1706.3695561969341	-0.013158651090155052
?	274.64372114450254	1314.5349416781269	65.49500282809991	164.85364106925462	806.998740279696	-5244.017569959824	1509.48892828009	-2078.0013959629996	-4.456039245673845
?	276.9549233532983	-54.280407643423324	74.52628944428733	-76.19766105909049	554.7256063617917	-4144.111539560464	1408.4470606484144	-1714.094185424771	14.403316982250715
?	271.9297007623314	-5559.0984670659855	61.6851197751454	-224.53775247230362	599.7931633016735	3785.3546465348427	1423.7842190088518	2005.4637726902345	6.558048356509122
?	-1	-5458.594015246647	63.29940182067219	89.61960984038387	743.9933386885332	3717.9953005072953	1508.7202492829258	-1186.9031502328332	-2.7741287434406496
?	-1	5402.630602989679	66.16610026716458	159.194475429332	785.6929283270376	-2779.9147928941975	1364.4390614972103	-1654.0907717612722	-2.9839716235436087
?	269.13153014948296	5189.362080636359	71.25912559213876	91.544305588391	604.9975990438238	-1238.19823828813	1426.0157106948625	6375.5833927908225	4.889483661388838
?	258.468104031817	-5402.630602989679	70.74331554658411	-79.88466011109381	723.7830164126314	1965.3766307932485	1683.2182311367503	4350.262780598548	2.6070373508844034
?	-1	189.6886566758094	67.26489258658408	-131.0245765221821	703.2664305834859	358.0604188272299	1643.528849724789	-2921.104142218784	1.7448683080255347
?	267.95253686560744	5113.815205851243	64.19208672047503	101.04724539670009	741.6860373539928	-3508.7193786472185	1537.1630240258116	-5670.738940994344	-1
?	254.69076029256124	-402.87455567520766	72.31725485641907	230.4881299416871	527.8304616511256	-4429.682502040032	1359.9919026750729	-6858.452144931695	8.798204653140937
?	247.80880908184713	-207.57139382449242	75.71649321755935	51.15417283353186	520.201912251992	-377.93191784348005	1194.240416779228	-858.6815022069126	15.220575155197295
?	244.31219060133665	-200.35653011125206	74.87496349809565	-177.03194599018565	508.93386575895164	5020.212446051228	1317.0578275647274	9529.076612077659	14.562449832124864
?	237.79098257628456	-4906.243812026751	66.8648959180501	-156.48979196967247	771.2125345545525	6553.798458857384	1670.6942473831093	4743.810852061241	7.6586596552516735
?	-1	-4775.819651525709	67.05047389961206	-40.808546484399955	836.6237887018197	493.46234029387864	1554.2483701677886	580.4378068505205	-3.743568906393352
?	-1	0	64.8244685938301	43.90970486691303	795.8856515692463	697.095126351617	1699.7161377256352	4517.11081324346	0.4306655835213762
?	-1	4775.41701531497	69.2459591429577	80.92033961596712	871.4785450194004	769.4308051226044	1780.1039108299608	-1922.0587814801388	-3.45298857859067
?	237.77085076574764	4506.122600264981	68.87048557462845	116.3773697882773	834.3571918253764	-4994.282157291805	1603.6131986516286	-8734.843876270583	-3.983275654224826
?	224.30613001324826	-534.6456180483389	75.06482763237155	77.99839700688465	621.764437154811	-2519.7663814888892	1343.3617170164332	-8450.304383889732	6.75541744289815
?	211.0385698633308	-418.4423974040218	72.77040542497267	-156.89923710016586	708.3688727509324	612.3730314458929	1181.0979794571435	1025.1479303791111	9.0309345732272
?	203.38401014304725	-306.0739127918935	67.21986577736328	-193.81425239169016	652.3830887271056	-799.5035895120446	1394.6191135353886	7448.141197670347	3.3599518200778156
?	195.73487422373617	-4087.6802028609595	63.07969280538819	-115.5780776389254	668.3936932753303	1927.29278967028	1553.5050393406596	2812.069650025488	4.109154389988714
?	-1	1339.517442845923	61.44096189541703	142.1814651202933	748.7477282106192	87.39239771257448	1535.2225960366625	-4001.507445520256	-1
?	262.7107463660321	5365.348843119709	70.18876606140283	265.6543479016896	672.763313160959	-4437.800336062023	1353.4296670646474	-3780.7316337922703	2.794147572469951
?	267.2674421559845	-11.639329838096769	74.72367929050147	-62.24668279487582	526.8577114075189	3174.5178956683594	1346.1860143470496	5358.033262190334	11.390763690556422
?	262.12877987412725	178.07241817838934	67.07643192165905	-35.03591535943072	831.4892079443764	787.1646926668069	1621.3313301741632	10915.053962662794	-3.1671069719224447
?	276.17106306490393	-46.04788265103041	72.97188352252994	-1.3266508274253443	566.2159460408591	-2075.912206780959	1891.9387124801874	4436.438570684897	5.99880154017696
?	259.82638574157573	-5543.421261298098	67.01009938028778	-280.5798335852875	727.6935976053288	3041.7333152882334	1843.1532587084073	-9986.235077562806	7.379541402171385
?	-1	633.0483602741549	58.94289184326561	-25.070030008986723	718.3026118052702	2117.548498511015	1392.626958602049	-4797.985291025856	-1
?	291.47880375528337	5230.10291869993	65.75659787983845	289.4032044769934	833.5710225308792	-2804.798877262045	1603.2539941571154	5459.203239255536	-4.158798308884764
?	260.5051459349956	-786.9061802364547	73.41305206711523	37.430193719545876	578.0626679421685	-5261.804266241671	1665.5871205648248	-1983.4770602084589	6.269284635465335
?	252.13349474346077	-5230.10291869993	67.62810756581574	-224.51725136042577	570.4808092187966	3858.086050630918	1504.0801411466928	-1984.292156985637	3.036284082990162
?	-1	-312.0532431277809	62.18718949909398	41.28208517251537	770.9669704737137	1118.0975165575016	1566.3725127155433	-3360.0038376865614	-1
?	236.53083258707179	4471.587511360809	69.6922118244415	247.02799060744144	626.3856850466715	-3914.160652432627	1336.0799492623653	-5505.241243632328	7.7144836287720855
?	222.57937556803964	-548.4350971482152	74.53858902946601	-34.19783615981215	575.258937852083	2691.0635499163054	1291.1104505339279	4266.318164319279	9.195992490547987
?	209.10907772966112	-4471.587511360809	67.9823200164509	-111.47355506676217	760.9388625424863	4622.706592468729	1549.3958574783285	6389.318444766814	-0.6165256263519305
?	-1	-4202.181554593238	68.96491127612792	58.71522854311187	806.3942674755186	1218.085903628573	1610.5763727722674	1422.3217660768755	-3.280827618639164
?	-1	0	70.91808144360648	-21.000930566041593	821.8431577239147	-930.8578959387102	1620.511945782172	251.9917191602062	-4.017572704785724
?	-1	4387.809646437794	67.91486474782585	-46.15207908893796	759.8513726785833	-6551.138743135599	1623.1759587302777	-1990.0064451737833	1.648756747375179
?	218.39048232188892	4704.577300201113	68.61047748915959	15.50433888714599	494.28622056713596	-5803.08515232156	1521.0116235234832	-2299.769296654362	4.369865007804723
?	234.22886501005482	518.4429325097473	68.69008169218314	-51.54194925175024	469.6971150625063	1344.704924753569	1508.18749389756	-1054.7742062295529	7.426843451180083
?	244.3126289473762	-4704.577300201113	66.03338002657209	56.93642986106474	561.5214668048142	6431.739887250899	1468.2729132120057	71.54417293537816	7.828111285292982
?	-1	52.969768950647634	71.53690318523637	91.10753661591194	791.2841094250501	1719.727126112811	1511.7647025443289	1884.6640342356725	-2.988910505591717
?	246.96111739490857	4745.761903740108	70.58875685736767	79.92872048230765	647.5078231104544	-1050.976765172651	1562.506114923789	3574.464166604447	0.1428420817185006
?	236.2880951870046	-438.43314124556383	75.53333920935174	-206.07489912249707	738.7352711664178	-1823.936652767688	1690.4879108745506	1567.8623020329414	12.134687248927918
?	225.03946033263045	-189.65468878784418	60.285011901242854	-225.62216511933963	556.3109904720703	-5473.745418069294	1640.8992300254358	1262.924658910788	8.392970342893634
?	226.8053607476124	-183.39391172733664	64.2522309533848	-3.6261150900233603	465.048000262954	-241.42763953022126	1753.6341438200898	1523.660537755919	11.777175272971768
?	215.86976474626366	-4556.107214952264	60.103706146741686	-53.57634233827715	544.2396084955593	7395.896494968316	1717.0822569132315	1032.6667719276556	12.454473491260359
?	-1	569.6811971610013	61.57341383647095	149.4436356342953	834.8428250113685	-501.6798741918837	1805.2674824164724	3934.89377600296	-1.521828943017125
?	244.35382460431362	5019.252702383577	67.57588792845642	125.054229083989	519.1556147859652	-4370.360686871065	1913.8269457133788	-883.1703173515493	5.4083928441804
?	249.96263511917797	-4907.076492086289	67.82612529067038	-81.61584184843974	616.324790667816	5976.5042878766535	1761.108966548895	-6625.206158023485	6.363467709244656
?	-1	-5019.252702383577	63.49509583603445	-181.29582894548685	817.9808291797968	2163.206937929459	1582.5666378122057	-2353.967522934394	-0.1633397810213001
?	-1	0	58.761333843396066	24.254978899802012	724.4851375642886	338.159377661458	1643.4105904021758	795.2458457487938	-1
?	-1	4488.728206651171	64.70784478102455	313.9463733701778	834.8887980628697	-5139.786056947172	1622.3289300996453	2762.463494385598	-5.585376091344609
?	223.43641033255773	4166.040379694111	74.4586525119049	244.33763608982392	467.4958347169309	-7940.443369144533	1781.5337651214552	3637.3568334262873	10.543589367427957
?	207.3020189847048	-197.11712935992537	76.9247265855157	17.905105170497457	437.86662960564445	-222.83048790707164	1804.196771770959	1010.2146718834947	12.326562837962125
?	213.5805538645615	301.5865974565008	75.35390777042977	-107.41137281365108	456.3543103215774	1223.2528300721149	1832.0444987156297	-257.37239979433616	12.662914210719194
?	222.3813488575298	608.310697873548	71.55415794483317	-109.52338767209038	499.02927110925	1110.0542928948998	1791.3281517812422	-1690.253721700748	12.835492866629497
?	243.99608875823878	1212.3889760838724	69.87773838682527	-70.81258121488472	511.8570249663222	-692.8889301621623	1747.5318126305926	-4485.031204642244	10.294930475558099
?	283.0007976617232	974.7077603863909	68.01352888408894	-248.13528936740087	464.384824601142	2955.841606254176	1567.0765915491309	-5732.2739849887075	11.642404035939965
?	292.73147677755816	-5680.015953234484	57.47097391845527	-185.89079546592396	659.6491052790304	5987.352560963584	1460.9181133811583	81.77567782537636	-1
?	-1	-5874.629535551184	58.718989110792776	59.28065587047634	763.7524526493202	354.6170125277889	1571.1653754403997	3328.652222408262	-1
?	-1	4749.810147180451	60.43500671197908	201.87018359710876	677.3799559054198	-5013.931772594826	1627.3507245015708	-1876.6166746800557	-1
?	236.49050735902173	4753.793278601501	68.81249829064818	373.52647271367067	513.0558640195798	-3194.2006823251268	1477.3345417063972	-9362.656911966993	9.398527096551149
?	236.68966393007418	281.209638810913	79.11133034766255	119.95219244543605	517.669921789164	3009.515381149942	1159.2178789032228	-1913.6575117876578	10.69402154040191
?	250.55098929956733	452.0240650770636	74.81010791291996	-200.244127526514	663.5316330770763	5644.048885806128	1381.6516661170147	12652.575264637317	11.817232025412281
?	259.2908671839273	398.6963404189967	69.09912397133688	-119.01344099070016	799.8723660794694	3000.5200413067646	1791.8466421350863	5464.823159134677	2.3223719860207237
?	270.4858063205171	-169.49128478130947	68.85943586338497	-21.89667495216988	813.557635142414	-3365.1506526761573	1654.8928240737475	-10262.822040425259	1.6218328425597819
?	250.81630294486183	-460.880183954045	68.00429022372839	-36.863963720710004	631.6148334456622	-3125.372527701315	1278.7055401138252	-9497.198382820963	10.507416929518381
?	247.44179712281493	307.8717777358485	67.01623767734948	59.37938635281988	657.2890087573488	55.092653199885916	1180.032904932701	-5634.017102290568	8.151334572879868
?	266.2098918316542	671.1756295315969	70.97325954136937	-138.15988882795997	634.3694661056564	-3751.1491264290985	997.0046849992979	2535.99517583998	15.790645004485445
?	281.00057859939466	1075.0163137094016	60.108243235951505	-181.7860645332791	469.73155243589457	-1564.6944357708285	1306.8326637246996	6384.7749613425385	-1
?	319.9607075171241	-250.53419483848845	61.88395631470545	294.2819555822958	556.1347443171153	3630.67718284651	1316.2434330664237	-6214.330003261629	0.04731276976727857
?	268.4738688574703	-1080.3958275441441	74.82234101506624	115.181253904137	651.2654115782194	-438.3671508339209	996.1161635616193	-1815.4231441457177	14.405706673566419
?	265.9409161399171	-5389.477377149425	67.64301900991228	-326.87621146637144	534.2163867754193	1150.5613726561678	1225.472275859138	9548.403298461346	17.077397525193277
?	-1	-5338.818322798361	58.47853044174773	-120.90725099750188	708.7934802110276	7290.884318224928	1473.5363284846849	4378.306630295371	-1
?	-1	0	61.59765646003721	-50.922972848581374	898.7606026866645	1554.59738712639	1444.387607373906	4097.9460979792075	-1
?	-1	0	55.93238179931867	-140.15407885362416	786.5233495673468	-3184.827963927653	1678.4336333836445	4798.970702548148	-1
?	-1	5541.04563848394	54.589952517356025	354.49250263294914	739.5192044902824	-508.1502701995096	1684.3361425013125	-6663.662736882853	-1
?	276.052281924196	5287.040757416987	73.65700693096606	360.82541561303873	761.1158360573714	907.129856709465	1345.250496539503	-3785.508964179985	8.95256663778585
?	263.3520378708484	-357.99151434615294	72.6312232980079	-169.44508055822556	784.8756973257555	-905.8457357347547	1495.0606942923139	4142.592561697648	17.62836716304297
?	258.1527062068884	-5287.040757416987	65.18475290305482	-97.89300508632101	715.8235492706339	-3005.628317331274	1552.3801246243847	1669.0051112780216	14.288508219583385
?	-1	-5183.054124137787	67.73657304369186	-13.967882357582418	634.5942814591923	-1794.302378407419	1578.5109498562147	-192.5479966344717	-2.2604556282059356
?	-1	5089.208615181926	64.4863587851757	28.20868624957494	626.1084303502632	978.5165117244641	1542.7527247926612	-2389.6812634369867	-4.4343198407946645
?	253.46043075909537	4794.181248949749	69.1470073561706	169.89712851702367	683.5201070454153	1863.1770500326704	1459.0268866843658	-1376.7057666080977	8.687147550266642
?	238.7090624474866	89.20485848631617	72.98121521102685	-119.51266981421142	719.2672828518964	-1355.4902784513436	1473.9174364622565	962.5273627739568	13.248222736636171
?	257.92067368341117	349.5933457868638	63.171373865460055	-219.31584728212576	615.7455931228484	1858.2096569531243	1507.1532548230634	-390.35114521308196	8.284631921412993
?	256.1887297368297	-5178.413473668242	62.0154228469206	23.619383990561943	812.1777656995523	3889.5625985968627	1454.3998792016025	5053.131319958702	-1
?	-1	178.3480835203472	64.35234306498815	194.12438249716	810.2237230526908	-4075.7263291996796	1759.8098208209976	9471.530301883546	-1
?	265.10613391284704	4992.624516104699	71.72164197177857	126.34946578952923	608.391449239569	-6176.5777340776485	1927.9763942957782	4298.801186080133	10.625534911464605
?	248.63122580523407	-599.7305206183579	70.66981635446459	-156.72980551431507	501.3948363488095	4848.721262835503	1974.7498801250035	-4726.570882955887	10.446330725307748
?	235.11960788192926	-4992.624516104699	63.88515169606284	-179.52858810646552	850.8275123813434	5828.757241309544	1691.6478501479846	-3693.132661066333	-1
?	-1	501.81476622034273	61.69338694914134	63.86307691089692	792.8326984142857	-5274.57846567125	1790.0932470716875	1779.4863424167506	-1
?	260.2103461929463	4903.731389943893	67.07830554160768	262.991508082302	587.0985890977818	-6112.07817499792	1780.6221672688218	-3001.657468824707	6.439872639516308
?	244.1865694971938	-500.76671767916486	74.8429623532564	102.21246769539684	487.2287896643908	-2159.097692073123	1640.0103736304527	-6007.579217314945	17.712432263099263
?	235.17201030898815	-747.2988185653887	72.1889289263775	-251.0861611463513	479.143704494126	2773.779176285642	1480.2432064030756	-1071.6721712936026	17.30916766291643
?	206.8216285689245	-387.04905726326524	62.288654295938876	-108.45613403382042	625.9177484786724	1760.5349583744403	1586.4267650657728	-2323.053220859878	-1
?	215.81955744582496	262.01486417313936	66.7661222246865	265.20939914469943	567.1704524128477	1062.8476552502018	1364.0905453600822	-9410.142503157978	7.5598165721830926
?	219.92237177758142	137.57425169987405	75.5491242531738	179.1262066907854	679.0601312411823	4406.070750032727	1115.9196399078755	-6714.000488230609	15.744374061375632
?	222.69827003081863	544.3449595057305	75.72243255922574	-0.639281428777283	787.4739899144832	2467.5392365964963	1028.3905209485529	-944.6048647719852	17.910074826300587
?	247.13961975286784	1740.515806959503	75.51716018173494	10.901537490650849	802.4370930710066	-5619.03831074606	1068.6893966692764	-1302.7433136300465	12.883243741051832
?	309.72406037879347	2658.2552280875734	76.26750943375828	-204.0746458283552	506.52207437718124	-5658.504989342916	963.2533552670508	591.6962589765328	12.94034698302734
?	380.05238115724603	-6214.481207575892	65.31342789031722	-471.9753627968559	519.5118436038619	2121.936291505944	1098.274209618103	5754.170099630014	13.956955985865594
?	-1	-7621.0476231449475	52.668741293915566	-220.5292904506599	612.6188889524781	2872.8724509169556	1250.9618602485505	4520.4338230380135	-1
?	-1	4866.441786831402	54.28696336778426	280.0487517054407	663.1554661497091	-2986.5933378261698	1324.2959007700028	2105.1999427525316	-1
?	242.32208934156924	4602.916184414068	66.67117887918755	393.11509122543026	463.2892220611701	-5447.052322179333	1356.2218573861767	4457.672993481808	9.24901517833058
?	229.14580922070257	-322.1187994749613	73.9427179290557	188.65549980613378	390.80285004074346	979.8293613786053	1547.1795504440925	10609.345942840906	17.994473797168087
?	226.21614936782123	-75.41958198290338	76.1039538694942	13.856843695769301	512.2806901301002	4374.432499405763	1886.6891545282201	13275.003289695735	11.248705820978325
?	225.37483012155735	-8.691700221344139	74.63556011384418	-48.06651903169086	609.5244750110347	718.8092364210831	2210.9297149288886	6433.798582595663	12.515525754373403
?	225.78156435675402	-37.166934065264215	73.70062791790963	-16.345038934440534	548.2211519511549	-2492.993566114388	2208.379083658008	-410.4422120681407	15.04975421021678
?	223.51648341829411	-48.340787758003664	73.81830816712214	18.98738681560276	484.87479670531354	-1695.1996248767146	2190.4076043254813	-384.40937618688076	12.901339696930105
?	223.3645249688538	792.097190864372	74.64999725868978	-80.19385159746776	463.46117070731793	727.1425325445954	2189.1586148486635	-4991.838272582961	17.35040702641987
?	263.1213429615133	6309.010439401768	69.8086155872487	-266.3142727622487	521.2319233325438	1902.1206558233328	1940.8156906963297	-9440.295997654104	12.872634920292743
?	538.8150469389467	-696.3417300554889	61.33428362057715	-2.6163831019942645	558.5672034984859	-602.0082796891398	1717.1438149659516	-3204.9500702250816	7.188968747872902
?	228.30425645873834	-6306.491732494038	69.67779643214898	235.18164563215356	491.1315093480864	-1756.6808198274487	1780.5681871850734	1450.0836292154302	9.90707530359818
?	223.49046031424032	-105.09651546325266	73.093365902185	105.32998268169727	470.73316250711224	-626.821769713579	1789.6479964267241	1043.9241967524629	14.883054472889995
?	223.04943068557563	-14.3786850928067	74.94429556623392	-46.54563793968085	459.790420862407	288.21682216493105	1832.7643970226973	1971.3292435256192	19.890127694421285
?	222.77152605959998	-4480.988613711449	70.76608400520092	-159.37243678146473	485.144003615359	11588.513366063393	1888.2144586030065	-2403.2118613366333	10.650883509415726
?	-1	936.6248542307725	66.97567372716057	2.5084484400570872	1039.216089165585	3386.8115836055626	1712.603803955864	-1824.4991838565934	-1.187658161048025
?	269.60276877113927	5341.163998231941	70.89150642720378	76.61990970504665	654.4845827956395	-11864.733181876203	1796.9894994101755	-4273.121130344028	3.877469526305422
?	266.05819991160087	-228.39584773202336	70.80666921241296	-289.9254970878562	445.97943007176633	2654.365861443899	1498.9477474386595	-4939.606857236125	15.00760053225878
?	258.18297638453794	104.91668452288273	56.395231572810765	-134.50245414493716	787.2028758678364	3473.932747431017	1550.0091565483658	-4303.467554691045	-1
?	271.3040341377451	-106.18501215871126	64.081546505166	362.3067665848391	619.6760674433197	-2889.612620496598	1283.7743697041042	-2556.2443054280493	11.065763542776374
?	252.8737257766023	-742.5043268740378	74.51056990205298	61.78615961889162	642.7222448430044	-3392.3732667543386	1422.1969412769615	7512.890286496889	12.6408344838039
?	234.17881779404266	-436.1449821601372	67.17085448611063	-124.10845560468312	450.0574041056003	-3019.4921602489426	1659.418884028954	1654.8074899127316	9.647483584203679
?	231.06647666859513	-138.40205993130357	68.30514712181873	-323.9945985587421	491.74763683055517	1942.1425441203335	1504.9373157725993	-3898.6847361384653	10.191817766308525
?	227.25871479747738	418.68029964310466	50.971124558173294	-198.47153870518983	547.1645313116184	1999.2788223823652	1464.484647222028	-5374.692340203083	-1
?	252.00049165075066	125.27080230800316	58.3815701865591	314.7611379778996	591.7115779496749	-1607.7682251553472	1236.2026987624413	-2156.2827428413507	-1
?	233.52225491287763	-876.1766611659294	66.7091814570685	-72.11775753343173	466.77612005384987	-1116.832040806812	1356.6705100799588	7132.469986329287	10.411990918637471
?	208.19165859245356	197.86276179677944	54.775682309887465	-54.576466817309004	535.8699759093335	4126.47217457222	1592.8261980789107	11075.58678945538	-1
?	243.41539300271674	612.2374957886453	63.98035811620301	330.1004506151415	673.0997287824638	-1803.8093685984124	1910.4498495527357	7799.083582726483	-1
?	238.80353338188627	-289.45567596765943	71.28070484064477	-194.41056755408277	445.67950747941154	-3429.9828502128107	1982.7803772152404	-6052.107319390425	10.061526489310491
?	228.94260920433356	-4796.070667637658	54.25982973849873	-308.85682685079917	501.6005862718208	2277.4249008022543	1607.8444835832101	-10157.816531711353	-1
?	-1	256.76996932005557	55.837863498104596	382.5389574883935	559.5507525195259	-175.46668497402356	1474.8895506296656	-10871.48408720073	-1
?	241.78110767033652	4515.967854596449	73.38677761291868	319.9091605511484	492.8272520231195	-2488.2745052088853	1064.270279223166	743.3431292034478	12.765593047697072
?	224.79839272982565	-650.7266969390126	71.83332152566224	-104.35562690200351	435.13702725907984	6485.151342411376	1512.0567070898385	13659.096871728221	13.647791147235969
?	209.24477282338543	-221.49929712224346	68.16899626781843	-87.07509548849562	817.0848191436929	-736.2135540326276	1747.2251228095868	11123.777991584086	-1.239473528208716
?	213.72342787371332	-114.60757330719339	67.4795667512374	-243.20142344696984	398.32634955744794	-5317.490912496254	2068.2456066690506	46.83374489920358	7.824336577979819
?	203.51439415802568	-4294.468557474205	56.00892509546976	-184.5535029133273	551.2102735188764	6807.2359555810635	1749.566810054547	-6712.37620631216	5.872816033738517
?	-1	260.0553717243318	58.251891605570904	172.94906749463945	738.688147336506	2408.603408695103	1732.6267963534378	-1110.1252645375123	-1
?	216.51716274424246	0	64.65637847020186	153.036296211044	671.6404439536333	50.67294374762397	1694.0605468276706	5263.683196505652	5.905679438522448
?	-1	-2581.194088882946	65.90370641612321	16.29888678900249	741.2217945238872	636.2423580874338	1995.8109561787242	1970.8735305406656	-2.405662399560095
?	87.45745830009332	1762.6108002706835	65.471322809652	-80.94420027095892	703.4525618580054	-2323.7538437437624	1792.6042233547053	-12935.303923903846	-1.4513755470417737
?	87.13054001353542	-1769.1491660018412	61.85649640257521	-29.813764697159545	625.0341023366974	-1070.3326626281462	1349.0457599835227	-2477.13805549539	-1
?	-1	2752.0278871772466	63.980634574793996	208.017671718427	649.9359287265974	-3113.2645016948663	1668.747320579934	8252.193011118348	-1.3138926555025046
?	224.7319343723997	4358.94913065661	72.25737998849671	128.87276545642794	469.37087725195187	-1623.4184533360005	1761.655410539446	-1248.771002066897	7.804917288102319
?	216.9474565328336	-4494.63868744793	70.42427284761548	-1445.1475997699135	568.7650060597962	-9387.417545038905	1606.3087704765883	-35233.10821078842	2.925568021473732
