rowLabel	avP	dP	avI	dI	f1	dF1	f2	dF2	h
?	189.53473863383044	-20	57.225974232063805	1113.248481690619	474.0686116424627	10956.259283737669	1712.908167398871	25979.29284556052	-1
?	-1	7165.031825973485	55.66242408453095	22.571468932804777	547.8129641868835	1655.2670498717919	1298.964642278026	-3826.2053463907478	-1
?	547.7863299325047	0	58.354547678704044	242.99193480052912	556.8319641360523	2899.6829325436934	1521.5979000793336	4636.595451930028	-1
?	-1	-8526.275167763892	67.81202082455741	352.64672809473404	692.7971108140682	3924.1193913080915	1530.7944148745275	-1797.1742022674975	3.6996845591331065
?	121.47257154431018	2312.4566760723887	75.98688408344074	110.56440043667212	753.0379337014568	1506.9924689042412	1431.7391899659588	-2277.262109540516	7.710053396253938
?	114.6228338036194	266.0511343190152	73.34024084639101	-103.39395266056559	768.1467342592803	-4302.158007803301	1416.9313093975018	-255.5467730539795	5.80673633914707
?	134.77512826026094	527.1115328482431	70.81718645041246	-44.02307133208695	537.9300333112918	-7118.966781836333	1418.9618513132598	5230.681934468213	3.471640784893329
?	140.97841044603155	52.038849029722215	71.13908727978667	41.39424407242246	412.1983951674637	-2363.7842959452705	1678.4654061209123	13384.909050363047	10.47478018604504
?	137.37707071174705	-2839.5682089206316	72.88689865403359	-299.8791878749335	419.7408185140283	1512.4143670154879	2088.207303831412	-2912.848436038535	7.175809640086799
?	-1	-2767.541414234942	56.145127886039994	-315.6640269459836	487.81911351823805	2182.4098772596863	1532.8229843189856	-11898.505354535147	-1
?	-1	2826.5704011926896	57.10369730673441	284.35382432722025	528.8613123770126	-2372.1207703734844	1493.2820361046547	7071.483314082428	-1
?	140.3285200596346	2876.8012129627054	70.36281910240102	384.6603975031636	369.21307499956373	-2046.83050629399	1886.3971500231073	10761.828827413396	8.198710004611037
?	142.8400606481354	-58.34541613477479	76.33671718189261	18.781400781288635	426.519787062313	1307.6441945653971	2031.373477475325	-1893.8484695687323	14.26554709958793
?	137.41124925289586	-242.92546328125331	71.30188914146545	-227.74172860698323	434.59528472783364	6384.570114562414	1791.7047265446706	-1722.6196063928257	14.377397692493098
?	130.69378748407271	183.93342766439713	64.94963075154344	-50.79353197537809	745.748292790434	2583.5985395064026	1945.2424971556836	-1603.0401164906457	4.082350486839271
?	146.60792063611572	330.78311246990694	68.76221254269655	101.88815709816217	563.7752117031539	-2717.16414441893	1711.5527207201383	-9277.0947361037	7.7253557153296
?	147.23294310756808	237.2130090923438	70.04403860645155	39.50816923329935	609.8900855694874	378.20102507492686	1481.3877603504982	-5475.638322373779	10.511079665330001
?	158.46857109073292	208.652728279125	70.73762100436152	-161.24263994038543	582.6852629569003	-3066.415435734634	1437.770804601449	-3906.216180154116	12.858281337489728
?	157.66557952152434	-3189.3714218146556	61.98190660943227	-269.70156499067974	456.56931378275556	-1714.0740688986075	1286.0769513427922	-2117.7586275503454	5.121864683009933
?	-1	-3173.311590430491	57.252542754827516	-19.821228290520335	496.9815595119698	1478.6832124933014	1331.8828732239317	2637.9036005502794	-1
?	-1	3295.805668826368	60.99084519490626	394.45484330198406	530.5034744074205	953.3434341759452	1417.972131370306	-5154.507888510798	2.2804608162971958
?	163.79028344131856	3672.7621871943225	76.97528491992674	235.24160193279764	544.6487312207671	634.6066698993258	1074.1574787983916	-8172.859846726747	13.034102404756286
?	182.63810935971628	629.6982619025283	72.75292529154615	-218.29066672435923	562.2338079023868	-267.98106766790147	1009.3291390339683	-3224.9947821616906	17.69354708261698
?	195.275196536445	909.5801039384256	66.06075158370877	-354.1816182031901	531.249677837372	-2769.589622660965	912.9077396903069	2067.582782136024	16.7025604349218
?	228.1171145566376	-3925.5039307288966	55.04384438138663	-330.4377317523921	423.7543267693385	482.74885494957243	1112.7082781407696	13103.37988841936	-1
?	-1	-4582.342291132748	49.538864996089146	-94.02481415896452	555.3871205848507	3956.1516128835374	1568.0767341112755	4636.70528148898	-1
?	-1	0	50.3426036734384	80.48923935854369	621.5619074135155	2010.8436848336378	1344.5435422152188	-3678.5250699600842	-1
?	-1	0	53.56332696401633	116.86242040841027	655.9293048265326	956.4453166807485	1384.1504806132712	3701.6037293963896	-1
?	-1	0	56.185724693858916	68.17370889465929	669.384173247553	9.918761172702935	1529.6237286850385	4732.801777035279	-1
?	-1	0	56.9720124087493	51.24828053467037	656.4252428851678	-1595.9103992121331	1620.7905694650353	2470.6297265810213	-1
?	-1	0	58.748138720592436	-1.0493160457065178	589.5886532869463	1660.2721249381566	1653.1552150140897	1323.321291066676	-1
?	-1	0	56.919546606463975	-57.47716066590991	739.4388491320757	-1016.2051135864035	1686.9566340183692	-544.550665850888	-1
?	-1	0	55.87428068729694	-39.09651116034379	538.7783976076261	-5429.65512261209	1625.9276817215452	-8280.05881893637	-1
?	-1	1653.9100487943822	54.96472104844678	126.58936274291153	467.95609300147095	-290.84560385885624	1272.9536930715503	3043.896153245507	-1
?	81.69550243971918	2250.688333944708	62.20374882444252	452.84576039378237	524.2361174146832	-611.5251407654699	1778.1224893838207	13872.08170825516	2.6997548795890647
?	111.5344166972355	622.8145297791301	77.60700906813592	142.90006565558147	437.3798359631974	-579.2423572290869	1966.557778484309	3836.4149536269874	3.6907347410522933
?	112.83622892867571	-2250.688333944708	69.3487521072216	-72.37071029987952	495.27399955322886	10740.5672075358	1969.9432370651703	53.37977779401621	6.439639352048075
?	-1	-2276.724578573512	73.98847355314194	96.11317421331015	974.408196339988	9141.513018372441	1969.2267673740098	-1469.8050028301973	2.822904332228638
?	-1	2417.3620648469464	74.15441081788711	-25.078971157145112	952.3496504718513	-9185.699340576179	1896.4529869236603	-306.5214772219767	3.992344140419852
?	119.86810324234742	2432.4546822538186	72.73452499528469	38.473873819832384	515.1232293111787	-10406.94689923083	1953.900693512911	4322.125061730919	4.967816023529211
?	120.62273411269051	367.2451576400677	76.07810450887872	23.669118977375177	432.0023055103116	-2020.1965687917202	2112.5592400102055	3268.6003507152172	8.577902426059289
?	138.23036112435074	422.7039881648688	73.91798094415344	-155.95958474209195	414.113400871593	-662.2939330833561	2117.330711048671	-1573.9727589188271	9.58012369456919
?	141.75793352093388	-2784.6072224870245	68.28012527177415	-134.72423127567728	398.8876088561439	9143.384318308217	2033.8606020642644	1565.1072853264996	13.828925912466481
?	-1	-2855.1586704186875	67.1817693803696	-10.34962844578079	871.2826167870022	12514.205364848638	2195.586075314996	2050.101446815209	1.688881644335714
?	-1	2923.038085644265	67.76264384948512	92.2939983420395	1024.5978770985737	-6281.48522943211	2136.3656744050245	-16797.62073572479	1.1248570859644733
?	145.1519042822127	2867.1929562954697	71.79646929747156	100.42437086682106	557.2083553153979	-5921.718826046254	1355.7050385287594	-23273.489853488063	4.689783916220373
?	142.35964781477298	199.77393854275547	72.78386239282615	-1.938105042106322	728.511935796262	3447.9763690506193	972.6911817306255	-8722.645361175442	12.658725069434247
?	155.14060120935045	462.35026548481636	71.69956404536625	-38.34292234240208	729.6071737679282	351.0600161789388	919.5727704699888	-1529.171061983544	18.014668688182294
?	165.47716108901372	261.07157303980534	70.86671627570605	-55.40287023103693	746.0649366052089	-1131.1984317447782	896.2326286314486	775.2632556451777	17.199275982864666
?	168.19417986134067	-843.2841482226802	68.92942053381441	-196.034077115915	673.0472521806895	-5803.637840111044	958.3359332522475	6646.904158214659	16.22512061445635
?	123.31295367787986	-1035.0925489644344	61.06501241991034	-1.9248533149223659	455.88304459965775	-6957.625126538148	1228.5778365421804	6774.605576095392	-1
?	116.43955241311913	-306.0172103724113	68.83317786806829	240.50979014163985	325.16599585378333	-1660.673236896064	1297.066212057016	5262.6655758052275	9.63717117558765
?	108.01209315925935	-296.9739513769485	73.09050192699229	167.8739621704273	372.84938275485484	2134.967521676742	1491.7111153324408	4986.842075535727	9.7886894885945
?	101.59085484427176	-353.71748799847677	77.22687597658963	-96.91851142026513	431.91437193762005	525.1986148690555	1546.4083158338015	2104.0757530074898	13.124517279610709
?	90.32621875933558	-243.66257118403894	68.24457635597905	-274.13284708419354	399.10931349830753	-446.8378684902841	1596.914902982815	7341.297985148216	6.951161617943671
?	89.40772628506986	119.95967703161583	63.52023362238	-92.19754610584862	409.5724785131059	282.025570808447	1913.473215091211	5774.931539587085	5.46518112716636
?	96.32420261091635	347.4422338773824	63.634699050686635	221.35667525338002	413.2105920387298	1054.0610702819984	1885.6614799621682	452.0320774931695	5.701515568426775
?	106.77983797893891	326.58735213378947	74.58806738504896	175.68641969414364	462.27553202720566	2716.897809126661	1936.0748189658693	32.43443737846076	5.196864850403882
?	112.65357021760576	272.20005928073175	72.41902003539379	-68.55807219756993	549.0554824950624	1374.340244039976	1887.2832018310912	-2649.391353415545	7.158187990241045
?	120.38984094297545	270.2343761117295	71.16016377517047	-58.0743854053076	530.9925442292042	-698.7027087838762	1803.6052512950926	-5111.6608135632305	13.554761986086845
?	126.16528902319219	185.30393415284132	69.51530076512842	-81.03189620017446	514.1203470558687	-1387.482599166904	1631.7001611529306	-5070.507678044519	14.434376115042895
?	129.6550376506175	431.8511580790813	67.10856896516177	-113.2283552416612	461.61841427085926	-2707.804950606489	1550.0798673928675	-10547.398518635066	13.8809637770575
?	147.75784692714618	650.8182448035171	63.853883003045375	-35.17401640639902	378.73009952554474	-1712.4447725471616	1104.3302352211792	-9283.568199955818	11.250172637583995
?	162.19594989079323	175.66475915316636	65.34986814484182	-101.20706915785497	375.9961756435015	3867.180168460742	1085.9014573950783	-252.60564493206948	10.543492590807674
?	156.54108488480446	7494.677201816086	58.793529545152644	-159.01479677636928	572.0891079485812	4574.0973074271915	1091.6999529745758	3545.298756694373	-1
?	536.9298099815962	4555.2472645187145	57.399128306023385	34.3655951686736	604.7010410148603	-198.6984374867309	1263.1663952297963	3939.927855538704	-1
?	384.3034481107394	-8097.029047923927	60.51180930358632	311.7096761856245	562.1541860742447	481.44733198294887	1288.6963457515103	943.3298116624598	-1
?	132.0783575854014	-5307.922051281986	72.98461211530456	257.23702254585595	628.7734076140076	2976.880190690994	1310.3328858129191	-2202.7989732349656	3.74786917369163
?	118.90734554664107	-145.59232000714155	73.37366043087907	-37.86445383828734	710.9981956087938	1539.2803591906872	1178.5563970897624	-3829.4978679124324	17.353475173676966
?	124.79874158504434	358.8044222522042	71.0913894233902	-65.85081363007498	705.7374255735417	271.7255876665295	1118.8579924172982	-1664.8722073016565	12.796396067717415
?	136.8475666592512	560.8731118880087	70.08111974937533	-83.3369271189173	724.5844749921203	419.8754394093945	1095.3127867246799	226.0923981668119	12.742598768380947
?	152.84239717944467	593.3124985625033	66.92454306744435	-134.43797395534892	726.7311975440114	-1066.2881966063258	1130.1626123256387	2977.0453852746973	11.32793501465446
?	166.51319158737627	514.7829655905708	63.35922105160791	-150.92593289049927	671.2700651618042	-4651.4994892079185	1244.1650559884142	3722.8829001817844	10.768647243917506
?	178.58154545897312	458.2711730975927	59.37824642291941	-81.68512509190776	494.1562230836163	-5923.720705257066	1316.3067573347273	3026.359247137413	-1
?	189.42675024225582	143.7202263719842	59.27496479701254	-61.662308325765245	375.08402989895194	-1707.689539817449	1395.4830183452843	2970.016743246521	-1
?	185.7675567775723	-3808.53500484513	56.29513100663116	-82.47456030116625	408.77174609274414	433.2862316062237	1464.8075944970528	5642.682044349237	-1
?	-1	-3735.3511355514593	55.15123678195424	-42.940892163985474	396.74834147926305	1216.2995241729695	1677.6171205627452	3646.6046736111357	-1
?	-1	0	54.14808639843189	31.92841208523842	469.5867223013924	2503.31823418379	1647.137828177609	-2569.240270703135	-1
?	-1	0	56.747657386216154	10.749842197095385	521.9142531884521	1456.1073023726562	1549.1551070275889	-5820.777325645002	-1
?	-1	7088.731707023576	54.68557850828666	107.64984678733309	542.392087420025	1929.3387685612242	1356.09896189536	-2706.184655729808	-1
?	353.43658535117754	5207.562574427382	62.13014972558279	402.5747336968648	618.381191616513	4044.061796975121	1413.845874241099	195.226023629162	1.3495832336230467
?	259.37812872136817	-4920.591291956063	74.81431519312983	248.96976209474064	744.5951772687803	2311.937876771691	1365.860263076818	-835.315559969534	5.117047316535996
?	107.40702075337526	-5207.562574427382	74.57863783031978	-425.1752204156018	733.9780854550971	-2879.265150263519	1372.0800962426224	-920.8328534128292	3.3811161705652886
?	-1	931.7541755435029	53.555554172349815	-305.27390786858956	600.6319197556048	-4617.466554958154	1319.8186204061767	7476.465621792699	-1.5273847514081196
?	153.99472953055025	3032.7097964132504	59.314942436890355	296.89994776282356	503.10475770719023	-5533.413808510353	1745.903377332256	13811.432121471951	2.0544809747947466
?	150.63548982066197	-141.7751219385445	68.40055156049094	-118.54035791436971	323.96122933008814	-2869.528717406946	2010.3902264797719	-4942.591772416007	16.191273847530734
?	146.90597343362305	-3032.7097964132504	53.38792454117189	-217.2548871593745	359.62832183684344	3198.4727476169687	1498.7737887114565	-6623.551777035824	-1
?	-1	114.3729817625079	57.53780720252225	452.45632555010906	483.884866710936	1011.0060308914162	1679.2126376279818	8699.236506573814	-1
?	152.62462252174842	3015.0214422102636	76.01074081867726	360.9505042444681	410.17862338141407	-1170.128133252601	1933.7356140401457	3236.3643138329167	12.698672180303735
?	149.75107211051264	-239.84567156832185	75.5853324147456	-361.98952062626233	425.3784600483062	1123.1484485725134	1841.030853319627	-11593.222904262875	20.204784046763347
?	140.63233894333237	-797.1737571386643	57.91126478736421	-127.52883818767646	466.33604581003954	3479.1512618654792	1354.074468827004	-6330.495716358646	8.279318567664959
?	109.89238425357956	-551.1803221878906	69.2088905053618	306.75459633417785	599.3360231415795	4307.384084638551	1524.506067501696	-5272.830994627126	4.423016804998525
?	113.07332283393794	152.9139724861943	73.24899460407305	-52.94335573744992	681.7052500419663	602.4978362909677	1090.4329190956487	-10669.221807032285	7.953119888919808
?	117.53808287788925	45.96733540231684	66.5617227184893	-168.4867284743473	629.4609149561278	425.2604516342573	991.0449771500836	13237.69218097985	9.491308803221541
?	115.37168960405377	-2370.7616575577936	64.82465818035571	75.31686607401836	702.9682726236791	4658.849371077668	1752.3175281446388	18725.986216564033	7.297477423973104
?	-1	1258.2154234866875	70.32756602219021	115.45316492352568	862.4033835100104	-1344.5664447719016	1927.344287978282	-3810.845111045396	8.086940650341965
?	178.28246077838793	3443.8495375230273	70.59731642653198	-124.93482739070389	635.7399503850843	-6338.545028256772	1561.7752725923697	-8452.950776632437	5.225949015507788
?	171.19247687615075	-3585.6492155677715	64.08082465265504	-239.84254913068838	545.4761320971729	-855.6173766336868	1504.6967491466617	-830.6088042107633	12.043115023980334
?	-1	534.5939146147773	58.6051889699976	205.682584046878	592.9590815534001	2136.412510050851	1520.2448323818317	-6004.98765781422	-1
?	197.92217260688952	4134.887145494874	74.3649538549989	309.9910613662072	652.2967575997151	3551.2156161393923	1204.4473662559517	-11372.299785287198	5.670068709318717
?	205.74435727474298	575.0824678435928	74.1047420383079	-127.3184857077162	770.5198623603691	-5513.075315148578	951.6298431174738	-4903.2703331583725	15.999747474877335
?	226.67629599906905	505.62263368048787	67.99902956961311	-370.9910189810498	376.6429918422872	-7070.816419751568	959.283849598034	9722.793806046335	14.043584088727195
?	231.02548895876728	-4553.525919981397	55.55519108925548	-360.82499186754546	416.9790413727919	2257.180792242406	1437.7695334197888	10409.358099445079	-1
?	-1	-4640.509779175362	49.957779976235905	118.80261695552647	489.5020314544071	2941.7460208760112	1479.751754570286	-2406.104697439177	-1
?	-1	0	61.49532193703178	360.8895050985666	564.066342416592	2866.372088914844	1317.4642985478304	-11474.381139972822	5.492516758529906
?	-1	0	68.00225523116417	-39.00389879980267	632.8206359001488	446.3009324803413	906.032697571647	-5027.48400603552	-2.365686820681334
?	-1	0	59.545126997041656	-270.2025734969973	586.381389040609	-1692.2429717143805	1066.0900982460553	6299.820941992154	-1
?	-1	0	54.49212655631435	-133.84654101444843	548.20848731443	-2812.446754136781	1221.0237446712536	3426.2150977059478	-1
?	-1	0	52.85279994631926	-59.337910483602414	445.7590513337704	-1534.9895612297687	1237.400853131352	3348.5636968325234	-1
?	-1	0	51.52523103213424	-29.162483003213385	471.4590092529419	1403.3027171178758	1388.4519295128791	4934.916901938181	-1
?	-1	0	51.394675796158594	77.30394558972903	515.9241871896639	3137.553148278241	1484.1466982282602	218.9904254302572	-1
?	-1	0	55.39042831162068	105.75424510534754	628.3366666668534	6186.173289069199	1399.401450784392	880.2538601366891	-1
?	-1	0	56.68238805142595	8.213299427988574	825.2328516431228	2538.5500721881363	1528.1593912350945	3648.844929285228	-1
?	-1	0	55.80109328302011	-48.09160152712283	755.2641702762597	-6548.655879853976	1581.8436972486527	411.59432914342835	-1
?	-1	0	54.27780797506982	299.3968666596049	497.8000576504251	-1174.4076941134467	1548.7391076922659	7817.964674347046	-1
?	-1	3346.361903334412	70.7709366160003	350.54054906556826	696.5437855705876	5518.214090935708	1972.7419309660036	4767.094790332575	9.597073715154282
?	166.31809516672	3320.3601284965184	71.80483542834817	69.70944358692914	773.7107621972095	-3779.8824237026733	1787.0938472088937	-10607.77226338014	6.804683470941993
?	165.01800642482533	-3346.361903334412	74.25640879534674	-441.3257720201951	507.5496643854546	-5293.1901945628015	1442.3533177969985	-10040.147772530448	12.991652741623968
?	-1	-3320.3601284965184	49.738546827338496	-508.24843071942166	509.0512524690704	3199.184516854151	1285.086458582373	-614.6009163562097	-1
?	-1	3583.8135834801565	48.84398725937575	296.1299713969145	667.5088902281616	4447.39115670264	1411.623271979188	-1462.1176822941886	-1
?	178.1906791740072	3404.271812662887	64.54504539718417	415.2177432619067	731.4208103042016	-2791.364206115737	1211.980574467664	-5890.11515273043	2.924787124521867
?	169.21359063314375	-57.63838773232826	69.60487442247101	-77.21866571078307	527.9406799223752	-6838.457729174469	1117.1175143426676	1715.6551260539134	11.921604430469836
?	175.30875978739078	249.43420522558742	60.68411211164503	-22.33437622451597	389.49792384547936	-2389.3750196548326	1297.7633307703593	9822.027459381128	14.470384543315625
?	181.68530089442308	203.32429870606475	68.48815561124522	239.42035448800837	408.47192893963404	3322.472289043922	1608.2188873117223	10342.918878891493	12.068152680043644
?	185.474974722694	188.72461272764622	72.6551298360454	-4.2064862530924225	555.6215382976749	2641.2566494286357	1814.909274714932	4800.790235965859	16.25559780308073
?	191.12153153080536	305.2158192411991	68.2778312985906	-157.998626192784	540.5347614110654	-3641.869103924924	1848.2583991100144	-8750.270286235977	18.443165653380625
?	200.7357656847539	417.3009966181363	64.75519852640623	42.26333193057926	373.52808310142933	347.9196640669728	1377.3957604031348	2701.383454812763	7.558330002124461
?	211.9865813617121	179.3047550072027	70.39099789511955	-187.58345005761635	557.9307446144139	3492.94544726657	1983.327571850652	4480.4655001929295	12.259401432426884
?	209.701003435114	-4259.731627234257	55.37602602352545	-307.2107142890601	548.1753554647572	1843.6324760573505	1601.4190354127804	-7760.739759946487	8.219658507827658
?	-1	-4214.020068702294	55.0304621806666	202.54687233814934	650.1123684172811	4571.349760839598	1595.290583853329	8356.944420258367	-1
?	-1	4108.6863005817695	65.50336964043288	314.17030887481786	776.7428435067363	-5157.75397499803	2019.2662564256973	6417.912278703734	5.203282996689954
?	204.43431502908774	3969.1953774436574	70.73897762440744	105.54264969739714	392.22466966738057	-2892.9886707347955	1916.1861977885146	-2454.18171982742	10.38539939652818
?	197.45976887218217	-4108.6863005817695	70.78050212530272	-53.884221962590196	632.0934099699971	11630.123323396238	1896.5571704343267	21.406779361573246	5.526388453770697
?	-1	-3969.1953774436574	68.04476652627794	-299.7635751075074	973.7308358371904	-443.7238843735752	1917.2565367565933	-3350.887781376994	6.802822389145408
?	-1	2705.8801942523637	55.7923233699274	132.69253878467615	609.9072157513184	-5535.199805121553	1729.0127813654776	-14456.382339581853	-1
?	134.2940097126177	4737.114119918551	74.67939346551172	386.6908922186158	696.9708455811137	483.72657854771603	1194.4374197775032	-13381.472383395923	2.1143091812638786
?	235.85570599592674	1617.2887192785504	75.12686798085812	-310.1123507282922	634.0935446787041	-3511.9465873970885	1059.9391621956838	524.432789442305	12.876995694041515
?	215.15844567654494	-4737.114119918551	59.17377592909717	-420.6713365363924	521.3735162112599	-169.1916184694998	1220.6590592496184	2088.7797793628197	7.242563685232999
?	-1	-4323.168913530914	54.09330115403858	189.30941570277466	625.6339637552292	2798.858163396029	1164.3781511638244	-1228.758923780092	-1
?	-1	1688.3690299284663	68.63924671423587	370.0727427761081	661.3164243810609	-1373.6931596138745	1159.221113060614	-1983.146857471054	1.6654266702765688
?	83.41845149642302	1617.2607115448232	72.59693829284392	148.6225367601693	556.9493057745357	-2077.9276185936674	1065.220808290272	-631.9122302892015	1.838696005568702
?	79.86303557724087	-164.34018014113323	76.0703735522443	-99.32918625160774	557.4200434513779	609.5174739426942	1127.625501546154	-1251.2063173638103	6.769102704740751
?	75.20144248936639	-1617.2607115448232	67.63047898026355	-414.932025626182	587.4251794716703	5312.233225199808	1002.6604924220818	1152.7952904700437	-0.17217737542288059
?	-1	-1524.0288497873332	55.32377227093528	-245.53575167423492	823.0317047113673	3782.207531967315	1185.265266069656	5330.512263772892	-1
?	-1	0	55.353691396551845	-20.305640356934234	776.5355560700353	-3123.739183864761	1269.1861056107255	855.6290504693637	-1
?	-1	0	54.30849025308857	-32.806834689177265	666.8447455181298	-3764.102544405043	1228.046718593124	-1549.222860234323	-1
?	-1	0	53.71334966209299	-28.351249769680848	588.3304288497839	-2692.4249817360082	1191.7249625990096	-386.10108437484223	-1
?	-1	0	52.890927764604534	-51.31257048891986	532.2234964313299	51.962673420107606	1208.741664374382	1309.2627474925575	-1
?	-1	0	51.147721137647004	-68.6241504262956	590.9285625207892	2312.417984907094	1257.1880999736372	-414.2785119090664	-1
?	-1	0	49.459720243289766	-35.79868417929801	647.8443956766841	922.580875162988	1188.0277387789288	1914.2240276778034	-1
?	-1	0	49.35778692868211	104.89796537038538	637.0576062789385	-2262.5218977686873	1352.899301357527	3743.8453377600304	-1
?	-1	0	54.70461851180902	457.3472579371336	534.7183007882502	1766.7115598611117	1375.2200056669296	-1880.7816708602988	-1
?	-1	2081.259559691246	72.22514982553871	381.5415439598939	725.3931842719937	4566.161690623183	1258.8602178145125	-2547.082881210349	0.8461525661855184
?	103.06297798456193	2155.252013283516	73.78169570980364	-85.1465247820886	763.0263853194085	-3408.0096140051805	1247.8658616064126	-218.60597426979515	8.20228168610701
?	106.76260066417542	294.35126249794723	67.96782358643429	-107.46093391094813	554.9927035717353	-6722.301627458626	1247.9299191010227	-690.6167262856231	8.02562292969452
?	117.78054110945924	393.282582434272	68.40864901425626	99.88887243592025	426.9113039464784	165.48802178088923	1213.3350252921316	-1834.1637072351907	9.94330146090313
?	126.42672978588895	389.21522924712	72.96226720823029	93.35449746976597	563.2671046607798	3073.3237406771955	1156.2217337392635	-1811.9286169914694	14.152936341028948
?	137.24130257181517	472.4601808927119	73.07637388774454	-16.336895287616414	580.5774909803376	705.4170192112545	1122.7385944425585	-1479.553474008813	14.673299288926646
?	150.04973883052446	474.1493733162906	72.14542244384947	-40.936407812978786	598.5379556213424	553.6644482111611	1082.2440600388231	-1494.7110364269208	17.143680162758734
?	160.94877123762961	533.9173918695806	71.0295534970956	-49.167327706220085	608.2607133908956	-617.8026963909928	1048.0030426212127	-1440.6264255855542	17.51038880472432
?	176.7456084240034	377.8279861410434	69.68705605853847	-249.6723652191858	567.6478208017928	-2038.7354241747694	1010.2127387595457	3192.862492270474	14.385080278160425
?	179.84017054468205	-356.3276872144252	58.54593523613614	-22.738706180378717	506.3239421821557	-3715.4766179533185	1207.6461672347386	16691.398290172918	12.95067179909552
?	158.92922406328188	-1062.7882185211308	68.55012074951952	249.9840888212924	381.87398990412424	-3359.348956245041	1844.7826532682034	17373.329522427437	7.46833571082807
?	126.70075961862476	-881.3509171076211	71.04513967720094	-62.23417449047642	338.35649436990127	-137.5332174272174	2076.312643356123	-250.56463124075535	11.403382091664616
?	114.8616782079002	-2554.015192372459	65.43841202499566	-387.2116694263703	374.9973290327633	5524.172532622257	1832.2544217061654	-7506.032914793162	7.413411641968071
?	-1	-2317.233564157971	51.684556205882146	-217.8392195762763	614.565121001018	8688.653546201284	1701.0109976164595	-6320.817897263724	-1
?	-1	2251.4871560463616	54.54645104618169	368.85168700898237	809.4300063428336	-2752.3402101757843	1516.2135268429747	-12816.355337914505	-1
?	111.57435780231968	2342.761011869595	70.12714055633153	448.16437313845415	476.9481104922269	-6669.182446927344	1060.193230720725	-10014.676929011008	8.84835750860556
?	116.13805059348142	256.45116117077384	76.95466970310471	99.98904320689462	475.9708839964617	344.1687645408066	1015.4796803924172	790.2996312810434	18.727167273379642
?	124.39691586085856	210.19231555960303	75.12659271667633	-312.9557466123685	494.15654871926745	-1125.2376759704464	1099.7082122847778	4532.968506857821	15.70619094662437
?	126.64766637146172	-2507.9383172171356	61.306882372486065	-413.47003101301266	419.70900019793856	2734.9054071903265	1242.1281057353115	8362.581069644224	7.590817112000096
?	-1	-2552.953327429198	54.4530911660254	-134.44364282517364	630.9018190787857	9201.014066289166	1517.837265766995	3545.3896982373767	-1
?	-1	0	54.58470023122729	177.95588034939715	879.7597035124035	2620.293814407386	1419.3975906471828	-3272.9366699913353	-1
?	-1	3427.933639719194	63.350885183495386	400.88198715025584	761.9165097991569	-3296.8408389637316	1354.1904322674259	-3624.3838420999405	-0.7160408280345106
?	170.39668198596215	3697.0823073488777	74.62879958874036	168.38229424751066	714.9176615642145	-2728.796354315207	1238.1783985421832	-4057.6379188044543	9.014797114967106
?	183.85411536744652	343.23114429862835	71.76999989587104	-426.5800218032755	625.4766920833946	-5243.3221032705915	1151.3085363272003	-1887.3386878305023	13.138096480292262
?	187.5582392008938	-3697.0823073488777	53.29979849857629	-575.1106924524903	452.75155640068124	-572.9694706373002	1143.8114641506568	2384.4256807187207	-1
?	-1	-1205.673310966628	43.01446527324612	96.2812368463853	596.8282185515292	1483.0582084265386	1270.529820363138	6622.574173847076	-1
?	127.27457365256156	2393.4840130478597	58.11386034089562	651.6166044139784	526.9044668220092	-1299.6151547763427	1474.9401728430153	2308.8898409452613	4.622787223007778
?	118.67420065239469	-356.86441251489845	75.5952954939455	317.1989963025091	531.8474608127111	-90.43834650248627	1385.9743124104027	-1140.5228261604063	9.34218465851632
?	109.43135302681638	-312.02965737507566	73.9738101560213	-31.229869267528	522.3825494968849	-513.6858987040882	1417.9140315349941	1141.7812305296522	16.57848577963689
?	103.07271778364068	-245.48365378414408	74.03380203056908	-6.511401694548532	506.16316587750634	-207.21532208604845	1443.0633739368861	-142.59420687216132	13.599385520947578
?	97.157170337609	-178.9025140240702	73.64824007129387	-20.411280270020022	512.0217833925823	34.32797511157852	1410.784321191386	-1169.761072451385	13.15231395020617
?	94.12759208243705	-32.184396730848846	73.01323801706806	-20.725075207562032	507.8795646330853	-7.790891355170859	1384.575320314316	-1160.7665579579423	19.904441582414886
?	95.54795050106654	-29.343770356413625	72.61198631091575	-35.39694388862933	511.63223882482373	379.0010119416368	1352.745993293488	-1970.0435095679943	17.16543355318047
?	92.66040356461635	-231.090800648886	71.24339082263657	-125.11379139798144	526.8296152301674	64.61908223370664	1286.073144835915	-2613.057494420963	10.259286321067815
?	83.99341046862207	-214.01934291938468	66.35629674101659	-258.7839214783145	514.8631929365091	-1399.3616539873399	1222.093118572438	7121.674768714401	8.249735442723448
?	81.95943641864696	-1699.8682093724174	58.30419474872066	-140.40571364275522	456.8615325307994	2522.959643114471	1642.15688327164	11812.046465748854	-1
?	-1	-1659.1887283729156	59.33601105887873	265.77700953397107	641.0111750922345	8580.591340427098	1812.6954418598891	4391.965565256743	-1
?	-1	0	71.5930452254194	300.2119053444515	885.8910995521604	3747.108119212127	1861.7551615344803	863.8132054578423	1.8946038551372812
?	-1	2185.7605480074285	74.34660632610152	94.83415905176237	828.3665810528435	-8340.022373382277	1855.8861021327818	-1536.767609982463	2.196187347330608
?	108.28802740037297	2052.4918317962342	76.33475317800759	-88.15697747255075	468.88998088304066	-6718.350966049744	1784.916781035356	-3852.8477497373933	7.054645468220786
?	101.62459158981316	-470.8523232510241	69.93875745247392	-299.90781354743734	492.4490327503515	1025.7733361315425	1663.2437146459094	-10185.581962797842	11.126458261034628
?	84.74541123782143	-118.22768813879381	61.33936250063551	34.894073945978974	520.1786476896185	1837.0009084935964	1275.6376828954567	-12245.777296267177	6.254092754890747
?	95.71320718287339	216.88866367136148	71.6834611497729	226.98452309547298	584.2990781750326	531.9824948161265	1050.9548498325419	-4707.806776759431	10.36869296540561
?	95.58984442138966	-86.05979307242896	72.68858865540932	-98.4952584585429	546.7777724304252	-3048.1619928511336	1040.2473440574818	-308.94537707318267	13.950308568426113
?	91.41021752925188	260.8205650561311	66.75869822684568	-79.65936769915402	431.89097853247375	-3603.4004032311063	1035.5075809788825	8489.316147192647	10.189917266411465
?	108.6308726741964	1308.0632560318631	68.70562027045156	119.35267785201803	366.60775226886733	-1632.0650191492844	1464.7131514171201	21979.457214419035	6.346064835551033
?	156.81338033084597	1900.486372844914	72.72633211944667	-15.291601376004348	350.2877275750084	-234.00198089867908	2134.48044169985	11125.41029728855	6.157840190802199
?	203.65519131644345	-3136.2676066168747	67.94104020165133	-1454.5266423889127	354.9076532239332	-7005.754551500068	2020.9836662815555	-42689.60883399639	12.99817452444651
