rowLabel	avP	dP	avI	dI	f1	dF1	f2	dF2	h
?	143.9001439442755	2724.5484541634005	71.58187780084255	1457.627743951095	511.80817267025236	10669.10171384084	1259.2746071575568	25777.931501260908	3.930230176491574
?	136.22742270817002	-136.1210398436799	72.88138719755476	-321.834016481759	533.4550856920421	-501.0613125906036	1288.8965750630455	-308.2993186039448	11.010493470338432
?	137.0940919520915	-2744.5484541633996	55.4901769767546	-405.1718278762789	486.7551070407222	-1041.3280826620662	1243.8596412273596	5322.361657666968	-1
?	-1	60.47146446446733	52.62279580374081	188.64660601054769	481.38868155893874	-2917.6505538032343	1555.014657946394	14242.600956037026	-1
?	140.11766517531487	2653.2295990370803	64.92250727728198	209.97273702359442	340.8725793505605	248.21166081559687	1955.9896890292107	6314.148919798001	10.72423587088453
?	131.66147995185398	-2822.353303506298	63.121432654920525	3.7715041174337225	493.7992645997186	12783.474802875713	1870.722103936294	-678.4817637726338	7.042190981653221
?	-1	-2653.2295990370803	65.11108248315367	62.63771326683327	980.046319494346	8404.281787951968	1922.065600840579	2379.3419593480944	-2.2522195344952025
?	-1	2885.644995168015	66.25331831826219	167.66055207790035	914.0133539973169	-11799.05187171617	1989.6892019036986	-3380.015020846855	-0.013798814016734695
?	143.28224975840072	2701.149554651333	73.49411008704868	165.17794290334766	390.09372590853764	-9223.430083166537	1753.0648497982363	-17631.565008718906	9.344657856759321
?	134.0574777325666	-174.91355498989495	74.51221546342957	-17.9102476286559	452.8418498389902	2720.5994136659665	1108.1109514677535	-19230.264830123026	10.53920789079661
?	134.53657200890598	134.67464049242597	72.59859770561589	-53.426676459563915	526.1236965918359	597.4582977646816	791.5516082920852	-4186.936286635335	15.314286664724246
?	140.79120975718791	-918.3805843838735	71.84088164045137	-190.62737466173314	482.7147647272243	-1956.2693139362789	898.7641371359865	7988.034815564142	15.761461357208375
?	88.61754278971226	-2835.824195143756	63.06722897252922	-272.5828966279719	428.3102308950219	150.28045983283945	1190.9533490702927	16615.34486796265	5.447794659149483
?	-1	-1792.3508557942437	58.211736809052766	-55.16273953363859	490.2287877188663	5480.582233963815	1729.5313805341198	12423.070012725246	-1
?	-1	0	60.30909199584729	78.30730452590991	702.3393425932129	6806.184227529143	1812.1068497065555	3319.8808068383796	-3.771734731821464
?	-1	2705.8925999041594	62.127102035348265	196.27188675813497	830.5379990953237	-2472.239531325322	1895.5254208760389	-4581.322890286038	-0.8942795718180794
?	134.29462999520808	2452.7143736231087	70.12268633375405	222.72841854562495	578.7273660269467	-6559.71033233083	1583.0407051922534	-13227.85666961897	3.915081900216528
?	121.63571868115554	-325.5287886703155	73.26352296262952	7.8720101936133275	502.5524824787819	-847.7340916725794	1234.1325873950898	-8397.429333183765	9.180067601372418
?	118.0181905616923	-77.93438520606195	70.51628684343471	32.74890020560403	536.3406614433177	2793.4401091481536	1163.1692385330648	-2927.630552939724	9.753319007930106
?	117.73899942085244	24.97165205638996	74.90096797290973	-79.35588168970052	642.2244879361897	2669.7797342098047	1087.7510597481034	376.6806446667902	11.739980473217976
?	119.26677316451179	-2374.7799884170468	66.54849275894969	-383.8350314471085	669.8296481538077	-925.1335781171784	1182.0032707664043	6177.061907886799	8.51978370845165
?	-1	-110.66751288990464	55.70921640055428	-81.25313524542129	595.9678090303307	410.773933616235	1396.6041551424437	150.44392912074713	-1
?	113.73339752001655	2347.7571048400423	62.485835996678624	319.4674938353981	690.3683448346195	2856.4940817451698	1189.5254672224416	-3629.3548345388003	-1.0647927944917115
?	116.38785524200222	131.37299990984462	71.6825910923242	55.252892059846296	738.7925131175894	303.732944736482	1215.1364134155035	7066.643529670853	5.763321327881717
?	120.30204751550879	-2347.7571048400423	65.24848059967094	-229.98596749002823	705.5549920714436	1204.3217002468657	1542.8576437059846	10050.838023308139	1.6876192053672323
?	-1	-2426.0409503101737	60.18329271782278	-72.23371329757903	799.0085981299327	-284.2485832322561	1717.6783145809109	5353.716605182121	-1
?	-1	2812.856102429715	61.636794934791986	331.06339155424763	691.3425629098308	-7853.754123357937	1810.543473965091	2340.85490540562	-1
?	139.64280512148588	2718.207956387574	76.73646229553518	332.64090750467557	406.3208919620355	-5818.622425320728	1834.721059851192	1699.595721085628	14.443988848018103
?	134.91039781937883	-233.3962632765924	78.26884031002578	-236.19174085051932	400.41144164379415	-519.3665764544614	1895.5232600193724	-1061.9196302606488	22.492077328037944
?	127.97299195765625	32.68242569072183	64.9268752530092	-420.27821053484547	380.3525631393124	775.5387764267123	1781.6250783381595	-5764.278141903718	11.337504684460354
?	136.54451910391492	-162.6327147023163	57.25492978328349	14.580458854737218	439.1883804651298	-57.17793184525926	1607.3093529241862	-2976.378329939341	-1
?	119.84135622254043	-473.3237878882342	65.65589819574606	260.66781470177267	377.49366654704943	222.0126501494597	1632.8061618411923	1039.2916581027239	10.812060756754843
?	112.87832970950319	-188.3505576524193	70.28832051837213	82.48803400343967	450.2890129726028	2315.167586370319	1659.2739358293225	1859.9861290948577	7.626838746863105
?	110.42382833991945	533.8120913677973	69.78029989591805	27.70864961557462	493.2520458655655	1531.3339854548312	1725.8054682959353	1268.1193634630915	9.937530497654127
?	139.56893427789308	1295.3385512272898	71.67375299915086	-21.684233148385186	526.8557122453444	1837.1275425295728	1722.679904002477	-4279.859524045965	2.573782853843822
?	175.190755901284	518.8028114466165	68.69608823849879	-219.61823206083162	585.1084229920442	642.5142478565607	1511.8124920936368	-2058.9363062841157	7.0437228798838705
?	165.50907485022393	-3523.815118025677	60.69284139610927	-172.91605324716045	558.9814246381725	1380.2830454287152	1619.7330886882712	7168.94012214181	4.804241105592912
?	-1	-762.1575319233832	60.05028557614076	167.27498148501397	654.12257526348	-2365.9212868343093	1870.2594982007276	1242.2818232554744	-1
?	127.40119825405473	2249.6360464520835	69.05659047035998	76.13708219447823	440.6853602964569	-4502.173386777956	1681.847179851045	-5956.130085954959	6.313074879348245
?	111.48180232260428	-138.35840252670883	63.857139685864674	-285.8675643753459	429.01390592458205	791.8979558721475	1572.4529939029794	-3037.951925809445	9.020161816653424
?	120.48327812771932	63.97227521861362	54.76321225159273	56.1142865898737	480.28025809006414	1700.728070846249	1529.9495835605733	-1691.485629839714	-1
?	114.68041608353495	-164.2966400921617	66.66285401535835	273.98440042984487	514.0503094668942	-262.2480771825801	1487.878712410994	-1696.8774104853644	3.3613447559814396
?	112.26844612311126	-75.12349571669033	68.46243227308493	-135.16297146266402	467.1678542309352	296.98967115447994	1445.1057130363054	-5890.9928760838675	8.161168120658191
?	110.92424129770045	141.78677169285942	59.90470544222517	-10.076298796001915	528.8997930246181	-1090.1868408906573	1193.3290686068017	-10140.370112500454	-1
?	119.3577847077542	396.98360024804117	67.95861733328484	206.00930674887113	412.6585121864025	-3375.8601558265964	938.0872074112845	2668.322547385483	10.447563264175072
?	130.77342131010244	582.2410820201399	70.20517077966869	49.59799937863	360.1067852332889	-321.91278943272664	1326.7451959760754	13451.144843158265	12.627575224683255
?	148.4698388087611	641.8576609953561	70.43851730221633	38.887408108315775	396.56287271476623	2129.430931840472	1610.6444495691953	8525.397861561536	9.029342446384225
?	162.86630435987013	368.52247485688923	72.14954118508447	20.746225335659933	466.57833182531215	2962.680664827654	1753.0150890541506	-1989.9884793400067	10.700850409921491
?	166.8959625516055	-225.3162617451252	71.47582856899932	-143.94895424032052	544.6969059561484	1460.1082717458105	1511.1450256021953	-8502.871763459805	11.85730390015395
?	151.6004912726139	-642.4641808810884	64.95209347306847	-33.80722760663799	539.5837454126024	-509.505012527472	1327.8715008811619	-3119.6445483683665	6.16164344185058
?	134.7727535075512	-650.5171012729645	69.78546718866743	112.79201550914576	519.2216553297749	-946.4827328133833	1355.1627981837776	1302.539326916317	7.481206276497505
?	119.0746362089658	-470.0597593896338	70.59169424852574	-125.45767590635877	492.2596087719334	1374.453141956276	1392.9984672269775	151.69296659197752	9.911550563734673
?	111.26976553806958	-2401.4927241793243	63.51258339334951	-244.452376208709	587.9443124275884	5388.088599752989	1362.7474465133764	4979.667852814058	9.623454886495411
?	-1	-2245.3953107613997	58.369075438090334	-60.239155109317934	761.6640387595819	1483.830712697464	1641.9818598676795	7724.4601121164305	-1
?	-1	2531.37049355773	60.50062563788362	298.61684712583093	662.1358480624614	-6094.240739515203	1748.9704521191966	1533.8121594320328	1.3900805472812978
?	125.56852467788605	2433.897603650302	73.29991779438183	266.75493902842356	456.9520017838228	-3282.970593106914	1718.672467839281	-4418.180969831453	7.540518919074894
?	120.69488018251467	-204.34470026074098	73.83837258930475	-61.75193162020769	497.9873184071163	-293.3478068482383	1528.0614036276247	-7949.122194962061	13.005102813197851
?	115.35128966484903	-143.7268796898436	70.21232121337145	-212.71671902804036	442.28461144141096	-2219.3905938756643	1321.2163580911792	1422.6403770200345	9.311670243192726
?	113.50853619802251	86.4965686565512	63.202536637902774	53.2378453226959	387.01778871333346	-1602.2316420732125	1599.1934224786262	10299.073989685963	7.274330362346014
?	119.67611809767658	-20.57970869810568	72.87421347950624	121.69618417596013	362.1730293377506	1354.9873250532758	1836.1700575754755	-154.2968671380373	14.865445835031881
?	112.47955076311723	-22.938630648008395	69.28734584670076	-245.11182559490823	454.767154965997	2251.9963830270945	1591.4785791217244	-9565.062697366064	7.063139876661247
?	118.52918656527616	414.27016812165596	60.61862219976087	22.907364502813802	474.77284848910494	3626.529761728664	1357.916922707174	-6730.67643188691	4.182750152042086
?	133.19305916919996	571.3061584404181	70.43271407184145	212.00867966295	636.0936430524296	4120.220505075362	1254.94475752738	-1825.811157594146	10.153215988264213
?	147.09449448729697	-79.18471463335294	71.21905618290833	24.920337480092574	680.7838737428723	1504.4219135929652	1266.6263648274671	542.1225818408421	11.503349880465175
?	129.23382343753232	-1144.2420963225477	71.67873094584607	-204.3196497172754	711.3147387320776	-165.12647786649782	1282.050886619422	1602.906292348581	4.892052913047953
?	89.88238967116979	-2604.6764687506557	61.0030736970446	-310.44711767121606	672.5275498495474	-3358.935733396509	1346.7716794448959	108.13779244389973	4.087197819465479
?	-1	721.7010866395899	56.15637506228532	190.37078833384822	543.3679520622527	-1511.2420016345764	1287.457776241617	-4757.7618410301	-1
?	125.96744400314915	2355.2565712887704	70.52161311373698	258.0873748121511	596.9654497678189	-2777.6698156054645	1108.8835873933917	272.9719496897688	5.910376019718682
?	116.76282856443811	-251.09913265134313	69.06074380289283	-241.55382143017277	404.48446128198	-2278.7884108702588	1301.1063737261054	5608.492640616757	5.573104555881348
?	113.41248737058204	706.7827974414771	58.44392204222838	135.384065279488	483.02602922430634	67.60915856996941	1389.3082194242286	12411.008424215892	-1
?	152.10196843651184	1096.3142470009263	75.8299470668672	391.1612217075568	407.86491921047843	-2062.1771620109944	1921.6567949368978	9642.821700963394	6.075979056286382
?	168.22819972062817	336.4829834244791	78.00198312760615	-178.6711668592688	379.917171123757	5224.237788494547	1871.4493044723965	-4312.755249725721	13.851810257695035
?	168.92611760773573	163.62854751459906	66.8963887239038	-245.54491010503997	669.0768086352049	6253.732131735588	1706.0190324506125	-7854.173079573689	6.298435641457186
?	176.4096270963581	-215.0788816513178	65.7247376223542	127.49608368080618	692.6037777105353	-1162.3255442981526	1478.7406504937135	-13635.578154055269	2.2638346485182828
?	158.17217352516988	-591.6615001124408	73.27119290794408	118.82128878184673	610.9605314202975	-3512.55761196022	1024.2401247478515	-9677.64247425735	11.328327623082295
?	146.82655209073616	-514.744834750057	71.66580206144651	-165.66065182143066	516.9758971125249	-4820.533101731799	994.8585267808477	3225.978168238737	13.301781620451774
?	132.43493178766713	-137.29368965827624	64.98816031687258	-32.60683082186159	369.9338763337083	-1991.7620440225269	1185.5390331597878	13642.39016150058	6.171470213616808
?	139.96186760782237	195.19902722817744	70.03546052035344	204.50768678833572	417.3877949113989	1110.419269699276	1676.9780348558743	13998.092872470743	10.610846808969951
?	142.19488314907596	-35.892816749859676	75.21354465628933	-162.80592451381807	425.4548398186719	-142.17676284464739	1885.4436767833224	-4508.427140235593	16.706400239160583
?	138.1672267703294	14.390177049930395	61.895164294662564	-350.9311522482974	410.27895676916654	-115.42009366273346	1451.5566778440955	-13478.67855907023	11.694186112012286
?	142.91439200157248	97.47168276958666	57.66698704387452	-100.43851051117095	419.6838351355353	1407.5775561176401	1211.5097488298134	-167.77520891216741	-1
?	143.0408109088087	-265.73189632786733	56.873238769104034	236.03370683705592	480.6578345750483	-1018.4699507263749	1443.1679173984871	1004.8004887611831	-1
?	129.62779718517916	-559.0883585674387	69.46867238572727	256.32623949039873	368.7603375992167	-4124.3825254457315	1261.7497732678723	-9383.987667738013	6.642988628965431
?	115.08639298043687	-404.4289002932814	69.68955074362393	-24.423385791922186	274.43870830276245	1952.6455541608416	973.9685340115882	-7102.560316427273	15.17708651700733
?	109.40635217051516	-73.1824474129726	68.24750309613117	-58.71158270455786	466.39261530725844	4653.34525404415	906.62175744651	-1484.319333449235	7.713970658259656
?	111.42727060978825	575.4661995058237	66.75397160839604	-10.385954646867825	507.10597100496915	1609.9079607316469	899.7525673391267	438.49886905231796	11.25894882742548
?	138.17966214580625	1609.6449649025953	67.72820536378778	28.162748234586374	546.8880133438405	994.7668421670416	928.5467008991258	674.2723683272562	5.072657390019633
?	191.90951885491774	1809.1114264421915	68.16210902012536	-58.934438644047226	556.844313113321	-4052.5837755698917	933.4661857554894	2368.7737344702164	5.411129794836278
?	228.6352334679155	792.9017846826679	64.78148343158543	-278.58902657370874	344.25882456534663	-2414.880286239309	1046.9853876226362	12814.65303566176	13.699277995531695
?	231.554608089051	-4592.704669358326	54.23265769143997	-222.40829547629895	436.100298801356	3822.8835706259665	1574.1988375385752	9279.807803664782	-1
?	-1	-4651.092161781036	53.66106865777052	6.41778503685901	535.4030030966443	2962.301316821434	1510.9757778058736	410.8205229385218	-1
?	-1	0	54.55354694328292	30.497373496902433	584.2153646424272	1019.5732901607348	1594.7398636855012	2909.77591525481	-1
?	-1	0	55.18593733261564	14.713252797450219	586.3816676046808	2449.878722375908	1656.4645735686136	1586.2635867416532	-1
?	-1	0	55.289209583155426	26.001862011774882	706.7093007612222	1754.2960837564162	1674.0530430225836	-1123.543260038386	-1
?	-1	0	56.48603043320438	31.310435474530717	674.0964717925014	-5809.533595402563	1600.2874105666945	-4066.1995154565248	-1
?	-1	2480.303613261337	56.854731356881956	202.0071139356854	416.232620991095	-4756.094752948701	1470.743067249758	1407.8097287853602	-1
?	123.0151806630664	2440.905159175081	66.58638612998861	347.5193577517616	436.29173414506715	-639.9960780954939	1670.6778970059622	7204.495179260828	3.7712986650376337
?	121.04525795875361	-94.72627968826606	74.23069924446997	82.4401124657456	384.23281708632044	-1875.845719120492	1830.9678262127982	-1262.084196556575	15.681835053631996
?	118.27886667865312	-52.54281763410394	70.70839175327588	-245.67426926741322	342.4994481890429	200.66019999571907	1607.5736871781337	-4594.695293930379	13.860432664201811
?	118.41811707704842	355.4912136951863	61.94698578109936	144.23749942725345	394.26582708610636	1286.6531917512305	1601.23306151628	4742.43060875171	-0.1602921563738426
?	136.05342736341237	430.20612284811773	77.92026672463852	221.41176125928632	406.8321077766042	233.1571020256862	1844.6952176157183	3613.12318393212	14.821986837219729
?	139.92842321945423	66.82639528596009	73.01757384406363	-437.6567756465745	405.9236821873906	-255.7580035731903	1781.8892207128854	-9440.942509351837	14.404521901464872
?	139.39474712771036	-7.4256016100861455	56.037427942309876	-334.44085344668486	394.0442075979447	26.710427769630865	1372.6480921481282	-7217.1128925433395	-1
?	139.55714313894993	-10.749451621234167	56.29553117172945	74.137154499533	407.25920357587216	1217.164471901643	1421.0335760857197	3485.430404743405	-1
?	138.85727454664865	-178.9974013333728	59.74428566728651	376.31391915800117	454.90243119302664	-22.508828097396727	1546.9196123852978	-71.73258838767222	6.874554759160115
?	130.60727307228132	-357.59569147254933	75.11122712962944	217.4978818529582	406.13376217100233	-1952.3405801372407	1417.446946666336	-1540.8999306612313	11.569767393263353
?	120.97748997302125	-178.11406212393968	70.61917975993438	-33.63738725594727	357.28540218616496	2749.1683379223314	1469.8746158522365	-1683.0993544177695	9.566095479876843
?	121.70156996608436	-61.238386069845994	73.42935776683208	-181.58274359266622	543.5921790671184	1968.3651089113746	1333.291978945448	-3633.1829754377886	8.878459521130234
?	117.91557066952896	-0.219543221061543	61.540042580301105	-317.90422275549787	455.70365763173334	1540.1934024750663	1288.2154670803477	25.364501629128515	2.781349683151588
?	121.69059280503129	186.36808448878392	57.53414662905725	214.52758794501696	620.6018491908715	1600.860925297228	1334.5602040269043	-8382.555121212134	-1
?	127.23397489396812	-29.89388892049515	72.26642197755191	158.1846262645226	535.7467038965945	-3156.7261030844415	869.0877110197425	-460.52976502245366	10.658181628301922
?	120.19589835900653	-2564.679497879372	65.44337794228335	-276.5533366951898	462.76554403664994	1863.0694045737685	1311.5337157757817	19174.14900522387	11.148430993234696
?	-1	110.59829897151826	58.43875514279247	-8.5717784228996	628.9001741252826	1624.5559880247583	1827.7951612809327	5266.025426647135	-1
?	125.72581330758243	2394.185276806188	65.01478902113837	228.82243881576014	543.9933434378876	-4619.658188455356	1574.8349871081375	-4627.256093107092	3.5282776891141427
?	118.70926384030898	-207.01314278663847	69.87987708358044	103.4440597062929	397.9172647025156	-2913.7291275959174	1596.432356625579	1241.5371154129205	11.035685421936302
?	115.37515616825054	-80.83469310454262	70.186992006453	80.29802178997414	398.30688705809223	1516.1194962982413	1636.9118428787833	1011.058733563581	9.560792922353864
?	114.66752918508186	-35.7960110241096	73.89477817307913	-72.44839519815852	473.7232395174274	1410.3104771820374	1646.9852933037578	-4326.506958675324	11.9059348726083
?	113.58535561704507	-23.122624883265612	66.56457224654508	-70.36912361822257	468.82241091719385	1831.7717224757528	1420.5864949450179	-5085.464112152786	3.934514780913322
?	113.51139794091858	-27.944455839882593	70.37632199216802	-112.99734892794288	565.3118256412147	1615.5857624664782	1392.7120876961194	2921.192406649276	9.619732384657706
?	112.18813282505094	-2290.2279588183796	60.91470480014796	-224.9181833029237	549.6016990405175	3320.6183252537135	1566.6461152774812	8355.177496224167	5.9274941491199575
?	-1	404.8022616310857	59.13041282702187	64.20918304496462	731.3427419038998	1758.9328137339332	1810.4709625073262	4772.555041429668	-3.0451432632209032
?	132.42824590660516	2608.5153974355935	64.12516395239618	292.95299786716004	637.5483397272138	-5919.4824657988665	1805.2738673489637	-9055.520665003569	5.255377734213055
?	129.4257698717792	48.744026642393294	73.77806272037982	153.26355606110067	435.3686186139575	-4219.728093401758	1357.6949292571494	-13920.135475611673	11.871456633867144
?	134.8654472387248	81.68568082281212	71.78834175545119	-294.27610273309745	426.5619350571267	439.1944613466448	1109.2670935683825	1111.184119890667	13.504443840213082
?	133.5100539129198	-278.0587357013682	59.064257583725	-257.3462436396283	457.32834168128966	2632.2663325326976	1413.2541352516826	10904.795192799003	-1
?	120.96251045365645	-318.2873779590446	58.921029573469816	203.68739641219577	558.1752516837611	-2422.7809149901036	1654.5068532083308	7226.6278242944445	3.2914005737447183
?	117.59568501496763	-201.12701487683793	69.24862740433476	85.44702142369631	336.1892959317849	1513.6836744881416	1774.5855264664035	5056.420101436593	9.771768120438097
?	110.90615970981459	-2371.913700299361	63.19338064465462	-128.2101989288532	633.8594354081679	9905.386215953888	1907.3278582801595	1068.3801878067281	-0.023858011772710148
?	-1	225.36430593291465	62.83811745789212	109.15570985813441	831.4586067294775	-3765.9346128663365	1828.0045358567397	-3242.637713566671	-1
?	122.17437500646028	2341.7351602744966	68.65116613756132	203.8953987259194	445.56270476485173	-8892.399064938662	1745.1959726018265	-2175.7950136039776	5.404611657469294
?	116.08675801372442	131.73546019201854	73.03288739418805	141.45453855468725	386.8386534825461	-1410.8043243806349	1719.2147851765412	-2066.4189571838624	11.288001742502578
?	128.76114801606118	451.54100956303625	75.72389306529566	93.97866527653012	375.02248854582024	1081.1199941893055	1641.8750247426337	1304.912512514079	8.227381981034949
?	138.66380849187615	108.07950236325193	77.73182065801454	-72.34478001501711	440.89465319201116	780.8889752448595	1784.460410802245	-4659.319045962191	13.722576544822541
?	134.16512313422376	-359.07579725657496	72.10665406454481	-231.43707453332578	414.0669373080631	-502.7308762704303	1408.909072444525	-12057.073635942126	11.472522976012087
?	120.71001862904747	-252.39002363697443	66.1599669313483	-35.70598082060583	415.75810937848973	-225.50939197339937	1181.6067290051408	-9634.471444369117	8.30335626581452
?	121.54562195237509	90.85430541377978	70.32135502351453	114.46616099048596	402.79146770939315	-612.3420058390603	927.1855002260709	-4888.130181311605	11.627970299401884
?	125.25273389973644	15.833642489387273	71.88327498087257	-59.67826808952161	385.1410090865368	1606.1358468552908	937.2002199395614	7328.590759639827	16.811520060230464
?	122.33730407684445	-2525.0546779947376	67.33744161903846	-190.2570103502063	483.0982600521574	8806.021990133844	1293.615038208061	15358.226151425632	13.510247432709052
?	-1	129.51030229742616	62.37042446336229	-4.843794892189538	825.4421085932274	-93.15515806594281	1705.1115275108402	281.61635979314826	1.7489444609381188
?	128.81281919171573	2467.737879035722	67.09525187442898	218.956130290803	478.4405021488603	-7706.441635208836	1307.6958561977183	-13605.368790284714	8.899196657236852
?	122.38689395178565	-193.91986336856445	73.3182309779024	88.65935171791054	440.120026832787	-1133.2847004351386	1024.843087996607	-3482.8165561059845	11.741517689158748
?	119.11682602328754	-128.77358433508664	71.5282194603245	-251.71525682483124	421.77626712710355	1621.5588066686314	1133.5550283924197	6034.474066426846	13.356454744841887
?	115.94821473503134	-107.59502664462342	60.732468136660884	-227.06607184789087	521.1979671662183	1963.4441186579445	1326.5667913179482	7129.283775293214	3.702781574597341
?	113.73707469105639	133.75647971484673	60.17491586792999	191.61565949407515	519.9484730600004	-3512.9836762909836	1490.019217157079	8304.131564272713	-1
?	122.63603872077366	374.8751791424327	70.31325111136461	224.90149581788452	345.5487833516697	-4286.9111240784005	1741.7733695315824	8795.283795086261	10.15574113218917
?	132.48083364817796	361.1199278731927	71.41999065882418	72.28714056903013	305.60291685608115	-75.03308750574801	1929.7834069113906	4800.791994643431	13.105723703249385
?	140.69203511443322	-79.43342406130029	73.9276081398161	84.9011691139964	341.79712897638234	3819.8632621007914	1981.812969263753	-6315.66680647245	11.284903009543466
?	128.50916244511296	-612.5369879775919	75.66504911452398	-136.00246024654487	496.59607996112004	3815.002694673229	1614.0000665877692	-15437.27095166385	5.99921729388122
?	110.06518571555374	188.45012296082712	67.12748512748888	-357.34989226193363	532.5472637100431	-694.7728020391755	1209.9494216805633	-3963.603444235428	4.091929141101021
?	137.93166859315428	-67.41307941511873	57.79755450142736	-76.17841598129373	461.8574398591614	935.7298234507049	1415.8198943759985	-709.9100683471422	-1
?	106.69453174479781	-657.6778121506608	63.31856432842421	165.03473589618739	579.3337548825782	1622.9393139381386	1174.4539182632063	-2768.753711863911	3.6325666868892257
?	105.04777798562137	-2153.890634895964	66.0492912962367	-197.252646171965	543.004405556068	-1744.969836520044	1277.3822087828034	6466.080410856048	7.136260320422184
?	-1	-2120.955559712435	53.455932019825994	-186.12365212648393	492.0852630565763	67.42987772002631	1497.7579388060076	8106.164319820343	-1
?	-1	2353.277786712248	56.74310868991254	206.69710941147346	546.3758994420693	-2719.988499199305	1682.6904247738191	5467.922737919608	-1
?	116.663889335612	2493.407585093554	63.79078749039963	-36.85011466880978	356.08583809661155	-2810.2695721880023	1771.154075701987	-6042.624917140323	7.099574994327066
?	123.67037925467727	43.04027503359224	54.900602956472056	26.267325862293042	405.8624208326697	1260.7917023913615	1380.559178916804	-10599.025658152215	-1
?	118.8159030872916	-133.68972170277394	65.10415378351428	326.4862858681016	419.1254232161794	2405.465680862373	1241.2027927943782	-11293.569488682542	9.012247312154729
?	116.9858931695386	-79.9515483373304	71.22491724987708	98.97756763214751	526.135704875788	673.5460977769789	815.880704482679	-6094.120576810987	10.821305193328843
?	114.8183256704251	-2359.71786339078	70.05303216512164	-219.71458875867916	452.8027281050282	2004.645470504295	936.4967639538299	17173.094657987847	12.288829311970025
?	-1	-2316.36651340851	60.23918781194316	-201.1800281921832	626.3679784010024	7617.73391730054	1674.5354373820683	15235.960212632335	-1
?	-1	2385.5943009573166	59.99403075551251	68.16796113163025	833.6894239700539	-534.2826554358468	1698.294774585444	-10081.943716766207	-1
?	118.27971504786753	2339.3547669912355	63.64758586852472	144.4124675952039	599.6538456292096	-5687.634698281746	1170.4382515437508	-12937.031184738797	5.538492924553505
?	115.96773834956343	-171.83766496750349	67.21465413527281	-23.958719429832712	549.3076890559626	-4053.6666440562217	1051.443215348495	1325.1254241406552	9.219957038102265
?	109.68783179949223	-14.395828704673841	62.44964989703307	-229.56055168148652	396.97051342639566	-729.1172723806072	1236.6945227507845	7144.60765645267	8.53443988526429
?	115.24794691432973	-2213.7566359898133	55.73662655119832	-99.02796774316387	512.8518254369317	6809.156680550749	1408.6735981711336	3955.899226565469	-1
?	-1	27.729697757624084	57.498251509874805	193.60482358349196	737.4283474539379	1025.1061878377768	1434.4894840790607	-5916.990897397866	-1
?	116.63443180221095	2263.1020027215604	65.41686773037306	188.5185034896951	564.1071348288212	-4477.885684356245	1112.824053301236	-4474.3113333118345	5.8153570444987155
?	112.15510013607964	42.17333766090914	66.9241766843597	20.057367472915644	513.5340632361225	-2888.1107265548235	1210.7739174134658	6345.107806530706	9.036463644421861
?	118.74309868525644	73.32251531015014	66.41973610401885	-111.59636020083309	419.701598501078	-4275.281757912664	1430.0794436277758	4204.963722394158	10.685387800788208
?	115.8212259015872	-2394.861973705095	61.34435867431796	-236.66220848578368	299.76997534048627	-280.18955561100995	1421.0221035331767	-520.8987380543493	7.913278661174559
?	-1	86.37471447333317	54.5866256797295	16.39917278840391	405.6921207205273	2497.219171699414	1404.034506725058	-1933.9370343742892	-1
?	120.13996162525392	2367.142708727757	62.16431731373817	299.07807917185085	424.63093392545875	-1615.3409132440752	1324.325251814461	-1490.935594929039	4.738278594643966
?	117.35713543638954	-71.54733385402392	69.54052963832226	156.11226411574313	324.9250750583224	-1912.5022248057076	1329.487726978605	-3238.597891828385	9.989169889932253
?	116.56259493255267	108.21089285098839	69.96993051952543	62.262082904124405	329.005822685172	1317.155397242537	1162.3953572230394	4713.64126315551	10.15060706257456
?	122.76768007893904	283.8145826754188	72.65363378352852	52.814172413227524	390.7828449204502	5125.768569018075	1565.1697901363839	5980.10735868909	7.001945699907293
?	130.7533240663238	763.6828857743444	72.61063914018685	25.71682540232607	585.2942511360794	6086.332252134586	1461.400725157498	-5056.08225895886	6.594321044299404
?	160.9518243676568	-310.4437268093737	73.93947505364484	-23.37287305151842	695.0994575271839	2806.715205313022	1312.3656771884373	-2702.6197770180243	3.359501364163113
?	115.23113772585491	43.36110150711813	71.44199548761091	-191.70887306381258	725.6300114017325	-13.252167873713272	1326.269736306595	-663.6568002962391	4.2990148135991895
?	163.11987944301274	-2324.622754517065	64.35403140045408	-359.542117691571	694.4368491334982	-2468.9205014670997	1279.1828371736249	459.5376369121985	4.7368743534498945
?	-1	-3282.397588860208	53.464889603032105	-261.9108859045987	602.1839863283758	-867.9916195874184	1349.2466181522052	3658.088441208768	-1
?	-1	0	51.258487105223956	52.965621157466344	651.0372681541267	859.8474446413107	1462.0872592340659	3973.0307854300036	-1
?	-1	0	56.11317066090546	149.7693389959271	645.1763585604419	-854.9411776735443	1547.8981574237082	1869.422542221724	-1
?	-1	0	58.74695405502042	69.52253982409872	608.2902092704488	1135.0566941208078	1555.5583863451534	18.664719824168703	-1
?	-1	0	59.589297652110446	-8.106697814193948	701.9291932664831	160.84840810182868	1548.8313934149166	1234.783286422249	-1
?	-1	0	58.341619164310714	-61.43200126476754	616.3326296755404	-436.19925150113494	1617.2975506662667	1862.5453806816777	-1
?	-1	0	56.517697588872025	-64.76314227786723	680.1192306914261	1235.045528638312	1641.9586624490018	602.1027838917831	-1
?	-1	0	55.103462050417306	50.33188702327478	678.0849061074569	-1580.085240629967	1647.4026898608563	-2713.2252091550004	-1
?	-1	0	59.0342919400358	110.82895637854263	601.1149686599266	970.6565587441991	1506.29740199125	-1593.5590309584495	-3.1100023219664914
?	-1	0	60.64490986934452	123.97384547573006	726.6177340446675	5511.643547279628	1567.7247383129327	6988.082039397678	-4.64506389027193
?	-1	2891.5951187996325	65.23298421382239	113.9163564328687	876.697146023912	1093.003192609795	1855.7015039611388	4646.492076871452	-2.1091998255428743
?	143.57975593998367	2745.2420354228066	66.34072769098803	169.3749792070794	781.267893675158	-6947.693555022202	1800.0493421565086	-13318.70618076961	-1.9846991037667836
?	136.26210177114228	-364.5965349725136	73.70173317417648	49.656175516064	529.3124682727969	-3627.0794642816745	1189.7661949226488	-4943.232719919222	9.298175664092536
?	125.34992919135773	-2745.2420354228066	68.82353646679127	-170.23309569163175	599.9139204610717	7370.496758992463	1552.887706160544	12591.676250289818	3.546953498127182
?	-1	219.52485618458297	65.19007838959477	-69.15299947100395	897.8373062224252	-1295.6176184363537	1819.3500074371486	-362.22947311669424	-1.2194306730792768
?	136.32617200058704	2791.511272643937	65.36588649324102	189.30825919788205	535.1330395392531	-6679.223126836894	1534.776232504709	-7742.8893941578135	1.8989132910829174
?	138.57556363219882	-123.15908912487426	74.65549134948901	150.23796425720647	563.8761498805758	892.2620662526092	1432.2055377292525	-347.84322284644946	7.834933870822681
?	130.16821754434324	-176.69144705649194	72.87778470610145	-6.558881850408702	579.7461428518842	533.6335228343606	1517.3840713623863	1186.5989139677154	9.346358335931713
?	129.7409912793741	35.0334227263523	74.32754725696857	20.55930631944306	590.5578260222942	-276.5430678751756	1491.535483427639	530.5774764911455	11.419515987070838
?	131.91988868066088	-103.72577781034175	73.90575002207362	-37.315364346299624	565.9189894581252	-4344.6003186490225	1543.912945186944	1749.5846122706123	13.10828109022026
?	124.55470238885694	-2638.39777361318	72.46177903965356	-1478.1150004414515	373.32781008984	-11318.379789162344	1579.014714041171	-30878.25890373844	9.805494494877125
