rowLabel	avP	dP	avI	dI	f1	dF1	f2	dF2	h
?	142.83228661193382	2858.704550797516	55.83131073596011	1096.1442326688057	508.30920612087175	8246.905138468599	1570.7624409222815	35720.85377521909	-1
?	142.9352275398758	-264.9148093733129	54.80721163344029	193.60931770757716	412.34525692343	-1225.5465087725725	1786.0426887609547	-88.81798323523526	-1
?	129.58654614326818	-416.4480775920102	65.51177662133897	339.67488712407845	447.0318806822431	-977.406951775068	1566.3215417605197	-14499.186586689533	-1.2663883426669762
?	122.11282366027528	-293.0064323750037	71.79095598964422	-114.91960706232393	363.47490933467657	-1339.1091850587613	1061.0833594264777	-6784.119607612281	6.054307393698015
?	114.936224524518	376.12038550922796	59.76579626822277	-73.39534288369181	380.07642142930507	3888.958364815511	1227.1155613799058	4916.709199905814	10.047754894153398
?	140.91884293573668	690.5716936377457	68.12118884545963	349.22770574931127	557.9228275754521	1599.949185533207	1306.9188194217684	-1957.2373502838814	0.8399153347352794
?	149.46480920640528	-105.1022991154787	77.22718155568833	-1.3879171336952825	460.0738807059654	142.4267681739366	1129.2536938657117	-3717.695660135806	8.8034448037357
?	135.66372797996274	-360.34093944315094	68.05179298877486	-268.36951803280806	565.0441659841489	5694.602843913154	1121.0340364149781	6666.609870291902	4.80943220418433
?	131.44776223424773	586.3727690161052	63.808705654047934	71.25329171076346	744.8040229016231	571.3388586621865	1462.5841873803067	5845.493955643411	-1.0317855006041246
?	164.982366430768	639.0840996541745	71.61445757431304	241.14164310335346	593.6111089172582	-8226.906666270304	1413.3087341971486	-6526.099636216201	0.10887729694063006
?	163.40196721695645	48.6972830225596	75.8657878092156	110.15158892828357	333.4586895881079	-4946.3927636005965	1136.2792055694968	-2523.221335694145	14.213162744950353
?	167.41723058189598	38.6198148524198	77.12203702072722	-3.18231799183138	346.29147073722817	2979.72198933759	1287.1476674124413	-3212.0367539458125	12.989097360372156
?	165.33295795957744	-14.27518351767104	75.70667190962404	-85.86191024039884	482.44478905498755	3220.8683964295456	975.677367872206	-8074.170055650267	14.293220493740241
?	166.70347140601243	33.486030138583345	72.82894150870727	-51.09753603961134	507.3348905587056	593.9320471180446	883.4391646299275	-1397.6648685330827	18.458906182101575
?	167.0072594665066	-287.5246543001672	73.15179510764347	-46.0797441931049	512.1413914108898	1469.7382590508298	905.7941244455518	-248.69627839509326	22.44692147814575
?	152.32723869100406	-811.375744306532	70.52495429905203	-143.76852174165424	580.8218035112471	2460.3350971191594	871.0043507101728	6395.463845079122	8.860250697493504
?	126.43847225117997	-721.740214032824	65.96336902056075	-84.29045587017662	635.1581462668479	-179.47946740880053	1225.5673166995082	14749.484580371434	3.7727592284428133
?	116.24022798936282	-2548.769445023597	66.31043150554319	55.62849132864154	571.8478301408071	7341.840259174799	1608.4785797287452	16752.070123654466	2.7157541838948287
?	-1	-2344.804559787254	68.74479358699283	25.41524175056535	1002.2501592255882	9834.779863310343	2063.170822882232	7361.011257310845	0.9516043306312687
?	-1	2954.0878615733277	67.58119359307146	31.923569485391326	1063.5868233063247	-11744.223065463892	1976.5291425942878	-3005.5020959303097	-0.12821464055709106
?	146.7043930786662	2778.335132143175	70.34097206126239	25.625176426429142	415.0390059523944	-14659.609714376464	1912.895718085717	-13410.437969593479	3.203519103822818
?	137.91675660715887	-153.30138486511188	68.86245241439292	8.138659819178422	330.6063375875009	-931.1139147275609	1306.0072441146133	-2297.4329544596303	14.691343038547478
?	139.03932383541058	-86.41360236131838	70.74790505222131	-15.441252681272587	368.4833102160163	-370.55726382867726	1798.0240703627353	2791.564447513731	12.526499171854468
?	133.59607648909295	-265.6677183071165	68.09038978032929	-151.04183106956484	312.078474396067	-1466.1300939230168	1445.5854664903	-10579.649127765628	11.679890799256466
?	125.75593792005475	-259.624031107951	63.195813498743064	-67.85097809757752	295.1768055198654	-1555.9881582720548	1269.0416139744534	9425.198824182495	10.546565585554326
?	120.61487493369539	-180.80079317460314	64.69784087545041	34.20668986467885	234.2790664824642	-939.0187787218836	1916.845407699425	6763.1802438087725	9.784093105190514
?	116.71589826132458	-196.0230525338788	64.90614799197701	-88.26039930813926	248.2258665837712	4738.71747273128	1607.2006261648924	-5430.75249253709	11.821485787059865
?	110.81372230700144	203.82716044639335	60.28482091004344	90.62147425758175	471.2149401190284	3640.65267726511	1645.3077830725704	1935.1865097566479	13.448794529731684
?	126.90725628364426	466.9364967421511	69.4372217048561	269.48447576633487	430.25850044702685	1671.1083969397232	1703.9599516527248	-520.9484964578764	6.76726364553827
?	134.16054714410902	336.2149188376833	73.7590446983602	72.16567136498348	554.7703599660147	3907.722619248391	1619.2603582496765	-3199.3654922316155	10.517023098535825
?	143.71800222552844	316.51679458159464	73.04550527310528	-32.382435859442154	625.6446314094466	1275.8742674660368	1543.991677041144	1193.2188267402114	11.48197137337736
?	149.98638687318876	-242.3950549982883	72.13992290538809	-15.758451617521118	618.5640733393166	-2109.714528323139	1678.9212995866872	7633.903472701343	12.202182669951354
?	131.598249475614	-698.1878553603965	72.25758269222922	-69.54763034500581	520.1589049932895	-4951.716521398871	1925.6868506762114	8821.039804590115	7.400247407885582
?	115.07699410516891	-328.10256195103193	68.6625413881378	-103.24960355990774	370.9782472693728	-4033.405645836943	2119.9732898161933	-552.8907951724018	10.139933147930083
?	115.1931213780624	42.108527922243546	67.09510251423383	-168.85719062023384	318.4886227014422	1942.6747185657932	1898.0423109175913	-4127.466148172094	9.732955051110917
?	117.18242050128109	68.9285312795584	60.2196818571261	-106.36415131926104	468.11198319766254	341.27659316429316	1913.5999824075884	2655.833971646614	3.9559828551586174
?	118.63954794204032	-58.29816489509023	61.77689494827077	-6.172395181119862	335.55245235965685	-3658.595048801757	2030.834009499922	-10921.518078643989	9.222452285438676
?	114.26751225652657	250.62533192108452	59.911062098070104	218.80075488952082	285.18223075757453	2797.757308052006	1367.5240784753885	-4921.253807988901	-1
?	131.17081453809456	128.70011291360203	72.71693269274682	222.21224283681843	475.4403177622573	4778.753514026239	1784.7713191004768	399.27460041431425	4.24050471420294
?	120.70251790220668	-155.1433890123101	71.02167423991104	-64.08224107300094	524.1199064588867	-3780.687023463763	1387.4878084961042	-12118.215427346657	7.390931631573144
?	123.41364508747908	182.32791959769352	69.51282063909679	10.477814345707694	286.4059665890698	-3028.62278266813	1178.8605477331462	-6806.950165760406	14.884937654862068
?	129.81891388209132	76.13515991629753	71.54556495719642	85.82565218710927	372.68876732548074	5111.780085987112	1047.1403002080851	-5574.349768537574	11.715452028864204
?	127.22040308329395	-95.02843665076858	73.80410324845224	37.826002758680055	541.9949708884245	3806.547347556859	900.1430593062685	-2688.526329083598	17.423947278207883
?	125.06749204955291	-274.57895587563127	73.43686509513042	-78.61209469002603	563.016134703323	-27.014964088471157	912.7139837539057	1134.3452656055747	18.60246015538822
?	113.49145528951243	124.13045222004898	69.87349851395095	-308.2625725528981	540.644222684001	-556.3360755098184	956.860322586547	6570.466512227223	5.712762822589459
?	131.27401466055534	281.05562183997466	58.02373646748556	-199.46278754603128	535.1993309278322	2009.559943900604	1241.2373093652657	13986.26766954972	-1
?	127.54423638151111	-2645.480293211116	59.90035913664942	-9.36094090298784	641.1222198790308	3133.1970905915996	1656.1737060640305	7297.75758864313	-1
?	-1	-2570.8847276302313	57.55568942233617	-148.05833594504176	691.8591854574116	99.37545537226505	1606.1251887974208	-6115.876790652905	-1
?	-1	0	52.49744233939736	-124.23902972719192	646.090992647644	-3370.41486159003	1350.3798665313864	-1663.7411280894698	-1
?	-1	2505.5590772203736	51.3437379359766	329.8569601074452	523.3384423779107	-3620.3352036376136	1522.9381323929476	-6070.607657575983	-1
?	124.27795386101823	2841.298596552638	68.99029034476956	494.43833581764085	465.074232465764	-2271.379172644936	1046.8494836525883	-11550.35029670084	5.809658521199545
?	141.0649298276314	293.66548607900245	76.06565472685855	-270.5447272746211	409.76948374566433	-1345.9734887065977	945.4206175579077	8852.637845981466	9.265883468243173
?	138.9612281649683	-25.47621296163138	55.463053981038556	-498.2023697724174	397.77555803043435	1090.067066896169	1489.48137595166	12710.339655863945	-1
?	139.79111917954984	344.4497550523904	51.15553623823777	331.079174902755	464.2728370904726	1619.8288460407662	1580.9376003511027	-7787.404872098	-1
?	156.18371591758776	240.77332659183327	72.01701272617625	505.01240009227683	478.7670003324724	-1046.7007585851197	1100.1111323467615	-7047.391009298306	6.110839712106396
?	151.82978550914146	-201.21436231930844	76.40615624285152	-116.62472502146484	411.9377991612168	-460.8056425816374	1228.5680498861886	13102.811338107163	11.672417146870995
?	146.12299780162238	-3056.59571018284	66.18577647510303	-232.46850184229768	455.7267182033906	6972.140653756995	1755.2516992521173	9862.693555909917	4.291137550834039
?	-1	-167.5370984403054	64.78273115073668	16.65476838895933	760.5448318490653	1719.7401082559422	1721.7027276816827	-686.5984353044338	-3.108678581151724
?	137.74614287960713	2989.3509491742207	67.01851489455099	192.00801255882124	541.7137236161874	-7411.242979534344	1720.9217774868957	2186.5608323505544	2.1799710080705332
?	148.4675474587105	212.29124868366304	74.38313177867771	148.44767077690474	389.9826828723494	-2638.79571019234	1831.03076929921	3176.4386275502625	12.283859082618232
?	148.36070531379025	32.937738291041796	74.4408984333962	-3.277250402804566	409.7739381065709	-134.55279566586162	1879.7437088644083	4865.389752430355	15.97411921399179
?	150.11443437326258	-44.35072064913429	74.21926925853748	-3.8181355432348734	383.25504308905636	-415.2375149733044	2074.300256920727	968.2697875513065	16.135758997708642
?	146.14316928133354	-326.8688077481073	74.24999165623446	-25.9504743326057	389.01206235790573	160.80436706096464	1928.1571982419734	-2827.663272426881	15.416612867900554
?	133.77099398585727	-422.6106279565588	72.9217455419072	-254.13904804907722	391.29526144210456	1481.807912203122	1932.9170932993834	-8813.335734731681	10.389761748571939
?	125.01263788350568	-82.36853461042104	61.54303925378064	-292.8490861041843	463.1024579680616	2423.296134755446	1487.490411505391	-2101.4687420824457	1.5396380864977208
?	129.65256725533624	-2520.2527576701223	58.279291236698036	-32.0153277067858	512.4600681798764	558.6258298088907	1827.8436561952615	7922.613866145394	-1
?	-1	-78.70982748215909	59.94227286844136	-32.97539291176432	491.033749458506	248.16788339400406	1883.6211048126593	127.5049062542762	-1
?	125.7170758812283	2598.682133398224	56.630521591109826	-33.10697821175223	524.8684623495766	14.532952561900226	1834.2189015079753	-8248.526566133185	-1
?	128.93410666991073	71.42087019091659	58.28692395785375	113.78597740599443	491.760397086601	2019.681009830504	1471.1947765060015	-10501.960569569594	-1
?	129.2881193907741	-159.8394007204172	62.31982046140953	187.3331659382003	625.8525128411014	3781.2125305848836	1309.1208730294975	-2192.1978956779717	1.164931543704588
?	120.9421366338899	-17.623554631124485	67.65358225476373	244.11740748935716	680.8210236158445	2350.5779659041755	1361.5848817221033	3092.1382656678925	0.5543008851653155
?	128.4069416592179	160.37882454124997	74.52569083587734	123.11790394427634	743.3814111363098	1463.468948834255	1463.7277863128916	1532.5033728886829	3.5936879129323813
?	128.96107786095237	-186.24507006603588	73.80947745197753	-39.67728616763665	753.994471057557	219.43419568357817	1438.2100503665372	-858.898932920359	7.114284942467046
?	119.09468815591613	-272.6040549128852	72.54182652749552	-54.01441075910687	754.3531209204887	-221.97499915934338	1420.7828396668738	-567.3774834098979	10.953920239836526
?	115.33087511530816	-113.78957047014251	71.1087569140222	-53.75070764988484	742.8957210995899	-599.8477207739164	1409.8411761960424	-214.79479621425148	12.389138952302051
?	113.40520963240903	-33.65140644143634	69.85429114500128	-33.80112319157957	724.360734881793	-1673.2610962007461	1410.0430998561612	1204.4867775375676	11.157521401449404
?	113.64830479323635	13.246276651909216	69.41870075444322	-48.891762630916446	659.2326662895529	-3554.954177435026	1470.0655150729206	4003.515807486679	12.052767932663778
?	114.06752346500448	-2292.966095864735	67.40970301345547	-85.69794833097434	546.6130260100423	5057.164070374644	1610.2188902304945	7549.099120644409	5.3835679268071015
?	-1	-2301.3504693000978	65.13380333789452	-46.55819666886787	912.0908698082842	6000.647608754067	1847.5204711051397	3105.4182100203907	-0.824057303997669
?	-1	0	65.08179318001209	71.39504240381766	846.6454064477446	-3226.961824414982	1765.4898007315135	-2722.494711938571	-1.2788562541846837
?	-1	2953.8806227123982	68.70355545808539	174.1260205720335	750.7427785875357	-8996.71635637321	1711.3957355082116	-2182.113780291005	1.3881236061469493
?	146.69403113561938	2838.3168407541016	73.78809420861373	-2.2805029725290717	396.8095886290857	-8124.123967877192	1656.3841117169636	-644.4152212539689	9.139869535720319
?	140.91584203770458	-197.20507152627718	68.58953030945894	-172.99601346494802	344.53658019367754	-1170.43772974123	1679.1749744455133	1263.785844553363	6.719333413857574
?	136.83377755930556	-13.369338173932354	65.13829353536636	-41.83020205167495	338.2877021420244	-827.8208476856942	1719.5734039446315	3297.2643484621067	6.289979378273265
?	140.24737512900796	90.40084095304427	66.4980202068752	42.032513299386814	303.145537809393	-374.429571362456	1844.038191868618	8129.501854311404	9.952906536038329
?	141.35381960695776	-62.52985588125704	67.23991920033569	-8.269629214434561	319.56622357390165	668.1182195436555	2126.0484966602003	-146.5126072006529	8.588815834786058
?	137.12088233494512	-205.10089707354854	66.08453874615347	-46.17232755461958	336.55144878657563	146.84752445562646	1836.7125615085854	-4133.552486924128	9.103693700508744
?	131.09877475328037	-335.0819900868732	64.93130282260472	-67.2822329168461	326.90859979668295	1083.90747877009	1919.3708723139946	-15546.528482545405	9.868853265255202
?	120.36678283060152	-122.09699315821966	62.72042710031118	103.44127045287857	390.74682272507994	2272.150185828872	1059.386137381318	-4771.573987906862	5.699957113314434
?	124.9939250953694	-9.962524714044356	70.10336634524863	255.88055990926298	440.51610908812614	986.7520884574857	1680.7921729186523	9902.285202456877	3.706761699181565
?	119.8686565948993	-193.24307013848068	75.51445509577428	131.1462953280456	440.08442714795405	270.0258231444705	1554.50039750416	-4459.948436496649	11.164759854928517
?	115.3317715884454	-140.70160249707834	76.66068111165089	26.921556572403727	454.0174002453496	102.69404208625966	1457.7947510938207	-3113.281342274551	16.053496043052142
?	112.83357647004541	-70.85365520079901	76.86053292439446	-23.550064668355702	445.219129252267	-270.17907835545185	1398.836330390433	-1425.8994226324153	22.43459712235069
?	111.78908882840547	-48.412943851260934	75.4831778782331	-65.75634896096796	440.5084463275771	-173.59518709930802	1386.4997799622001	-1355.5722141474191	20.151060083725024
?	110.41292927748238	-56.533813096831324	73.57271547634608	-74.58095518902523	436.53936989730164	-159.5495054461236	1331.0577196830623	1469.9791809907272	18.852292871859923
?	108.96239817356391	-44.38170831082901	71.75413011878186	-55.856482020790196	432.5309710552709	-872.5729495168715	1459.9987390117362	5184.7345496062735	18.144200734743453
?	108.19384386194093	157.3965773841718	70.77989137530658	-48.55199567247968	392.9107224214582	-3127.9182835280617	1590.294447163375	6334.843467330784	11.03420412285964
?	116.83222704277247	468.8073758432295	69.32653033515788	-51.81531918891257	276.1350568788684	-1870.6798581081146	1776.7409123782743	2359.372306008476	9.263584056379777
?	131.63421265410233	282.9490625878309	68.18912541586096	-70.22746099440806	299.3767295160528	252.07678725897244	1708.2630624637984	-13.790550922822199	7.172155225892365
?	130.97968017216397	-203.59437789481447	65.8151572854375	-92.71570077714888	288.738896241817	801.2457236664278	1776.0513848321332	332.24974785762817	11.130539573393511
?	121.45449375936164	16.031736967918903	63.55334037700353	214.54875915910682	339.43901569937407	1042.3110039255666	1724.8755498566798	6247.75980611348	6.263125379734257
?	131.7812670205599	39.94371081770694	76.5425952433928	152.83949421515854	340.8544464380951	1840.066953248339	2088.439375137806	4775.3595251482	10.41099024799397
?	123.45167930024698	-2655.6253404112076	71.19531508776143	-116.50082550255475	431.4423633617907	11585.67515403494	1963.643526114089	-5135.257438602548	5.751877935148567
?	-1	-2489.0335860049486	70.71755396826508	7.243974395873946	920.13820413984	9390.290520698536	1831.6765032076796	-2644.27404424298	-2.119671102342234
?	-1	0	71.55751380755513	-7.709145058639733	900.9568893967158	-663.3435954757284	1831.4298239019404	-1127.088436710455	-2.1050913325558236
?	-1	2765.3240401227004	70.3320967153331	-12.311607252171983	886.9710243660537	-7958.861164343386	1775.322081372157	2047.5430380746575	-3.5551231620057857
?	137.26620200613453	2621.6672631756146	70.94193344494653	115.75266781939816	503.01383117954794	-10240.749439288047	1933.806975805673	6625.4604415885215	1.9617511013957043
?	130.08336315878026	-185.76360489072536	76.11973010630298	92.8880794253627	374.9335524016531	-2725.9367334595872	2106.595103451582	5062.09554660541	15.499192420339025
?	127.9780217615983	-128.46671562059288	75.58633741621465	-66.89828787150215	366.71699450656905	-233.53271548205467	2186.9117531359425	-463.36032848801716	16.771352212908628
?	123.66002737775064	-125.75604149974923	72.77481571272789	-229.11782546840183	363.2569166275504	-1218.2249989518639	2083.427087027181	-16912.20303343686	13.466267217765118
?	121.69021968661086	6018.030970018471	64.1304461427946	-208.98734924288308	305.8057445589761	2174.687028802983	1341.3016014641025	-20246.708501288398	8.931092263774684
?	424.56157587867307	8402.698952802854	62.32544825058377	22.070089413846937	471.9912680676992	5649.814668846209	1071.0916619627649	100.70172478356234	5.79435852938693
?	541.8251673267521	-5927.8894978991875	65.23395061348694	112.82417899220886	588.2964780012856	1346.665415206127	1346.3366877032806	11947.84659304582	2.9108530603143383
?	128.16710098371473	-8421.263880024622	67.96665720019419	236.81784382333603	539.3245388280053	-3263.97828238207	1668.4839916150538	14269.976706754269	0.8643213006676916
?	120.76197332552248	-299.5605459146878	77.0748428046537	155.30127923011233	425.0975638821826	127.28759261513505	2059.8355230409916	-628.4397256238322	6.321822805375232
?	113.1890736879804	-251.94651298054995	75.73172116169978	-94.13994717523912	545.688918458762	3493.7543890276456	1637.0620053338623	-12690.763116303997	7.2560488496067475
?	108.16464767649502	-41.203037303966575	72.36784544589176	-61.4318919163943	599.7852833335643	-1703.5443761452148	1425.297367225794	-5125.155795711635	8.970133768321679
?	111.12892182278208	234.87866684980074	72.66012656588008	28.959254241956774	460.5116996515016	-5623.513188840495	1380.8042155482815	-421.52303454646847	6.961357447895563
?	119.90858101898502	331.5635760946288	73.8158081579896	89.01024763914452	318.60962389154054	915.6760632566442	1404.2212154984707	-4627.650765122265	13.012577183654873
?	127.70710062751346	70.49274075376982	77.11063894783729	27.891560175932668	506.29550281433364	3531.2149761451215	1149.421677292169	-8461.658101941252	12.307961841933665
?	123.4332180566735	-34.93963866217042	75.21038616678622	-322.4725321353164	495.170372698796	36.15345533186782	981.1383104014096	-785.7726283067751	14.255489724579855
?	125.96011869440494	116.52333765666909	60.98701234107153	-150.60256527991694	508.10317558092703	5569.147875669466	1110.1330458768305	17376.71066329852	4.422432859242594
?	129.25938493950693	-2539.202373888108	67.6802579027904	197.10395706522803	773.6277664822683	5609.226742944262	1849.9738435663326	16143.005377884896	-1.7853132220320518
?	-1	-114.44572960062415	70.84221019433289	142.0032171931768	788.5645127281391	-5953.387041277147	1917.2833147710724	-1341.0543104658657	-2.513372355453581
?	123.53709845947574	2491.752665083923	74.78041876244922	15.73127161275414	475.958414418412	-7163.2126281507135	1782.9211280430395	-7161.273727054698	2.438831746935688
?	123.58763325419571	14.411326591563006	71.6287737749706	58.51462960740654	430.4038813206047	494.25671898354784	1559.2196284183387	-9500.528008057429	5.644853751900752
?	124.25766478905389	-32.87395605114267	77.70615024281953	-87.63358778123435	500.6712503675893	2526.3769054426325	1307.8947276401698	235.39641601227314	13.514357745755456
?	121.94393545163858	-2505.153295781087	67.2470943859089	-319.6218372498036	556.7227265927359	4845.695119193443	1570.9894492189524	8717.164428875307	4.463082474384581
?	-1	115.48646909649007	61.72505838032941	-67.55072573517363	742.9560063272606	2486.2394391617972	1743.7529490839336	-429.28213166301856	-1
?	127.71825890646306	2466.2649864288073	63.869558099150225	289.00587708227795	681.0346985508253	-5131.684784599819	1549.5253426358015	-14949.92028563295	-0.49442852427186357
?	122.31324932143993	59.8726609090172	76.17535223444325	225.56115584988157	486.3717670972706	-3743.5945427175143	996.2569348022887	-10707.219036042667	13.700988953293779
?	130.7118919519139	-691.8169014877454	75.14761589164426	-322.0590117561152	493.8549714149502	-751.9362902555716	1014.16439083367	-2550.1238352269206	9.664142904473566
?	87.72240424705278	22.49524056215713	60.07240164663755	-339.15693928537144	448.77495258449215	-243.67614989978136	868.7507430409431	5004.769142149908	-1
?	131.83665398002177	-1774.4480849410618	58.18976892737575	-43.441784409855316	481.6711639199612	2057.513585971057	1264.4028479411645	17016.256390634528	-1
?	-1	-2656.733079600445	57.900312426144794	65.69030022782991	551.6506318830446	3813.205115720285	1719.5635625726666	9704.76738095639	-1
?	-1	0	61.474283938767236	71.72387225877867	672.3314197059748	4601.760594960918	1749.6412169889823	1672.3189261392295	-1
?	-1	0	61.486506039083714	-9.361173080465369	781.7386616310897	1986.6441590970796	1803.1795088796277	1127.4630975667646	-1
?	-1	3527.108387190337	61.00622528474397	-134.00752246563945	771.6636276608284	-548.722331366516	1806.0143718673203	-4125.1797091618355	-0.5992770579334564
?	175.35541935951622	2979.634514813875	54.786129915801766	91.86730220943919	754.302545062764	-4267.769658068072	1596.9205234215367	-8694.756143009658	-1
?	147.9817257406932	-910.8345859062698	65.59959039521591	437.95027389933733	558.2751447574256	-5291.670978079373	1371.276564716839	-4107.823565886152	1.7193995189123972
?	129.8136900642029	-308.16053730712605	76.68364361076856	32.637298654959864	489.7189961587963	1466.8298284578607	1391.5293451272298	-2780.107843572251	4.608740965872283
?	132.57369887533696	-2616.273801284067	67.2314553279639	-519.7740992072511	631.6166361803183	705.2463397929241	1232.271172538227	-4776.685461043811	4.083999552544505
?	-1	348.5630574646053	50.694938650406094	-130.46153791492233	524.9813131484424	-1130.5960230211708	1152.6950720750401	1041.839482140207	-1
?	150.00185174856716	2629.1524711704974	60.708378432217806	337.0527384710007	575.08683502926	-2861.6360070421215	1284.363146645237	863.1593614349262	2.4704828592648607
?	130.4576235585244	-711.2044363309595	67.54757557395607	-141.5418037643169	381.8995127963368	-3190.214171679495	1195.8530401467863	1134.185699242757	3.1792773324474375
?	114.44162993201931	-132.6511871260913	53.631288244001986	-176.5059997755741	415.5761264452858	3769.462815424601	1341.0724316073747	6032.678158203461	-1
?	123.82506420221986	314.52675552974483	58.72227558517739	318.50760034167035	570.3726535675662	-1851.244539557217	1497.4869480569582	-5577.381028893621	0.3347930212810346
?	130.1679677085065	90.47205153156914	69.55666826108545	287.73769366807784	323.0138994674253	-5431.501516484186	1062.2033801626947	-4323.531614978403	10.156417143866816
?	128.3486667787983	53.09495284975602	73.10916026858124	113.21135573027175	298.79757774335786	1516.3439264830718	1281.3103673080388	8896.520961503438	13.711608380699946
?	132.8227153509943	53.29055179902374	75.21723604759902	-8.490027914270145	398.8310957915786	-354.0694516065913	1507.029428237865	4544.411810267223	9.5522691138171
?	131.01319436874948	-130.6058678363981	72.68465887286773	-56.767440352076534	281.09410516302836	-2714.9182484972043	1508.5309578213992	-3693.69676713934	13.792128663039012
?	126.2924219591744	87.47294947391114	72.3788640299952	53.981004835968825	263.08518336671887	3029.9616970925326	1322.3445898808986	-3135.21187760635	17.07696195993924
?	135.38684184244502	182.0129879978837	75.38370911466616	-38.050219235839926	432.59219001765445	4103.802999585909	1351.7703639410822	765.1430503737292	10.026951893260124
?	135.39307135906856	-2727.73683684891	70.47635306820321	-244.19712813991967	468.27533334601355	3513.6687615619167	1360.601742399585	5655.976682708403	8.927468013428207
?	-1	336.4126610712913	63.17385270767022	-95.88726086342638	608.2756280957497	3273.3711316574936	1634.5691980765014	3690.4452397085192	2.0391899734099654
?	152.21370441263306	2937.439689392535	65.68199002503191	255.50893514999308	631.9438899288876	-5910.756727269317	1545.1240043850103	-6107.581252007389	4.326956195597384
?	145.87198446962623	-40.15079373881932	75.94929946516983	225.35451558675214	312.73779173228485	-4936.109616776203	1329.190135476133	-3945.45305792155	16.269189711746083
?	150.2061647256921	148.20123833169018	76.94971580436948	-9.60703384801352	385.13840909007837	3942.5251817224266	1347.8513514889335	-9779.533311490766	12.605780565428162
?	153.2820463862107	64.97579729195843	75.46894777276916	-48.345044502878125	509.8640508184055	3045.3244771039685	840.2134699015965	-6214.0716097497525	13.64857062655492
?	153.45495459029001	-367.13929939513736	74.53246357922558	-62.85104678790042	537.4046329452763	-1141.7977848998607	1037.147771001447	21294.732191392923	10.544718712159627
?	134.9250814164539	-921.0304842740482	72.32639543337415	-336.5135053824779	452.77416157341264	-1380.887223658202	1904.9500794712387	15144.452446645753	7.24510777466566
?	107.40343037658695	-162.29767098390337	57.706788310101444	-111.18234682927307	468.3602717623652	791.8967140326619	1794.3703933337454	-4624.6825536997885	-1
?	126.81019786725862	228.1518638508324	66.76727809191041	318.31132535268324	492.3689972750463	1523.424228362602	1673.715951786246	-9068.077943109727	1.895708675388845
?	118.81102356912874	-196.69497722533498	73.62235457773583	104.05480373776493	544.5314831804964	-903.791190608766	1340.9664961782526	-4604.986711432669	8.281483064698488
?	116.97544900599173	154.53631251809506	71.97001827879873	-21.718687107404524	447.17943774460736	-3569.8346290416307	1443.4666162146093	492.5803393831323	7.390889298873875
?	126.5378391950336	448.76710980027343	72.53642022236559	62.40917765273618	366.0397517284123	1935.6854332582257	1365.5955131474095	-7405.03902908294	13.623762178223902
?	139.41380449600572	396.26426959442375	75.09047716143559	59.25159287197375	543.96370940752	3680.959622404098	1073.214664760457	-7675.454339521391	13.045225174309376
?	146.35105267475507	30.280789975189602	75.49899986596432	-16.04957125638981	550.0877328486198	-1753.9290479974102	981.8227961713345	-7097.763117442527	18.466133409188917
?	140.92784399476523	-254.05353527247067	74.28799859861609	-95.05773590860947	456.26725700764825	-2706.60570374772	718.3265088883256	-3923.1100599023725	17.101733116715916
?	133.64837591113135	-366.03114228669386	70.74611307053378	-181.56876033697327	414.7574476612319	-339.5840369280526	785.6672931762131	3181.7477487671595	14.301893436246132
?	122.62628688043027	2292.9149756949732	65.20956058176729	-288.99485916751377	439.2880551612454	1806.3212556306694	877.4138963266859	6563.481736921317	4.238493167797379
?	248.29412469588164	2413.123245078109	56.29637011215789	-202.2071524231289	505.07351044276663	387.2903078268702	1113.8413800222836	7908.215719101612	-1
?	243.28244913433744	-2842.113496169115	55.099202960610704	70.565442777997	458.65257055258917	-1111.9470330949755	1272.824682281772	1568.8983059268962	-1
?	106.18844988742386	-2342.9027069868557	59.82464225105779	145.08037782948398	449.4761587880171	-1079.6814434842163	1192.2862953186295	-3351.247736655239	-1
?	126.137313784993	281.0606295271097	62.35322185208501	69.35310017617981	404.6684983783776	-4498.560222701647	1105.2622954490078	-1556.9643726889678	9.237322076048242
?	120.24148136377954	158.6255393682197	63.29229725986683	102.15137511027433	224.54814765293153	1045.537976640718	1114.43807668418	9057.919324221992	14.1669761597359
?	134.0685907534041	943.8797407502383	67.4607906075988	223.47294572824262	456.9453972104142	2550.245211226765	1558.1582616601138	-729.2265629739164	5.104187856897907
?	167.43546840129213	608.9736175913469	74.46594454627912	74.27317693537768	352.0604082142716	-595.5802096427733	1077.9767485354837	-34.152115972346536	14.927974943836091
?	164.51727163297187	-42.222797877421925	71.17444945436773	55.14717440016888	427.16638672827514	2037.2491476954094	1556.4506558614964	9462.313615911	11.405180771091885
?	165.324328507421	-125.53754563215753	77.2233032662876	35.71957671008341	453.9228655990435	1226.9614939877586	1551.0924293310404	5305.851022843296	9.531516917711384
?	158.2403943513639	-3326.4865701483727	72.96042828987193	-337.1169824074615	488.51446142766395	4117.906161094542	1821.743207003665	5382.861835740829	10.442572582662656
?	-1	5789.919996932522	60.36745414591429	-365.1409073067898	659.8181736537736	350.3858898987819	1820.2355211180857	1040.0043900638082	-2.143962428646132
?	447.7363941979941	0	54.70338292453218	-68.90760749129656	506.0337559226033	-1238.4872467565294	1873.7434265068562	-968.5517080371754	-1
?	-1	-7423.994713003863	56.92207377134941	132.19724229553887	597.8938113159462	1497.8089056111562	1771.8079357162262	333.8521308974121	-1
?	76.5366585477957	1564.6807506892678	61.313245039309216	139.58611491486977	580.9242012031622	-5057.199519462903	1890.436033051727	-136.53931946880027	-0.10357381694496842
?	77.2340375344645	1281.808841501409	63.901379517093	96.89575015516614	345.0338353427975	-4756.610453995491	1764.980969742786	-3655.999433941586	5.434350771819958
?	140.62710062286706	1992.7663547427705	66.15803254706759	133.88108001542201	343.09367850338424	654.5542209816163	1707.636061354645	-9872.02220140387	8.192827955348898
?	176.87235527160445	161.17775979676932	70.5954335178642	-42.25152112433019	377.76154639187877	4405.4946975255925	1271.3798596725856	-13439.757878718101	11.241284142061795
?	148.68598861270564	-926.0990666571603	64.04545649085105	13.814052241952568	563.368413379667	3658.9082019354682	1035.6481674187305	-2743.31812365737	3.025502287831614
?	130.56740193874577	-570.1050372940101	71.28613612996183	116.73084137906106	560.7069564886548	-1609.381696235067	1134.213953489715	8183.192325914676	8.327051046211295
?	120.18073674800473	-88.66191330631254	69.88199855980419	-33.74662767053716	482.8993285679125	-5140.810095009399	1444.8077837144701	4399.785246732982	8.15647616825402
?	126.13430627343008	301.7826171185598	69.59880474643495	38.96001411820721	303.66645173818114	224.14665963246102	1354.2032158263673	-3650.8827404218873	12.244012077542425
?	135.26986760393294	295.52672469765247	71.82999926571458	69.68938849418734	494.1066615495357	4596.732881473835	1262.2636466933732	-8060.434757259758	9.995692776799489
?	140.91064250831292	288.98528374076466	73.08327417114437	49.078414481235924	533.5030958118762	1740.6838401254438	951.1814779633737	-11390.375439603806	13.78912182549737
?	149.71913179097137	111.83227191899573	74.28391998977641	-28.989518496153025	581.1408535558091	1857.529866697906	692.7448747131748	-1267.2405964523389	10.259870979805466
?	146.50225610426278	616.601077220382	71.6337982463367	-275.2717588146248	626.3795891467728	-309.15985783459763	887.8194481407559	17072.603537359017	7.8838129491994025
?	180.5491856519909	700.49970449244	60.520332049044974	-223.57884955636246	565.682860664079	-91.46821089700423	1546.3750515811378	15270.012603794787	-1
?	181.52724132888528	-3630.983713039767	60.454855768518414	-85.89432148302399	621.8061786019225	1525.767631499349	1651.320078330506	3175.0032051775593	4.113918279138701
?	-1	-3650.5448265776536	56.225615974893714	-89.11503069465171	641.9712422390476	-638.6334971190058	1705.125211840018	-2511.8327786838618	-1
?	-1	19.999999999999716	55.999104233785765	-1124.5123194978582	589.8745037459718	-12839.42484478077	1525.7284393963112	-34102.504236799876	-1
