rowLabel	avP	dP	avI	dI	f1	dF1	f2	dF2	h
?	84.48254223136132	-20	57.94416446493728	1018.8031099744433	504.5233997971757	14357.571403995109	1298.6212790298332	31907.93367962252	5.0668248887518335
?	-1	-1709.6508446272264	50.94015549872216	-83.59984025566789	717.8785701997555	5083.88923550002	1595.3966839811262	4100.112828139213	-1
?	-1	1706.0714681924458	53.764172452153886	305.9770047776623	758.7178615721767	-3546.713701934326	1503.6269204367939	-5052.636500319275	-1
?	84.30357340962232	1609.0725526682036	66.23900573760528	261.6883611013356	540.5428851030391	-6095.054303250837	1342.7648589651624	-992.3040265656757	7.3147142943747765
?	79.45362763341016	-160.46804992610706	66.84859050722066	-198.6210289669892	453.96514640963494	-2119.6785185837853	1454.01171910851	4025.9094971549584	10.568738649638869
?	76.28017091331697	-1609.0725526682036	56.307954289255825	-174.07610053447416	434.55895917384987	6073.985179500782	1544.0603338229103	1337.7055504004604	1.692497854394793
?	-1	7236.185048597648	58.14478548049696	269.7762468056765	757.664405384674	766.1388216922991	1520.896996628533	-2290.275825022491	3.294725832462496
?	438.0894233431993	8654.330524530446	69.79676662953965	-111.45846926011646	472.8659002584648	-5649.589371592756	1429.5465425717857	-1822.626913521554	4.444581541147471
?	431.71652622652215	-8781.788466863989	52.571862017491135	-117.18639021300166	475.1849368050362	4149.150126986048	1429.7656509524554	-2181.012859700841	-1
?	-1	-8654.330524530446	63.937447118889565	152.32062622277456	680.3234066077672	10490.767487622526	1320.4958995867437	654.9436448147936	-0.11579783334190807
?	-1	0	60.18789332862986	-234.2478417069014	999.7233111861625	3660.4817717175583	1462.512833193195	6099.566915703066	-1
?	-1	0	52.225055033544486	-107.39354338100317	863.3474951936453	-3788.295988887934	1625.4742453718973	8963.609161676352	-1
?	-1	0	54.8182161595797	251.16128922751292	810.3085117417656	-6564.282674121151	1910.693291277013	895.0915425179065	-1
?	-1	1530.8158860880662	64.78311949492014	197.24649170643542	535.1333614875874	-1499.6948044846577	1670.2288224977926	-10520.503955199678	3.387421587078915
?	75.54079430440338	1541.731396408306	64.68054074490148	86.42114153863467	735.3237715175327	1212.5196341880053	1384.6680935170286	-4159.2715414027825	-4.890862843021141
?	76.08656982041536	-1530.8158860880662	69.10417657185188	-209.5475400170944	595.7593431969877	-3118.911977686441	1462.2652454276533	451.9275795313793	-1.3758545165753027
?	-1	5189.110103789652	54.20316374404675	-71.46958891387038	579.3781726332105	-4237.590991190451	1407.2644724935976	6499.364256540261	-1
?	335.5420750098982	6657.656580242286	65.53069712615836	-10.395102914006165	383.879793637465	-3248.2678652454974	1787.2334582546666	5919.762363992476	4.713892331667475
?	331.8828290121146	-6730.841500197958	53.68340859834644	-179.868458081212	416.9647793709355	6856.193891999602	1703.2525906932217	-3350.712508267517	4.454478661287849
?	-1	-6657.656580242301	56.53727422209775	360.26758493645195	726.6894882374454	3858.794119435202	1619.6978328412906	-1366.0919086014355	1.3311328858129987
?	-1	2021.353057010826	71.69678784516901	369.49461750977343	609.9044853426954	-532.7572945397487	1634.94799526315	-8621.651033765726	4.1578650760370035
?	100.06765285054139	2395.1060586746476	75.01200509758644	-60.411983936257	700.051623510458	-2195.7793208944604	1188.615281153004	-3291.8493038102197	6.6712574407585326
?	118.7553029337325	625.5920199026085	68.67618864835616	-332.8286610639907	500.11551929797224	-5659.249820862803	1470.3555300726389	9283.312845461705	7.488653196369521
?	131.34725384567184	-2395.1060586746476	58.37057204438689	-428.92827973275365	417.08913246731754	11.990050038028802	1652.7809234260897	621.5486338592831	16.409067721473477
?	-1	-2646.9450769134346	47.22977466171846	-314.49560406988684	500.7150217998737	7132.669978774717	1501.432961765603	-2791.621591353603	-1
?	-1	0	42.645791840892535	16.92801503865836	773.7226314060537	4651.286864229903	1513.1998438584094	3273.8601750720018	-1
?	-1	2016.7174661176277	48.07617541365138	706.8362384136703	733.279365011369	-6032.487664920652	1665.1259705192033	2515.6335872018803	-1
?	99.83587330588148	2144.328620677614	77.98760376157608	623.6596317155947	472.09824816002083	-5964.5196003227175	1638.9815232185035	-1252.4405790532944	7.369688577518477
?	106.2164310338808	556.5700526324904	79.25915699943114	-6.028106452041294	435.0533849952329	-427.692182777699	1602.5039415665385	-5706.435710350169	14.667701648568135
?	127.66437593750602	1192.87950245702	77.68619843897402	-38.368702525270315	450.71363902113586	463.2057284798471	1353.6597377009948	-11261.888305116103	8.183055248736103
?	165.86040615673184	971.0292457924868	77.34072187316762	-25.353327863873268	458.21367141922525	-32.4584397744172	1039.4095263107329	-4866.766898582832	11.998347410965271
?	176.2158382271304	-93.87594840936279	76.41853204578035	-300.22052814825116	449.090717032415	1529.05003128782	1110.321392771853	9867.217875134225	18.31479965197599
?	161.1666087362637	-3544.316764542605	62.32969546575505	-476.39779164724246	534.6661729836163	4220.849665536528	1532.7704200674445	10154.836277560344	9.556181921976757
?	-1	-2.8652475105690174	52.59864246341821	-114.28646206254574	660.1332003092416	3422.058725090191	1618.0632066498706	2047.7503573401991	-1
?	161.02334636073525	3108.3430400104517	56.61537236262776	396.7372877197088	705.769109238126	1539.8036419511582	1635.1579379344546	-1865.445659828036	-3.185742805191146
?	154.41715200052272	-217.08790844421495	72.43550684940367	303.4020157458416	737.1233824067996	-855.5833608104664	1524.7909236584687	-621.9201413372724	10.93332655295924
?	150.1689509385245	-241.2305113708212	71.78547314991985	-208.52450245160819	662.9899411976027	-4769.024907320731	1604.061930867591	2294.4140760609507	14.956335115637188
?	142.35562643198165	-302.39378022939974	62.00928172682325	-86.89001048651555	498.67213704076283	-4489.0738321624385	1639.5116274615164	720.5799958072332	11.748696153247286
?	135.0492619270545	-280.28080373414275	67.44097262559407	76.86701143040516	438.5362495894805	-599.4980413047966	1640.0909306579526	-494.7616435062987	11.650887493074297
?	128.3415862452745	-2720.9852385410995	65.85263229834351	-347.3210864893643	468.697234975523	4474.765436374151	1614.7735452862014	96.91566846373041	9.181885291871698
?	-1	-2586.831724905499	50.07491830112592	-136.2187928033959	662.2745214081873	2230.145563255852	1644.9367140811391	-1659.448378801409	-1
?	-1	2427.0611927690843	59.04169265817374	461.8117949144976	580.2045131383152	-3475.4291586854843	1531.8011263461312	1121.1401994210605	-5.210092326113402
?	120.35305963845379	2255.1049937670273	73.16550804685072	-116.97382432121613	488.5030634739137	-2870.2758207452803	1700.993724052192	3505.965732776775	4.955924932698825
?	111.75524968835096	-2427.0611927690843	53.19300144211295	-590.473331572317	436.6907221010517	1195.6833606834264	1707.0994129849694	-694.7464592417034	4.710451219308114
?	-1	-186.09389233905554	43.64184146823497	349.10769781190476	548.2872315080848	4044.5994023397357	1666.256401090107	-4015.418205512147	-1
?	102.45055507139821	1930.1848585690643	70.64838633270813	550.6838603858344	638.9206922180377	1972.2159891150025	1506.3285027093627	-2084.0510215661634	3.343610132749193
?	95.50924292845288	-204.29605754754692	71.1760344875266	-157.01197645403084	646.8980309638346	-4374.547861156253	1562.053850011799	5703.132023913315	8.759217788321768
?	92.2357521940209	-73.35308808664505	62.797787510006614	-127.38455133752541	420.1932991602259	-5350.001372308973	1791.4851039050275	7492.51756431553	3.660565536307396
?	91.84158852412064	-0.26548110046860623	64.80680692065035	101.06745201001083	379.39796234838684	543.8438175365908	1936.6797282275743	-3304.7652715885515	14.317759601598004
?	92.22247813899747	138.38306989051054	67.85116011050714	64.77190683565192	447.3854900370553	2922.194521875623	1626.2468403256005	-15441.52352345785	10.742471659548873
?	98.76074201864614	465.31356391177945	68.04540226243293	4.800357724714405	525.5076884421675	1207.2787073116476	1164.6035520546845	-13287.180343343583	5.896961621174723
?	115.48815633458636	557.557854082099	68.09117799674286	22.630735998396656	507.7494254026375	-1679.9562416650533	961.8878231584237	-4844.90226230669	9.363977252138843
?	126.638634722751	410.0930620627188	69.17693906235276	14.036174940848461	441.5098763589151	-1028.6391426137052	922.3584389393509	526.1774532599175	15.44547991619443
?	135.99280943772223	171.98535236083902	68.79298674378528	-165.82134185631833	456.3174682719524	2635.524765444498	988.1966958214194	6705.483312503271	15.785905297005451
?	135.2379023407929	-2739.8561887544543	60.88587196953687	-346.91334573772036	573.2861146311395	2747.346167906847	1257.6326045645133	12157.097218929684	14.44778790753465
?	-1	6509.978013195568	51.44731945689932	-172.24056770286444	593.6847766672943	-148.75200623642112	1596.0515567679015	7523.069167317352	-1
?	460.73680300057015	2007.6799027314598	52.27384358439368	44.95118977383571	565.8485143193185	-1759.898803158457	1633.7860629303796	-2705.148202182482	-1
?	99.38399513657264	-7294.598223393875	53.6948789455911	290.73315418599185	505.68983650937173	-3812.198173193586	1460.794146658778	-7606.924559195982	-1
?	96.0068918308777	228.23127739270942	66.81050129369322	455.1612302233831	375.23860565963986	1534.3577495988993	1253.4398349705818	-4738.98709147505	16.21080551147308
?	110.79555900620807	654.4388161475908	76.45294045676017	109.77199863585791	582.4077239893164	5495.8859802860025	1223.8447920850263	4754.757068421135	4.620215066271985
?	128.72883263825713	359.36910276724814	72.2991012254861	-159.43325849893625	650.032904673939	-3369.6834902438836	1491.1776883916377	6988.904980850063	6.756268845131439
?	128.7640141445704	-131.70209477407855	68.48127753181339	-76.77060696129301	413.92354947712283	-3026.1865277799398	1573.2900411275282	-812.20199130293	8.811847624135197
?	122.14372789955323	-446.2437326910656	68.46057087742146	-92.53084026693746	498.72357828494256	2591.838620332103	1450.5675888264914	-7378.240291801543	10.925247529993726
?	106.45182751001721	-538.8088979476395	63.85473551846653	-211.53702757812684	543.5154804937275	1591.183107627005	1204.3780265374523	-5628.942498428739	7.147874795556824
?	95.20328300217135	-148.5600954860635	57.883719498515156	-9.589069077997612	578.2827336662925	-670.5556300692514	1169.1204639050554	-269.2069709494045	-1
?	99.02382273571406	15.83827240722718	63.375282064566655	109.41983900733045	509.9876989902651	-2353.9141169399823	1190.9176779899822	3494.4919201069283	12.189862324014586
?	95.9951966225327	-165.30063000332834	63.35471144888166	-110.82644956879759	460.58702781929384	-1438.9523864424511	1343.8450599104012	5332.500587437895	14.154345894843686
?	90.75879123554768	-102.81115459341586	57.833959586126795	-226.43776810374015	438.04007966814277	643.3915033082678	1457.542707361876	3807.2729579939005	-1
?	90.85463889286193	-24.396144807940715	52.03282304369469	58.96054597200183	492.7566029847071	-493.1841141134118	1534.2087078100956	-2018.0286858217396	-1
?	89.53898399515065	-147.14638918293468	60.78198688472688	170.79111606602896	413.38087396247226	-1999.0196653838157	1356.6412730707893	-5406.745299528885	-1
?	83.49731943371522	-214.42668775618975	60.57237884699611	11.708980631587208	392.8056197155167	713.8961753393292	1263.8714428336523	-4357.284091701237	-1
?	78.8176496073412	-118.48493429429297	61.367435916306235	82.28284422460563	449.0756827294386	2469.7065482666594	1138.7770684857283	-7367.765705907167	-1
?	77.57307271900059	100.54548028353487	64.68652105822638	17.80796127001401	516.2909471288492	80.32635939356766	895.4831575382953	-5104.943117487692	12.11232775682968
?	83.84492362151792	517.6039750240961	62.25783397980693	-16.25087703304635	453.09200069911697	-1063.4854686652845	883.5299126113446	415.77064523104957	10.661318531549158
?	103.45327147020531	693.2073070186464	63.87397720657406	-49.46401818638666	463.1166736955852	-436.6967298561239	916.2716897998477	1074.3188269601858	7.649692601920455
?	118.50528897245012	-2089.0654294041137	59.78463307048761	-326.2809188604854	431.25716420631085	-234.7136035315074	937.2458539593537	2955.0121025968374	10.922436588475172
?	-1	-2390.1057794490107	47.55993126354985	-164.84251559165077	451.38099351900985	6426.02828070214	1064.022294929689	12303.876766759418	-1
?	-1	0	51.5425072909051	204.92085224305913	752.5585782414167	6010.842085141715	1552.4396922973224	14111.33241905583	-1
?	-1	2805.3914840511884	57.80597387570277	494.61756422936776	751.9230977760946	-5381.340520028793	1769.588915882478	848.5356573208841	-1
?	139.2695742025589	2669.9677286810606	76.2733855023734	35.768803410563365	483.49155223997803	-6369.647459034759	1594.8664751633664	-3688.6191817627464	10.486963135767862
?	132.49838643405255	-2805.3914840511884	59.59441404623093	-427.1798140712746	433.44072482435774	2011.7164623820318	1585.1579567943413	-2439.4777144944005	6.182883864794718
?	-1	-684.727140449189	54.914394798809745	357.7146965060527	584.0773753590793	4695.407856176278	1472.8925894386468	-3646.434417846239	-1
?	98.26202941159322	1948.5663340930646	77.4801488715335	229.57065070586975	668.2111176331708	2053.2857026510037	1402.83623590203	-3224.5319493989086	3.121277042381648
?	96.42831670465289	-1985.2405882318715	66.39292733410319	-540.8907500225884	686.7416604916291	1149.801319793141	1311.665991968702	2216.7289142494687	5.546080972627291
?	-1	-1948.5663340930646	50.43561137040418	-370.2358172169983	725.7011836228277	2186.3664562490667	1513.672681614503	5424.830142184547	-1
?	-1	2038.8621903595501	47.88113647325334	108.57974088518229	796.059983304082	-1148.904536019822	1582.9074990779284	2498.1602452080506	-1
?	100.94310951797715	2043.6149950584409	55.86459841466328	462.446642541396	668.2559568218368	-6687.492192188288	1638.5806938749051	2613.218134449776	4.281853204207398
?	101.18074975292168	218.82474980913193	71.00346860032306	311.5822349218575	461.68537369466884	-3985.2428204800485	1713.5684058004167	-4473.02138793236	18.74433887049242
?	111.8843470084337	579.8923634382269	71.4437101607561	-30.828824694735427	468.99381579783505	84.50772322819178	1414.929624478288	-577.5489235178313	12.644913832977304
?	130.17536792483293	533.7751936855121	69.4620273655863	-32.15911437912479	465.9107598560784	-26.763864585952984	1684.6909596245252	6095.746796043158	13.264408746943527
?	138.57310669270922	105.66310668102383	69.83575444179986	8.882687320944772	467.6556225685374	305.5584925384539	1719.7169642804447	445.1036756874571	21.997785825464366
?	135.4585232588841	-579.9537561155595	69.90616173163353	-137.7898614517769	481.18868448300105	1596.2096732258203	1706.946143408898	-2259.179015164931	16.22954430683371
?	109.57541888693135	-961.4463698711305	62.946261369211044	-257.408458044284	547.4661062298281	1739.7200323736574	1606.7580135221986	-5826.421096289312	7.352116599928607
?	87.38620476532775	-553.871681458939	57.03573882941938	-89.95133856581819	568.1746861016836	1788.0447518915134	1415.6250885944335	-5191.32876420425	-1
?	81.8818348139845	-144.73517835313908	58.44869444092015	166.39630360166865	636.8683438244035	351.29107509306675	1347.191575311987	-1918.449479417975	7.861727878440181
?	80.14944584767082	20.806135382603163	65.35555400950278	156.07358132510512	585.7392398563369	-2285.5097608731276	1319.702614623535	148.40015244354672	9.415783941626732
?	82.92214158311465	-84.9642726766544	66.25237350717538	25.088527458997678	522.5928557807475	-1648.4578223496637	1354.6115829341643	-389.9693762055281	1.8187741292792026
?	75.90123221383811	49.110984784139085	66.60998038245266	-73.48234360292221	503.316348738854	-411.0772239657664	1300.2041458132587	-2016.7092694568992	3.212238325433687
?	85.3776908223216	-1538.0246442767677	62.57825632702928	-490.91672161209834	502.0389945824593	2677.631094719248	1253.7761194613197	1668.3536957806623	1.420499356760579
?	-1	-1727.553816446438	42.06414430184783	21.850318803693305	637.1979034748159	4483.295670630817	1383.6218306022915	-3054.051613422659	-1
?	-1	2004.7626056483646	63.67077226721394	602.8134678055427	726.2037781139993	-4174.996312135029	1101.0735387901873	-8474.725303089379	2.8517602274446063
?	99.23813028241787	1975.5814341329635	72.20481769212486	46.69039919231752	428.4480878680652	-6882.460783002852	959.8855654478241	-1455.4428537923975	5.9936971191662325
?	97.77907170664783	-55.00189853821544	66.00529222682981	48.70431864212139	382.0807389638579	573.0518495479428	1028.3013961005677	-963.8343631119221	11.046064317437361
?	96.48803535550711	12.571461903225769	74.64003362423092	108.2116393130509	457.10068034546225	2883.803124828295	911.6938472922282	-632.7044520352001	13.983707365806595
?	98.40764480180911	-48.19727313703811	71.41587419248234	-255.64290533276255	526.2708952052722	3456.267914359133	996.6661734988078	9570.89878429462	9.650470876973694
?	94.07817169865521	-1988.1528960361893	61.85788835759284	-341.77180624642466	629.9140760634183	3859.5234104801216	1390.2387865069575	12700.92272061641	2.721195904859443
?	-1	821.0629450372506	54.32728388016116	20.155896641522943	719.2470657292776	1203.2824640172382	1631.712309529626	6343.778304332927	-1
?	135.1313189505176	2679.234111563431	62.865683189668985	460.61750405170125	690.07819926428	-4296.033671223791	1707.4277017236027	93.42137324456904	-0.22364342697844927
?	132.96170557817106	-180.4266102328959	77.35815908274614	-1.2623471552055365	504.44538216808877	-5568.974299442222	1636.3833781918545	-2133.177410970187	14.751624480109475
?	126.10998843887283	-696.570258986641	62.80256583190871	-481.583655974206	411.6294842921699	-1838.0301579798183	1600.7688311750937	-222.50069659938242	9.563627799862665
?	98.13319262883914	-633.6838845253404	53.27897628403593	191.7038147519379	412.5438742690982	499.25366951785753	1625.2583433618854	-898.8500977385943	-1
?	94.42579421260592	-234.2716593026452	72.38775656950557	294.79533440226794	436.59216776806267	58.57983435830554	1555.8263262881642	-2558.6219321748513	7.392498090503355
?	86.41960966370692	-132.43408041434	68.01874300414927	-229.70889941531436	415.47286598701345	-1440.4181821734546	1497.3272467531433	-4134.223073652698	9.286150894646111
?	87.80409019188895	63.47249775800117	60.90231159873989	-80.18607697770307	364.5712586593902	-683.2522753051854	1349.11517260553	-4766.814342258566	-1
?	89.59323455160697	-67.64372928133464	64.00943915526413	44.523180737008815	381.3102522217543	642.3875720572073	1258.9865296402158	-7901.806439095727	15.474334119377005
?	84.42190372782223	-201.37627336556633	63.128470635590325	-267.55536953693036	396.69063726225045	2408.3164570528193	954.0248506507451	3255.1170053392684	15.278937305551645
?	79.52442088332869	-1708.4380745564506	50.63167067841766	-259.51589192549443	501.7260750743948	6057.015530038221	1421.7423799071787	9790.52186316432	-1
?	-1	-1610.4884176665794	50.15267603931565	156.08844859440026	699.5414137641604	7148.864826701096	1443.5509438089593	-1801.645600683666	0.48218343436537053
?	-1	2352.066810652162	58.43609310813765	449.59339496258923	859.1693164094484	-302.2493289680244	1331.6600998729957	2821.502885761789	-1
?	116.60334053260767	2288.212699827272	72.63234578744503	317.3801424265828	684.4289473157593	-7762.8624778334815	1584.6260880970483	4157.273569450677	5.7875109335273915
?	113.4106349913632	-150.00990626559766	74.30510022946673	-94.3226275795451	471.02619251777566	-5530.291713849155	1539.5237783455289	-8500.1001647285	16.15927185439003
?	109.10284521932782	-258.9127251255116	67.9162144084678	-449.8398498628405	407.9143616233025	-538.5082815109385	1159.6210798606248	-7009.435145206759	13.460736043998057
?	100.46499873508766	-2202.0569043865644	51.81310773632479	-294.1058137171605	444.10077844222883	7102.123005819333	1189.052021085192	5893.790993559872	-1
?	-1	-66.72530056863901	53.21092372260982	114.09608445444944	763.0205119142679	1195.1418870903112	1454.3106295386174	10842.502276047333	-1
?	97.12873370665572	1909.158017261497	57.51791195904724	-55.9840585150821	503.8578727967442	-7548.304910494781	1731.1771348875568	899.0576526250457	-1
?	94.45790086307451	-1962.5746741331213	50.411720796855725	-363.4249205523088	385.6052663895302	-1683.4890937460593	1499.2635121698695	-3592.4852232122375	-1
?	-1	614.0565079776472	39.346665931431865	220.1510772331485	419.6834181094415	4409.895619801203	1551.5528737269456	1872.1929224265589	-1
?	125.16072626195677	2599.902545487131	61.41927465851311	727.7102039094968	606.1000473795896	-587.0742051145587	1592.8731582911971	3866.995221974944	5.774215613770732
?	128.9951272743561	93.77157265854952	75.73217612690658	57.24371176288094	390.32970785371367	-2686.3767372364605	1744.902634825692	3715.256630011117	18.016206891248807
?	129.84930489488423	-2599.902545487131	64.28146024665715	-401.6306150103867	471.781210517767	4975.323568980292	1778.6359897917523	-1529.1169986752911	11.692382764833619
?	-1	-2616.986097897694	55.65064537638732	64.98917145035642	639.0958863027274	1353.6398670208453	1668.4467848919278	-1923.3039822421347	-1
?	-1	1946.0068256652362	67.53091881917496	175.5004344365961	539.463203868809	-2692.851619705136	1682.470790679646	612.1123675540069	1.545852748844715
?	96.30034128326146	1904.1402879510176	64.42566709821709	-60.19211129097833	504.4533053174711	-2653.434760995671	1699.052403269628	3963.3821968669467	4.0329795413437335
?	94.20701439755054	-82.24154168529454	64.52131325462605	63.66679389258559	406.791465819026	-2123.647805888605	1880.6399005229925	705.6966027144815	11.825163099926186
?	92.18826419899675	-122.56121365555872	67.60900679284636	43.548678275627296	398.27091502304125	306.5865298933192	1734.337233405352	-7919.150716675482	11.443863230730624
?	88.07895371477262	-185.30863596253462	66.69874716840741	-176.94927455104838	422.1207923136919	1499.2280672615932	1484.6823646892199	-3910.097962377236	15.3049134217079
?	82.92283240087005	5812.9881637176495	58.76154306529397	-247.23893543906715	473.23231838612065	2173.435314435548	1538.832335286491	111.41970282490132	-1
?	378.7283619006541	5407.3946480000495	54.336800396454095	60.65884329580136	530.7925580354689	-1772.9333209863496	1490.253349830465	-5518.805964904906	-1
?	353.29256480087156	-325.3261096834706	61.79448523008403	48.20340825029933	384.5856523368035	518.4875430201732	1262.8920370412466	-4802.947940243211	-1
?	362.4620564164806	-7085.851296017457	56.74697080896905	-141.15376628062742	556.7169351864775	8323.69963878468	1250.1059528183052	-1015.926761584923	-1
?	-1	-7269.241128329638	54.73679691605268	-185.37016751409547	800.7706342760359	1099.5940277305651	1212.0956989620006	1463.3771351863977	-1
?	-1	0	47.47846243326431	-190.38452514915346	611.6966365730056	-4383.997595600601	1323.2748095776249	4100.017045745541	-1
?	-1	1692.725623060257	45.217570658595044	428.3454279176648	581.5707544960067	-4309.484365338793	1417.096551249277	4752.322348567967	-1
?	83.63628115301255	1758.5050220479038	68.89573382914747	641.7055530891697	396.22241830606663	-2668.2280537831143	1560.8909270060224	517.8452877734862	3.803327503283078
?	86.92525110239488	-16.595348990417225	77.30284831305342	-9.922515826851033	448.1593518068514	6015.380864264715	1442.9888156379511	-423.40116700319106	11.860380052067836
?	82.80651370349169	-1758.5050220479038	68.39960803780492	-236.70766522207487	696.9914615193013	11464.717028746883	1539.720868655863	4897.38068517663	1.3504556355600776
?	-1	-1676.1302740698397	65.46746505194972	-60.74174894505454	1021.3952032441936	2282.3156918056534	1687.8578498967818	-1710.7349406282508	-1.1960820884463685
?	-1	2868.5471906446833	65.36252059055221	266.8419216482151	811.1072461095836	-9572.65177946952	1454.1841216244507	-11008.261506356434	-1
?	142.42735953223365	3043.6231507734456	78.80956113436042	151.8195281261279	542.7626142707193	-4653.608806674084	1137.444774578962	-1789.8902116985319	7.107123094046163
?	151.18115753867173	-198.81227661767255	72.95349699685858	-454.8004479420236	578.4268057758802	-1809.9835684375428	1364.6896110395244	9911.923183006715	12.675839208979287
?	132.48674570135006	-495.4661738773277	56.06953873725932	-238.09664758070156	452.26343584884245	-3462.577152750274	1633.040933729296	7406.51454670743	-1
?	126.40784884480543	-2669.7349140270107	61.04866461782354	-248.41829464578313	405.29794813836713	673.9254188528674	1735.0153383748946	-3288.991973460359	11.862644019543227
?	-1	-2548.1569768961176	43.64862400497021	60.81897410405141	485.9597067914857	5082.5277907559	1468.5913350562787	-6795.193295009241	-1
?	-1	0	64.0896133230261	474.15116646098977	659.4243376761613	5033.081796658448	1395.2556736244337	-3088.6712369098695	1.87820552826901
?	-1	0	67.35618232801961	-191.5389817900488	737.6137966244072	6700.942519444656	1314.1577732107858	3309.075912893616	3.0905314683271663
?	-1	0	54.512664233523694	-478.11535618689004	994.4714636483928	-869.0839675105561	1560.709469269114	4037.9565507916695	-1
?	-1	0	43.450414518675196	49.71241660761141	694.1595982488796	-6441.796249563957	1516.0556007503685	-1165.6673132935744	-1
?	-1	2242.1535072290812	56.998285063904255	438.7006548124208	672.3816511701962	-4573.17259220991	1502.4261036044354	4827.127702306347	-1
?	111.10767536145367	1985.1449493780556	65.38544725929616	97.20870505880006	465.50096863838485	-1124.0123469109012	1757.411985865685	-451.4423860112099	2.315705258930095
?	98.25724746890242	-137.17447358417806	61.85872031684424	125.48798800982625	616.1810338246513	3368.373810983083	1479.853984303875	-5326.449901475122	4.494571736756486
?	104.2489516822448	110.28621220158598	71.65984665978745	-39.914502301510595	633.9196591875384	-2529.276896155426	1491.0894907919298	1839.6123564077254	12.342368716155821
?	103.7715580789818	-96.97195009627426	59.86299520176868	-358.5929406921848	489.7171890168782	-3212.4698208956966	1571.8346021242626	1867.8440091917316	2.317246479107919
?	99.40035417743101	-152.02423087479656	53.73019962517795	68.31997657636225	473.2961681427513	-2907.8128085948047	1584.4816912515178	8926.21041046215	-1
?	96.17034653524186	-170.24154829417526	63.278994030586844	-108.34156469979365	344.3265485871359	550.6062253379038	2018.1451226473764	-2576.6122202214087	8.189182321374659
?	90.88827676272213	-1943.4069307048096	48.31312139018819	-250.8766120839998	500.8264794096469	8551.61582323822	1455.6510802404455	-10760.385365538446	-1
?	-1	378.5809368978653	50.73516342638668	455.70360231157787	771.907339749053	3027.220931933945	1480.1258543704464	4178.544288180738	1.3681739327393918
?	109.81732360761566	2277.879842721611	71.09830150576741	530.967523082664	652.1875260063463	-2338.5699976138617	1664.5782946494853	-283.5385314787896	3.0354488758067357
?	112.89399213608218	280.8915637459458	77.28353958052026	103.05737422455674	654.9788398683583	647.5566949905077	1465.9489277965067	-5973.855528371011	10.690940523256312
?	123.86190179491315	464.6172647238441	76.25117021699532	-87.4141302317047	684.5653607558721	-808.4524978787998	1365.8855182309305	-850.8929294591796	12.749008610763362
?	136.1248553722747	220.4263407783884	72.91283306893496	-170.43701481408974	614.5562149744177	-4920.065346684694	1423.4042813235471	4895.328800822798	12.66741301475977
?	134.88321883383273	-163.2444819415303	67.72931947629071	-130.12393300862485	438.5620934216339	-4616.659352715426	1610.651958272074	4099.906832619032	12.21951185945925
?	127.96263127519808	-557.1248079416333	66.40663641850362	-222.51343230078174	383.7232473386431	-1547.127545560349	1628.3996229545016	-1642.0819185798784	13.289178250488215
?	107.02697843675067	-2579.2526255039247	56.60364786125147	-302.4095973224126	361.20571614361535	1877.2522144523732	1528.5478623430788	-3572.7279536607957	-1
?	-1	-271.9986096629294	51.28615655238278	244.17430443080244	477.5858580612631	1485.130807259656	1449.7632252714593	-647.7448356626336	-1
?	93.427047953604	1801.530773268015	68.81236308279176	419.5864798539412	435.4622565065992	-302.0199485269429	1496.1606205599467	-2267.919060283902	9.46573009660346
?	89.07653866340203	-121.28126465113239	72.26548054508014	41.492233627512555	462.4848606349157	921.7612631514436	1336.3672722572626	-4000.4531654985635	17.638142850397752
?	87.3629847210473	-49.928936127702315	70.88697476416742	-12.791791086176364	481.55031966417204	586.4631682436512	1296.1379622850156	-1373.0051888750118	22.50887636659031
?	86.58009185701688	-22.14676356680908	71.62589099077131	14.694843163077639	491.8080190470987	323.45825580762374	1267.717012813511	-1052.3451982678976	21.325709637612775
?	86.25564654270683	-53.019359972720494	71.62171692232131	-28.269491709694304	497.72323245455345	142.95877440616917	1243.52070237162	-301.93487763618606	19.72651919419069
?	83.92912385838082	-87.48550979371989	70.21241640528658	-65.0026218798282	498.95595776740726	-188.38633489316027	1252.6202689317015	260.0926117930348	18.550104626568913
?	81.88137105302077	-66.21343389509482	68.37158582832986	-73.74678134533534	488.3039157098953	163.04432960084563	1256.525332961272	369.1973767291113	17.679676793903397
?	80.61845216362603	-67.56668410744271	66.52507733801976	-120.4711740553418	507.10817424744965	908.4310806463413	1271.0801377681573	103.92937376166026	12.247395949242641
?	78.50303684764859	-86.14370707391706	62.34802712556268	-259.30331232965983	533.725469742213	1460.5419967039243	1261.721801649355	-732.53236440716	8.719824429017075
?	76.31126680993012	-1590.0607369529491	53.55991172153658	-407.90963645963876	580.1352740826469	1202.3241739864295	1234.4535195477988	2023.2744806244032	-1
?	-1	-1546.2253361985804	41.952545302580454	-252.19169020046988	593.8416784415354	3047.6605407542	1362.8855256805766	2728.5076437638168	-1
?	-1	0	40.950327211512906	201.14486501088788	732.5183011203591	2928.4709524673112	1370.8789017359916	-3701.916478956784	-1
?	-1	1685.62985387717	52.00978855312499	600.9814189764468	740.265226064903	-1520.0032507473372	1177.7897017327348	-5501.616912369949	-1
?	83.2814926938597	4085.8262896076744	70.99939816033567	290.1959981812125	656.5181385829911	-4511.646519158676	1095.7980561174902	2444.1786904950295	4.3350380454406805
?	203.29131448038663	6672.051561401409	66.51958846218582	-186.62910857744953	514.682900106966	454.16846154648545	1299.998636257488	7963.303732450705	3.8550845178410516
?	416.8840707639349	-4085.8262896076744	61.667942731463064	36.07440381065692	679.2265616603157	8497.699044297642	1493.963242740031	2418.313235338489	-2.2685773371726046
?	-1	-6004.332875916043	68.3233086527187	302.7759881518689	939.5678523218542	-3215.8236178072	1420.9142980244142	-1156.612573470995	-1.6830676974735748
?	116.66742696812848	2353.076077550144	76.80674213905672	-179.87141054223486	518.4353807699534	-10770.286443482612	1436.1326140664805	1308.118385499592	5.999493522476269
?	116.65380387750886	986.7186979942157	59.32973812560682	-252.1641620707136	401.053530147716	-1017.8591132344721	1486.3202172993947	10593.378624229917	5.364366438811033
?	166.00336186783997	1480.203718373322	64.19853403552087	291.8434257504465	467.5424251082291	-16.2614732520135	1965.801545277984	13502.193780044754	3.871815231019896
?	190.66398979617603	324.193301015951	73.92190941312936	125.25382222594423	400.2404564851153	-1376.9734389213997	2161.429906301642	-12503.220383572638	8.536508907422094
?	182.21302691863775	-543.3046682823081	70.46122514681817	-19.180432560031317	398.69375316215815	-254.32158399656012	1340.640526099343	-15974.102098825851	15.129924591543423
?	163.49875638206024	-694.8975455931558	72.96288778512778	139.38241810520623	387.52437728528713	2509.8140973668237	1362.724801360338	7157.572066276064	13.079227856760067
?	147.46814963897947	-269.00624215488125	77.43034605207858	16.04861251600886	524.1844580305011	3753.1575823299136	1698.5191294131514	7973.691706698537	11.641108433550244
?	150.04844427431598	-209.20925121416914	73.76531841092823	-116.81552899580485	575.1822564017855	-282.6631692232814	1761.4093866952705	-1897.8247100822684	14.40314893350392
?	137.00768707827086	-3000.968885486277	71.58956960228825	-1475.3063682185436	510.05129956933683	-11503.645128035547	1603.6278939090366	-35228.18773390491	5.840906019050657
