rowLabel	avP	dP	avI	dI	f1	dF1	f2	dF2	h
?	113.55472191601665	2249.4838513941568	73.42762432706624	1480.045932649952	291.26595868038254	6263.654676606666	2077.4636979860493	41688.8057347684	15.032398276252366
?	112.47419256970785	-37.24011914506491	74.0022966324976	-13.024427347037317	313.1827338303333	621.3270257878219	2084.44028673842	232.69367805422007	16.740069440218182
?	111.6927159587634	-18.299328120731666	72.77640295971438	-66.82520375903093	322.33230996977363	438.4765573393393	2089.0983818887603	-1258.2250986438607	17.540501274637073
?	111.55922616367127	237.15265993825687	70.66103644454606	-90.12442733025269	335.10656169730026	1309.3389855440287	2021.529031806227	-4413.018106263304	14.504860368530444
?	123.55034895567624	-2251.184523273426	68.27018159320174	-158.8819854538642	387.79925924697505	5196.401515714677	1868.4474765755951	-8547.611714638122	6.907120078705577
?	-1	-365.7996465270475	62.71693717185285	10.808039320484683	594.926637483034	7357.735178952496	1594.148446074321	-9325.89526288514	-1.108845764907782
?	105.26036662932387	2278.9050782847053	68.81058355922598	187.27363577368297	755.6860181945998	960.806844645638	1402.1527134313383	-3623.5892423893674	0.23394787781550663
?	112.94525391423524	154.79627646656243	72.080618960537	76.04072440216784	642.9669797153159	-3888.88579508971	1412.9689839548528	3281.5036751438274	4.790556253804813
?	113.00018045265199	-14.9198453515686	72.61261977933437	26.860309983055977	561.2417284401143	-3996.801275180496	1566.2278971885296	5314.03937389941	9.35724685810621
?	112.19926164665681	-22.51351960132894	73.4236344596898	10.270670417886267	443.12691595629116	-4814.506615556957	1678.6709526498232	2771.0186145930406	10.440472631704804
?	111.87450447258554	-14.754831495054917	73.12615330022868	-9.886455037973851	320.51639766226657	-4670.237794745294	1704.7788279181816	-3864.931747900242	11.622883087564116
?	111.46152007190406	-180.07680954963814	72.9293117077911	-169.2679954774333	209.61502621902625	1005.5131979132866	1485.424365254811	-6141.533329046182	16.558231173338736
?	102.87066399510363	-2249.2304014380793	64.66275352635701	-265.355614334879	370.79205755793095	9718.992402905484	1397.7021614658722	-3718.0665943555064	7.2005476269246715
?	-1	470.63266472818884	59.66153099104714	88.04952533625757	695.5646463643009	3719.078275679226	1299.5210355370355	-6187.768451728938	-2.2170930471586363
?	126.40229723151309	2335.978780516946	69.06522979316989	258.1665518789335	556.7459713418924	-8014.685439076864	1088.313738879425	-2525.848587787075	4.722889659455462
?	115.79893902584739	-396.5178232943432	72.56985858499382	-3.339434572608863	294.8303744104573	-5758.137433467617	1173.2286061476816	9421.084693094314	11.817962720546742
?	106.57640606679591	-50.33984130249674	68.89825806453945	-103.04162305697324	268.8390996685113	3306.8116921423707	1559.3679735341411	12526.739500044676	14.995152115984187
?	113.28194696072255	-98.33021224703478	67.41777743214516	-27.094261585715717	460.17095901757597	8440.914123316976	1799.565581149916	8912.876107691147	4.6485059379158935
?	101.65989545444417	-2285.638939214449	67.54354498525366	-140.31144905449298	690.8848058343605	6401.077196852081	2005.0117789186988	-61.77778155345999	8.836461436904997
?	-1	-2053.1979090888863	60.4022049794205	46.156219875627535	780.2248188601803	4120.90446059506	1796.476692072243	-6299.702783747174	-1.7716611086158742
?	-1	3385.445998224624	69.85135597903503	266.6262953234838	896.9300288641132	-3581.2744777086928	1690.0266397313405	-1647.9286872033786	-3.1239946270413723
?	168.27229991123136	3562.790827563771	73.7335197455947	157.2670350201109	601.1610949747455	-10078.759059915861	1714.080257712074	-9360.486602399957	0.7613715198153546
?	177.1395413781887	530.9425839957499	77.71470773004059	-7.170525538891746	392.9920758683197	-4883.093112383475	1222.0023096113423	-10126.563550661594	15.98912819029521
?	194.81942911101888	-326.70992733438055	73.37499346865012	-95.08939118589657	357.00643935557156	-2467.479177614506	1207.7520801789938	6922.063283756291	14.000703994546981
?	160.80404501146967	-1602.9947411474336	72.96023817074575	4.11274223936061	269.6181169875943	-268.13478477558283	1568.1054737991572	14773.823332585704	14.369072367355978
?	114.66969205364713	-1356.198392853242	73.58063058061815	-68.37299880188647	343.5997001167924	4876.527476215887	1946.4432468082796	1329.673729957957	6.685349167757865
?	92.9941253688075	-476.5907186874195	69.54158823065143	-135.06675626999328	513.4444907983889	4392.093682987771	1634.589160297055	-10774.30744856941	3.318648542234469
?	90.84015611927613	-149.3313195431169	66.82729276711848	-296.75301976133073	563.2043842661811	-1793.3699560344992	1407.7278743798086	-5878.623275806512	5.168120520360786
?	85.52755939165165	-1836.803122385521	54.70393724258488	-111.90117356874329	423.77599299666383	-2081.975625930914	1340.6579965067292	-1524.6602013934657	-1
?	-1	325.5196927538242	61.23223408868131	330.82155809400615	459.10560296963536	3608.8038588729196	1331.4948643101352	-402.98689386336684	2.1445539996151974
?	101.80354402934287	2111.077923746923	71.2450151472852	145.46541102873206	604.21618594031	829.8029076894106	1320.5086518135608	2491.5633936021572	3.7643385542676215
?	104.55389618734623	-39.45868621097386	68.50550464011792	-0.40777466758527187	500.5957483541059	165.47518544770568	1456.0730339902432	-474.07542967864134	3.0512720066902594
?	99.83060971879418	-164.12287875623164	71.22462641390594	-3.973228189805976	612.4899452126953	-5318.108555852088	1296.8048803296288	-3028.686373260609	7.214844706906464
?	96.34775224953464	171.71905183906162	68.30684323062762	25.368493546067988	234.69032056150127	-6894.2361553355795	1304.6387153272126	-2099.445998317058	15.03092510194735
?	108.41656231074727	607.7789417129088	72.49305109120934	135.15891756437657	267.778137445916	2558.2853232769094	1191.8325804137758	-8444.059762565072	15.028727707306913
?	126.7366993351801	705.7979472642435	75.06478910884646	75.35714466502036	362.60458672534685	5315.073970440384	882.4357271989586	-5184.39891130914	13.690328543940339
?	143.70645967395947	236.32447085688037	76.26090832446036	-8.700295342074178	533.5318359679354	3481.222180744068	932.6126348483185	1240.187909610048	17.360994432411097
?	138.55292287802413	-496.1750838099813	74.62977434174275	-80.62806443181351	536.6656957625504	276.0126561426862	944.4451226794611	4128.753745307018	14.624550377283068
?	118.89770548346038	-683.8974692790966	72.22950510286968	-100.23318051622559	547.3324687750697	-1561.3589642218333	1139.0503221136696	11923.806769830711	8.401333517646586
?	104.35804941406927	-362.3975776364553	69.61811531593146	-4.072116450629167	458.59774755145867	-3185.3365805005683	1540.6354611709971	13800.669348697264	8.231174238934614
?	100.77782660163768	23.54224454207619	72.02589928033822	25.225170698133557	388.0656397500419	-2992.1470843284956	1829.0837895485304	6048.761321317037	12.319017673955832
?	105.53516164117308	-50.89434149316663	70.87937385083814	-410.8833705448871	308.9903933350344	828.1232273077417	1843.073527236848	-6372.048114568847	10.280115724172406
?	98.23310952697936	956.37708011368	51.48173075309394	-290.1067813125389	429.47180111542883	6988.147313682881	1510.4813838200891	-3839.9062660150503	-1
?	153.3540156468569	660.5518222208256	56.374034785211244	454.57841456455003	658.3977590191772	-1882.4092464495627	1651.078213936096	-6151.665857681286	-1.8007953973248922
?	131.26070063802052	-666.8989579550189	74.21065148132136	325.21312384850023	335.351338792951	-6307.952130470344	1202.898090936026	-8285.091695083273	13.219092977696425
?	120.00906774910608	-404.4065049740658	72.6346909776362	-168.98783836826058	343.00015249566115	8833.202749218423	1236.823629181934	8104.9097359465	17.08298772122693
?	111.0403753893173	-2420.1813549821304	65.76125956290836	-158.35907702820947	777.0114762538706	9737.830867603643	1608.1435777333495	9239.990592990336	0.8046928823996001
?	-1	-31.907997410836344	64.71673712622575	91.34649042102386	829.8916958758416	-8877.525258126289	1698.823158831449	2995.4630166574057	-3.3797586577859136
?	109.4449755187755	1903.289707578867	70.32858408395954	67.30554776017779	333.13521334755774	-12169.787225211681	1757.9167285662193	444.94104334979215	8.211202700454196
?	94.16448537894301	-215.30447831523125	68.08201451423463	-0.2718624633141085	221.40233461525972	1393.4965943031243	1721.0702109989386	-1146.5764853810283	9.492529474023677
?	98.67975160301397	133.22552656806627	70.31499096079384	79.4003483587116	402.8100430627137	7694.495785470581	1700.587904297168	-1394.7152596268193	7.576237682092318
?	100.8257617073463	-44.487149239043205	72.0520319321702	-10.991623153601363	606.1271238887874	4226.757739998219	1651.3344480175979	-731.898472994283	8.529602312934832
?	96.45539414106182	-120.40737598590212	69.76540980311377	-72.32283125331745	614.1479300626239	-4723.571585370806	1663.992980647454	-106.1369521842884	10.711144847848171
?	94.80539290805122	-129.90096830811456	68.43589036950434	-155.1071355617425	369.94854462024796	-6257.710237890771	1646.0276004083835	-4419.273907024551	13.394051056712033
?	89.96034572565611	7601.368406415954	62.01005302502667	-146.97592753723237	301.26241816808647	11101.308792225569	1443.0292852962273	-11160.517227317985	11.839552597162427
?	474.87381322884755	1303.0697152636192	61.08709399264274	147.29005118216784	925.0139842315244	2850.348669404087	1088.0017390424862	-9196.326618047504	-2.739356103873325
?	155.11383148883684	-7537.138894678657	69.37455558413504	151.45710192638273	443.7798516382903	-13895.293560895729	983.2129543938537	1778.360983540253	6.677870631254831
?	98.01686849491604	-1281.669910947257	68.65994908896185	-95.60988669645161	230.24930618674043	1534.661833959261	1176.9197882194985	12128.797495340095	14.757302279222435
?	91.03033594147422	-72.6287371840223	64.59406124931248	-4.707502175491544	520.5129433362531	846.3619687203824	1589.6528291608563	13715.309522697096	14.239501579718
?	94.38543163571494	27.805578565700372	68.42457398018728	28.57532751613046	272.5674046227594	1273.4101313270662	1862.685264354351	8493.489206187946	11.968777351628928
?	92.42061486975923	-271.68353624634517	66.02282762511899	-226.76167878463696	584.1834499026062	7922.646223855245	2014.327289470252	-1519.188300409629	9.690593434237487
?	80.80125482339773	-1868.4122973951912	57.08649004095547	3.6951285991588767	668.6997158155202	5763.818062636856	1786.7258493338697	-5434.854804216057	1.4335571992423481
?	-1	-1636.0250964679603	66.20758405507694	252.5730396617795	872.374353034448	3692.3285127554386	1742.5845492594501	176.1230345185374	-2.6267471155141813
?	-1	2820.6459607827355	69.7151420240444	157.1114625357771	853.3161414532915	-7480.940313890783	1795.5320010597966	1297.3640394545146	-2.6730434906545892
?	140.03229803913626	2809.3937865453	74.06315718186576	160.1558657310369	498.3273373399101	-8704.145337412094	1807.4527512321756	-10044.543538319034	4.846729595716022
?	139.4696893272645	530.126996509621	77.72293531059621	32.380938315616675	418.1088745826884	-684.6798556390287	1293.3048241438466	-15401.042230348758	12.37070885038842
?	166.53864786461722	1232.228819301353	75.68220409764659	-26.076965668859295	464.0933445579588	-935.8039185209485	1037.4006397147405	-1286.7741999849113	10.603991225685087
?	201.08113029233192	670.0867451200021	76.41908702715325	6.692389613751312	371.3186786566411	-4722.169439677405	1228.9661141446013	4598.279086975347	15.336117249111911
?	200.0429851206172	-600.0506798241121	76.01682357833415	-235.4467177232348	227.9848725740894	-1799.889199108098	1267.314594063507	3078.3089758052183	23.480372665677038
?	171.07859630112642	-4020.8597024123583	64.64675114099156	-528.2456547364862	281.32421870123653	4570.551950611084	1382.8815629348617	4428.598397490693	18.374105249172867
?	-1	-3441.5719260225405	49.60454084150994	-252.55371870290622	456.5124701046428	5260.529402533805	1488.7445139380409	4665.109036623401	-1
?	-1	0	52.01906520584629	58.80431152469135	544.3506888279259	6859.280960891631	1616.137014766031	4244.011039702575	-1
?	-1	0	52.544756417744495	-17.709689493497144	799.4765181492231	4656.508918703467	1700.9450659231688	467.8991614560271	-1
?	-1	0	51.133580731171435	-63.29013962402607	777.1761347630984	-1337.8472451520636	1639.5319728388322	-720.256451146727	-1
?	-1	0	49.3802494365432	-20.917204282892857	732.5841558916202	1273.8684129197168	1664.9322433658326	1125.4552317004932	-1
?	-1	0	50.087720517026796	27.668299728344536	840.869555409084	981.9362169640284	1695.8047344238566	-582.9666665796069	-1
?	-1	0	50.763664422960424	-57.086510330506066	781.6809667398214	-4136.870073076076	1635.7839100368524	-1508.2849903622	-1
?	-1	0	47.2333950005015	-124.87226257757202	634.026051755281	-7577.816467162949	1620.390484905747	-2651.214532870568	-1
?	-1	0	44.520051294081846	244.8363307661052	402.7901433816753	3404.7659889276233	1503.2231833933245	1409.1903911952254	-1
?	-1	0	59.47521153880672	451.2537857595601	804.2643512016615	8233.740486838655	1690.850004465508	5762.273024191698	-2.8347454110722388
?	-1	2684.064314210102	67.08274058205977	219.14015454916571	814.4771677236066	-4153.221780333055	1791.3368346029083	-2278.3057813608493	-3.2116039039685225
?	133.20321571050462	2529.482164478677	70.43221926626497	80.68855330975111	596.6032621850095	-5997.787879899272	1576.9347153974659	-5981.928149431949	3.8616906540879925
?	125.47410822393341	-538.7646625624913	71.11716824754731	-139.27634185140553	514.587773728644	-6333.253571762895	1492.240427131312	-5786.931921369704	12.04315752109995
?	106.26498258238016	339.34126653083786	63.46840217369471	75.29914304618556	279.94058359686585	-1947.6782762799792	1287.5881193289817	-3617.732387805926	11.871784242696998
?	142.44117155047525	900.7039397469507	74.88212539985658	201.3036794224375	417.2038599146454	2988.6871954289577	1311.3538077410162	-4404.592793765984	10.666594167207716
?	151.30017956972753	161.123163364461	73.53358614481655	-35.24798104745726	429.3749433683132	-2290.6931549595993	1067.3584796406833	-464.3872207514931	17.05749785842473
?	150.49732971869827	-73.01710568771367	73.11972634748372	4.595232755409045	302.66920216666585	-3331.8740517218616	1288.1344467034417	5236.091553585479	18.79347959877187
?	147.64932428534186	-152.21201687682307	73.763347782587	37.01865694285842	262.7812407822207	121.96831130353459	1329.1630573199564	1726.548431232756	24.78781324420576
?	142.88672887485714	-224.91420764341763	74.97065919462663	-8.646095171344287	308.76761773184256	1368.7919318953018	1374.4618682650791	5168.707856188103	18.00692288097224
?	136.40361390317102	-244.5360947524026	73.33104302401979	-54.4269418060721	331.22083737698557	-1217.144103281027	1587.5984501293606	3526.1672819542846	18.330930920775483
?	130.65992413723706	-101.89252784582244	72.24931210432304	-22.03681521986291	247.91041256779144	-1514.3385811672138	1550.7702323627927	-2735.9884825806835	18.479009761022702
?	131.30898751087992	42.51609602331272	72.22920226302665	17.56266092922835	255.50390831862515	2555.5125268314755	1450.7990260003269	-6458.647200553546	22.582461839067967
?	132.78572893840268	-63.188728401925914	73.12744515078445	-6.704019406089141	375.68603890936475	2695.734956286311	1227.8378723351166	-8177.234788770758	14.833124496035012
?	128.14955109078363	-211.60676341969082	71.8940012927222	-30.558744724637958	390.2906561329402	-928.5651762240694	1041.9372865617904	-802.1691458023435	20.791887052829843
?	122.20539076741818	-169.53051765642616	71.59950791455256	12.7882931327341	329.25778009816145	-1778.512062000205	1187.7294150449995	4887.176099615316	15.192043145402554
?	119.67302520796235	26.212265941646628	72.5334159493589	26.56292700602516	301.3650530329303	1240.5692439504796	1286.2960915425554	-1867.3539387366848	15.45892642472935
?	123.5160040645005	-121.40324329105951	72.92765426485381	-110.59852144866466	391.2862422956852	-26.7458196133317	1094.3617181081656	-6901.978565503247	14.466079726975275
?	113.6028630434094	-388.4626535988229	67.00348987692568	-397.1500725350576	300.0277620522637	-974.0260451318454	941.1971632673942	929.0461807037251	11.012436283722923
?	104.09287138455943	235.0641561349934	53.070150638101005	62.06391776173199	342.5849400390931	1909.0164823685552	1140.8140271433517	4220.05155515542	-1
?	125.35607085015903	119.87844550809612	70.10668576501227	256.6136629528858	395.47858617069113	-646.2306167419195	1152.1997410251645	3346.059132415119	8.975122428922223
?	110.08679365996421	-331.66704585305416	65.90083378574525	-356.16026981405935	310.27340920199725	-1212.819848926716	1308.116983764107	2045.340040967947	11.232657491582067
?	108.77271855750638	496.3906161617988	52.29867227430937	48.799447844485144	334.83759372435554	2637.1761613827166	1254.4667430735615	6155.470385136431	-1
?	134.90632446805407	243.43601603923162	68.3408061779695	365.6075094145631	442.1322172711326	-1221.1819500169404	1615.8905030209276	6414.792346084414	8.626218627869012
?	120.94451935946792	-334.80817632543966	70.57904774503746	69.52072604572346	273.77849622350874	-4000.900142261102	1575.206360377781	986.0440381753814	12.930949582175765
?	118.16591565178214	-94.7674539327952	71.81684248025566	27.601218674836716	242.08721015807825	179.7549211985865	1665.1927049296964	5655.8975908060365	19.173403189996733
?	116.20614666282817	-235.49387937970917	71.95910867877929	-218.5439093972409	282.76624228343803	171.42490689705144	1858.0012399180819	803.311193168991	16.14720846220475
?	106.39122168279673	-2344.1229332565717	60.88964701039365	-404.05896746815034	250.6584555029308	-128.58210299708094	1705.3582645881459	-6836.641553419356	7.252635959199817
?	-1	437.27383552627754	51.75616030537184	141.96715895132863	276.337137133584	3434.2457901343773	1516.1691622471153	913.9489856992929	-1
?	128.25491345911053	2361.6933346317032	67.98800495796006	370.01795765615617	422.37074500964906	1673.1517470586587	1751.0557138731103	5958.237833315273	3.9667252916573164
?	117.08466673158473	-303.0374923468116	70.25705818817959	58.20677315305935	359.99472448651665	-1069.9301316956762	1814.081053912878	1942.7257220601791	13.770257098900379
?	113.10303884177	-144.9235916643209	70.89834361561302	6.857831799650877	368.87423842486544	43.60256908580725	1848.191999976119	275.30943161380134	11.683680439813537
?	109.83848714836871	-204.64754548879642	70.59994977816213	-77.18470201505225	362.174852940807	-1079.0905475598713	1827.846525493568	-1742.5483392557242	12.999443338280898
?	102.87066156733022	-220.683276741565	67.03910851486042	-355.0979841595817	314.91971104687207	237.29316463785239	1761.064583013333	-3910.492542854809	11.752727680116399
?	98.8043233112905	500.51371993508246	52.845050570183105	-164.30722158132244	374.0395111726996	7875.9823774978695	1632.3218983508282	-7804.213216480634	-1
?	127.89634756408425	244.81434544987567	58.823747435794324	290.73152887811904	708.7188299217642	5942.8081290765485	1370.8539221893027	-3078.3381037708814	2.354765348230092
?	111.04504058378424	-306.0427074396113	67.381627014089	172.60508149893573	671.1799176265259	-6729.430585667932	1478.4049931622847	817.2121176630101	4.3802261367971145
?	112.59421219210374	-320.6363924319953	67.45400151074108	-271.2827851580257	372.24730063836876	-5242.183560865107	1411.714528072453	-4750.480513691295	8.457194604175852
?	95.01322096218453	-2271.884243842083	53.81748775618777	-208.98626709422675	409.0707395832715	4700.738149023917	1240.8809674777208	1286.1598542479305	-1
?	-1	1137.3449596413218	57.00468815602978	417.3216604380189	607.2842080895638	-1528.8601808092878	1476.0225207848493	-2131.8633958084624	-3.383134458653452
?	151.88046894425042	3040.8330604652974	74.68357077808864	379.7866007743392	332.6277305428074	-5919.940501397752	1134.287797687298	-7645.19253184978	12.208237822986522
?	151.04165302326433	-298.1640671931347	75.99401819474667	-30.873765032532216	311.28718301967723	-1140.3971545392933	1093.7628941923617	2697.8928713095097	18.81057212148327
?	136.97226558459374	-370.4044354046802	73.13988252646203	-52.905929128443645	275.60787281584294	-1245.5990941430541	1269.182441252773	6687.618596346821	16.228156632527252
?	132.52143125303039	-56.33410642537362	73.3487217383245	33.24853016471463	249.00722831252475	839.5551685569042	1428.1438240097016	-5360.33617678349	22.284299814193666
?	134.15556026332507	6.1760173706471955	74.80230903469776	15.766179246447848	317.585631243688	2963.6640687111535	1001.1656324135995	-12488.828370708956	16.96343141901592
?	132.83023212156274	-109.10817471341527	74.13703070064689	-14.991485986531412	397.1904317480819	427.92497507212187	803.702405474256	-1478.3597956861588	23.862775979450372
?	128.70015152765433	-473.51342349332754	74.05273473537119	-137.52526368387342	338.981879997294	-3044.7468683772236	927.2476426292918	7679.45968332353	21.75343183397348
?	109.15456094689645	-702.3262549091742	67.26076751645324	-421.6858330351733	244.95308832922126	-493.6478743121706	1187.6753896404311	4172.123417609204	11.902514948857691
?	93.58383878219574	157.5592464183245	52.9684430836126	13.872966080574024	314.2994862816856	2950.012401525385	1135.8538135097513	9054.302052378485	-1
?	117.03252326781265	184.69842442953941	67.95441582048194	306.9475631227905	392.45370840549	291.01221541092957	1640.3904922593538	11418.284045776685	5.3090027308212555
?	102.81876000367268	-2360.6504653562615	68.31582123975207	-58.70577078532185	328.850097052232	9272.081813152325	1706.7680157985835	2348.95645090185	9.41139890412833
?	-1	-2076.3752000734607	65.01912728121586	-44.58409261125853	856.0577990631045	5412.437785625398	1757.8383148044459	2397.605770213049	-2.5198909743766746
?	-1	2166.205637567302	66.08661660918915	126.72391696591507	599.4719863335009	-8920.676041323024	1826.6483043092355	2063.7613816339426	1.2274559815160797
?	107.31028187836472	1946.0800073749272	71.35532312951159	-1.9153160364931023	410.02399699695496	-4969.1162923976835	1861.0263838861426	2229.7419639126642	4.362907811527853
?	96.30400036874602	-2166.205637567302	65.9908508073645	-256.8334291247171	351.0161717136176	4246.706331775872	1938.1354025048684	-2778.95168751441	7.506929776318994
?	-1	-1946.0800073749272	58.51365167327578	-165.58166520470098	622.3593135857478	5122.99053311034	1722.0787995104226	-5337.018897889007	-2.390453041819648
?	-1	0	57.711767547129476	-95.15308350567585	607.1656983691337	-1411.7905171602074	1671.284457610419	207.4868158307625	-4.6309732917676545
?	-1	1832.9746206601442	53.755997497992006	275.35406946853584	551.7697877277377	-4625.072426569015	1732.4531403019607	-3688.190381937879	13.98608459265364
?	90.64873103300688	2253.347862790227	71.47947102055622	336.66102769924515	375.91207704068376	-6113.208157896889	1486.8749385135256	-1387.9139562293635	1.638556366453456
?	111.66739313951093	395.05561505445485	70.5890488829542	-5.344955396716974	246.1093798328943	-3464.352646464247	1663.0574424904928	1781.010118975766	10.825135444508826
?	110.40151178572955	479.85850058362615	71.21222325072037	75.21510926987786	202.69444471747204	1073.254430899385	1575.9254444623136	-2702.317569800967	19.343652339352445
?	135.66031816869216	1362.746425728901	74.34980434644808	80.03067528972963	299.77210137786335	5888.4813096079615	1527.941564000445	3780.2272442533013	12.343067104214262
?	178.53883307217436	1699.9495931183747	75.21375701520684	-22.341653249719762	497.11851019786906	3095.220679269822	1764.936806674978	4859.548691007916	5.146764499361971
?	220.65779782461058	1454.7965875124896	73.2327216839621	-41.95165644391566	454.5331353413539	-2560.1799993911527	1770.91899855084	-1743.3082096759852	11.688687111158606
?	251.27866244779858	589.039255951021	73.11617419301106	-187.5452296204143	369.1095102283119	-2781.3878309943	1677.771396191179	-3478.2536244806292	18.895586843384777
?	250.10976062216153	-5045.57324895599	63.855460202941416	-534.374785956418	315.4637437916394	2746.7323718731795	1597.006317326809	-4034.167798820359	18.533103694548323
?	-1	-5022.195212443248	46.39743489519026	-341.88687154101905	506.4461288219704	2184.310409819371	1476.0630062501618	-2074.3440067050033	-1
?	-1	0	46.76111662589052	-28.228879484458915	424.67926428260756	1742.3832401313489	1493.2891169915592	1390.9510906127484	-1
?	-1	0	44.98599092096732	-10.065418699120734	593.5652908285375	4180.600146572724	1545.610560780799	3835.876703219601	-1
?	-1	0	46.25784569093449	84.4045713457797	633.709271611243	8253.361350769319	1685.0829521525386	9649.316759191926	-1
?	-1	0	49.20621948825629	84.5737239412364	1006.233358367002	265.40443765322703	2028.0763987403936	1151.4467639949949	-1
?	-1	0	50.48653188799629	27.355623784781454	646.9794934939043	-4349.106828430124	1742.6552903522881	-2877.332039738054	-1
?	-1	0	50.574000677495356	10.917375318942998	788.7780169454966	1098.83440020083	1884.2097967534914	833.4738909726941	-1
?	-1	0	51.03240065394344	-7.909276398269782	701.9212135039456	-2145.7193655062597	1784.3289849009227	-2253.686185530454	-1
?	-1	0	50.17853685758187	-79.2286126188445	681.492048670184	-2192.8756789822737	1771.5254874769691	-1589.48536894443	-1
?	-1	0	47.07097002300123	-118.82842008962186	592.2774295548323	-7478.141728072708	1704.8547164537015	-6188.918536363784	-1
?	-1	0	44.237115853100796	-38.708621063375965	307.5849622665499	-6545.497935182039	1462.079560658781	-4759.677062746818	-1
?	-1	0	45.13553896983244	174.37055175099678	265.00253279573155	3991.1555002260507	1466.8708633163615	4101.900424725837	-1
?	-1	2576.230453936545	52.955643440650604	534.9216305141299	507.1427372778517	4607.358751644817	1667.1745818950722	5633.50157508202	-2.75207068250631
?	127.81152269682677	2538.623738339407	71.88162049553884	436.4035829581023	495.37047037797157	-303.2644868982197	1748.5459420704615	1138.622018663736	5.037471476160346
?	125.93118691696989	-134.99387835427675	74.77582258855564	55.85849687990978	491.9795129329408	-143.67232579556963	1724.1056828282588	689.4686436949157	12.081088546566955
?	121.06182877911296	-143.05346252823733	74.67454533953432	-27.918899612051177	488.1868540881931	73.86882663548713	1783.0193742552071	935.2190400640396	16.601460166166323
?	118.77851379055792	-93.69671875754543	73.37987760795306	-65.8644519964806	495.6729542647152	311.6918894776064	1770.8666348314614	-155.50176155807327	14.983232067688837
?	116.37699284123562	60.64981177615095	71.38132273971024	-8.179794293901805	503.77144856207366	626.7788766185381	1775.2442861773034	462.42484042605406	12.986429986063792
?	121.81100437936551	3443.2772081030203	72.97088789325797	-80.22142481286608	527.0118980956426	922.9855754395538	1793.9878768527644	-639.3394556017302	11.350262379531998
?	288.5408532463891	9111.421191478365	67.37025149906688	-386.9818256205672	549.920727334052	179.83275712312405	1743.2773133972164	-1965.047208340124	3.666192685035586
?	577.3820639532902	-5790.817064927699	53.62179661222933	-298.42308538522377	536.0035359517989	2574.6203700330148	1695.7355164357568	-5096.3918576373135	0.9350112358991186
?	-1	-11567.64127906564	52.44909722980548	235.869704165082	678.6517458357046	5799.324310718805	1488.457720515347	-4719.1809156048985	-1
?	-1	2215.8492564422695	65.4152818204836	367.6805548273001	825.9697514877432	-1338.576025290844	1459.7764706555085	326.6477677192778	0.438476921564983
?	109.79246282211504	2007.4576081104626	70.83312497117075	110.19838531971416	611.7229445711614	-5180.054942921931	1504.7901089013112	843.1166400611454	1.986432926421197
?	99.37288040552456	-509.783240487911	70.92520108646939	-3.3723035820986045	566.967004341643	1735.2034925578805	1501.9323026585664	984.3819957832553	3.0473525714533323
?	84.30330079771913	-2007.4576081104626	70.66450979206582	-139.08472703498177	698.4831191990567	7092.553073482058	1554.0092086904747	4929.433248036992	1.4841563812167589
?	-1	-1706.0660159543584	63.9709647347202	-162.94780612187648	921.594658015751	1853.5868939409384	1748.4039650604195	3134.695207645974	-3.8027182926690766
?	-1	2750.5374439992006	62.517119485971875	113.94059226435255	791.1624638961049	-6918.090936662292	1710.7439690727756	-5372.008986373572	-1.846947263584629
?	136.52687219996199	2847.1766649020133	69.6679943479379	214.69598210204575	575.6901111826314	-6295.786966918626	1479.803515741737	-7227.2307158698795	5.424877437803472
?	141.3588332451027	777.4382441998629	73.25191859107432	104.38294129060688	476.37311555016913	-1853.9084528970407	1349.3824332792765	-1384.8477926136168	12.756023236971219
?	175.39878440995568	1130.0712243563514	74.88714141246832	24.204719533923306	482.9946885377781	1574.9386217067358	1410.5611261110553	1546.6702277893917	9.30046749292327
?	197.86239446292106	86.5048042960807	74.4621545677705	-86.3426007725848	555.120046635507	1948.0416184102792	1426.7159446687472	1398.7974581513465	17.027060196589122
?	179.72402462475978	-757.5095603579342	70.57001137383902	-263.3834754520262	580.3967694582934	-1412.6969576899426	1480.5009990186236	1596.1568406852075	8.924423383370183
?	159.9869164450238	-3614.480492495144	61.292980795169	-355.66152681690534	484.4851987510089	-1322.5257080770227	1506.5237867030087	-415.28496986873824	4.060255288106321
?	-1	-3219.7383289004306	52.786935032993505	-120.15647888306702	514.2704840544413	374.0913628649415	1459.7367505251864	720.5868455107327	-1
?	-1	1981.1380156407413	55.285156851015564	238.79412852799663	503.18976689425625	-1952.1868774576951	1542.5531289785458	2912.6942479344957	3.586064949192182
?	98.05690078203847	0	64.7266414593935	156.0937616745	416.6611401815552	6118.871053051078	1605.3714629219132	3707.6979671665204	2.15098528555227
?	-1	-1981.1380156407413	63.089844934740675	61.75137592580964	809.1333195468145	10352.487634708627	1727.9380273368745	3245.2120742846723	-2.7969527301539863
?	-1	2583.9263597129147	67.81421025568403	109.79288610524549	934.2855219169938	-1526.5052732485708	1767.6320666361491	777.6477566618386	-4.106092620688997
?	128.19631798564757	2317.491370134286	68.57948924000303	56.01311104137699	732.8080558843849	-11008.659161158414	1766.820415169967	61.09731214903063	-0.8056614910546075
?	114.87456850671595	-584.8225609957779	70.61486580775292	-66.02432567188251	383.8525638590653	-9686.908135450616	1770.6869322436007	-1874.1778410339618	9.821897046518515
?	98.95518993585826	-196.33869130379884	65.27827295640886	-55.82982988872692	248.46264911184724	-1413.1885775176936	1673.1115231182675	-3245.2757596314445	9.602364429034967
?	105.05763394152586	31.587634437090465	67.82337431331654	62.59240276209109	313.1931349831796	6314.126790493316	1608.4231442620262	-1967.305318763628	9.009159632232407
?	100.5345716577128	-152.62850178477703	68.40789309451345	24.4311482018906	564.1689886365175	6553.312751396917	1574.7462571800847	-2728.0251155941983	6.837369978554278
?	97.4262088522869	-35.044923476871546	69.04493172341108	14.944590635083799	640.8587725530301	1586.588507794468	1472.0218884823144	-2341.6251410195114	10.541353270161327
?	98.7823254838692	-232.9664180478356	69.15512262626766	-101.27568845167885	643.498414026242	-2102.3884175252097	1457.6650001291075	2003.4109918128013	8.717666017687327
?	85.77788794989496	-1995.6465096773557	63.98114730082707	-145.9137889520506	535.7393516767681	3039.37323233293	1572.1924380729558	4932.98834881078	0.6389809171264194
?	-1	-1735.5577589978745	61.85943317866502	35.19779936615798	795.4670756428907	7352.235258718597	1704.31441756965	2416.8517112540003	-0.47909525222376176
?	-1	2293.189693590174	65.74103726913499	100.81453599852763	903.3511146127032	-5962.102971235826	1693.0350236356576	480.8838401405342	-4.015526267194189
?	113.65948467951034	1894.1141585662365	66.90015997859148	-27.49163143929355	497.36192708109513	-11198.280364284872	1728.358609576677	-3081.8124174289114	5.508201251325506
?	93.70570792831317	-327.73555102875935	64.3664556971703	-3.659773872772069	343.4370963984517	515.6165554063132	1538.9444027642098	-5259.07219382488	8.891313131817155
?	97.27270712807214	190.8899971987556	66.71717128495287	86.893029460628	523.1427548514112	6374.982758041706	1465.4049998854293	-2270.7426727153365	7.368885829215751
?	103.25020778825109	103.25889273956842	68.71110717020176	-140.3203763879391	662.1862343005415	-169.6724193422959	1425.4072691284414	784.5444540224505	7.742370605720633
?	102.43565176505064	-2085.004155764992	59.701152465555815	-188.6255575999981	514.6591338842962	2898.23246083014	1504.6322225865524	5380.38105334023	5.779129508947055
?	-1	-2048.7130353009834	59.27982929020172	-1194.0230493110994	807.0978573420506	-10293.182677685778	1694.4263217954567	-30092.64445173062	-1.677065995142903
