rowLabel	avP	dP	avI	dI	f1	dF1	f2	dF2	h
?	157.71444389931747	3003.919232499052	64.67791130510247	1235.5771997964457	351.24484012802805	15217.35361471663	1209.1736023089231	35676.631076326936	8.70979668923619
?	150.19596162495262	-3174.2888779863492	61.77885998982229	3.5867778605202716	760.8676807358315	9316.774937446218	1783.8315538163467	14100.596591100333	-1
?	-1	1543.4396789325638	64.85725019812848	130.4526089833582	817.083587000339	-4712.607501323651	1914.2034318639398	3215.8408501321937	-1
?	227.36794557158083	4597.316137928749	68.3014904389902	246.9150312144908	525.2373056696489	-5037.6474284098995	1944.6235963229565	-7542.412056276191	8.159842931118043
?	228.86580689643742	263.932288901267	77.20300175885302	153.6955970314148	565.2012155798441	1448.5650869227222	1537.0828290501304	-16769.11236099865	14.183864874112823
?	240.56456001664418	612.8576250779106	75.98627029056094	-86.74940351766112	597.665560015785	-3459.1198171669835	1106.1679782730241	-11711.122776076701	14.596372647258704
?	259.50868815033294	425.4026242536362	72.86553158296997	-113.44726538083225	392.24522472149494	-1988.417220986933	951.5266902462954	7904.477643769289	15.584615033916617
?	261.834691229326	-5210.17376300666	70.31390702151933	33.52935260285222	498.24469896643836	15041.224593951469	1501.3918604614885	20003.347372211356	11.486389941123296
?	-1	-5256.693824586521	74.54199921311258	22.506791289345077	1144.3064544190681	11735.473825072651	1951.694058856863	8963.418127400144	0.6095445724362805
?	-1	0	71.43924658598658	-85.25442972697222	1085.0183902200708	-835.1161754697207	1949.5627668314955	-197.85989645692558	0.9312289865353787
?	-1	0	70.27927772676397	-103.66133543598343	1102.550645645582	-1569.8150277232921	1941.8010640340167	-1370.298090172804	1.5321173947214692
?	-1	3375.29372986656	66.2561798141874	-202.00960818301166	1006.5276388339062	-12235.230895520725	1881.0478623228553	-6055.090358493407	2.4460792930965147
?	167.76468649332816	3773.4272596567284	60.17879731761337	222.6153456171384	490.78910086954534	-9205.58912986843	1639.046546109346	-4486.914732157989	-1
?	187.6713629828366	210.32967663736125	77.38694709504433	369.8541801807701	546.2481823404843	2565.8492734874767	1656.7021257149556	-7981.894265985104	9.178387539710558
?	178.28117032519623	-385.70571608020964	78.6715063266519	-8.225056045429817	619.0815645439193	39.823616360172274	1239.9518328100905	-5349.804897309177	15.204439331098389
?	168.3860771788261	-237.20333560630743	76.97569429277284	-34.78989122253691	548.2393631584929	-1870.5833342739386	1389.2118808494965	11067.524337060999	10.817209699618004
?	166.42100354488085	12.112168916530653	76.93201176552505	13.861839459775625	525.5523978302223	-1121.7509455442816	1793.328049663141	9058.88269984389	12.271803823049853
?	168.99168562465263	-229.2380712514828	77.66878626576163	-11.085528518443642	492.15181588127876	5878.722816547815	1842.1560158416914	-413.65350880906556	12.756605859693556
?	154.9590999823067	-3399.8337124930495	76.37773533960286	-133.15768227429618	819.4885386576133	9199.308930834533	1772.6453742226877	-794.5850258908642	-0.044266355338688265
?	-1	686.8554431615579	71.01090215204681	-193.6265043642953	952.1172624230059	-9404.129121062519	1802.4267645471482	1337.618896355445	-3.0966001719494787
?	189.30187214038455	3480.907163793351	66.69641012138811	-193.57591476606243	349.282082604488	-13025.665313298166	1839.5263190404598	-5656.753312902637	12.423432078217713
?	173.04535818966772	-148.73012753714917	61.33210641374368	142.09467240287682	300.83399675809704	-213.5276155992208	1519.589098902016	2005.0622669481872	-1
?	181.86536576352708	-101.05768155748413	73.80114374153196	239.70922179853142	338.60570182452693	11209.199367277864	1939.7794323878693	4036.29779896935	8.209093017018713
?	167.9924741117935	1307.9848095979685	73.31756750367026	-19.245674891769493	861.2939651219907	12916.721715910166	1721.4039888504838	508.86390937901024	2.0107410540513455
?	247.26460624342556	1299.0680198290265	72.83885999694348	110.75451287258052	984.4417876200358	-6600.166668274509	1965.2226278568198	-2376.5808925879696	-2.681952187798074
?	232.9458751032449	-637.6323625860175	78.85529314729929	165.8726409284212	531.285631708265	-9843.87139230092	1602.5749442210852	-2643.2720144533937	11.488448845435503
?	215.38298811412466	-676.6803509546162	81.13249204336455	25.40091605051257	492.2482180049894	-2796.117025459255	1833.05902713415	6025.177183327095	13.769638491404914
?	199.11185755551406	-940.8380605151863	80.12533894982492	-36.304197513205416	391.47978043530213	-2783.6857733519173	1903.8338033874402	-794.4180401842725	12.796341612852393
?	168.3410850883653	-743.8732806109134	79.31728216770428	-314.548796798569	353.0639293373934	462.69380775416795	1793.3381251249364	-6187.150544857576	12.924284224130957
?	161.91819352496836	400.3879424730419	64.39789910989646	-191.79910647638917	414.61447082301055	3645.3501885521996	1594.476276144561	-1336.3079762079349	5.979933873648369
?	188.36048221201742	300.1468274950244	69.72732684388481	336.9642427961523	535.3314387650036	3017.9969098965908	1726.5227263145396	-4994.318188447096	1.893780986309202
?	176.9255348997196	-199.5386449693437	81.24611124970409	84.62201920271717	565.5143163178402	1745.9601933476627	1344.760366722206	-5963.61367652842	9.269764526651965
?	178.38354996355022	365.66310270221743	73.95842780402067	-54.43686447470805	622.6294484323868	4273.680495506347	1428.3420424881183	5629.862622399301	7.643984768197264
?	195.20869003483048	472.2561422015987	78.52426802596868	79.0082515717841	779.1983410931578	2504.2697126743064	1626.2534978421713	-1044.9433095833629	10.29623915002485
?	201.99635707363018	106.28458361263985	77.90884038260988	-0.3828784271266269	747.8429340661022	-6634.814118093729	1376.09487700895	-2715.582387487582	13.27633280126528
?	200.52291921546248	-92.55434618397649	78.50512410461235	-25.869085986462018	447.457635188471	-7307.041254615995	1490.4743784677921	7182.227047974223	15.577120627118592
?	197.36863976443135	-418.7155977174895	76.61538608328678	-119.59870029046773	382.49087133530213	518.2686480748243	1735.2062294076616	3918.6936864311483	15.676704000673487
?	179.58713932958798	-817.282258143071	72.52518909008896	-189.94241672488056	473.3710675922122	1824.932550918265	1686.4090627893497	362.7857425902172	8.630237680047319
?	156.50452685727777	-789.3474704534957	67.11826524704274	-191.76768190777562	473.73749888121546	-1159.4692587780617	1753.3455165371724	-1775.4701897618527	3.5864637042632608
?	140.11976580691316	102.28731799844846	62.93680499470017	125.85757960455867	415.3976046533091	-1842.551439077109	1597.635553301257	-6842.312090805096	-1
?	161.61889275720017	449.66857002614563	73.41114422727065	300.51347932097906	381.60992692736033	-142.2254084169918	1411.2299119969189	4167.011729307338	9.763943944077585
?	162.60319430822037	-148.52598450170373	77.96247896074907	-20.97799328826348	408.2863342324595	4441.794074931813	1805.9861397666232	6197.12268903695	10.070523592974846
?	154.192593532115	169.43115710372697	72.36224456285748	10.877961628520477	603.6996306739502	4441.189547171197	1721.0860464487653	620.2457407760152	4.966857423079196
?	171.07475216340669	193.36225575494166	78.50637704217509	-35.61370590885686	630.3458115910186	-3402.1134072881905	1836.9984268054238	-477.2605184653838	8.67985395826298
?	163.86070631986206	-3441.4950432681458	70.58155926741465	-462.9216206647067	433.5939603095413	-704.5245228005094	1697.2230205254962	-6694.06211834938	6.912326453141265
?	-1	1995.1046175453168	55.360296008939834	-187.53064032434972	595.1195854509932	6487.94793871132	1502.295320887956	1538.4175276093365	-1
?	263.61593719712755	5118.788044963003	61.205027251197194	434.37030217939935	757.9913572451061	-1431.2870922434427	1774.1438969059627	3827.0965690914954	-1
?	254.93940224814924	-659.4627597935626	77.07881111790972	364.0934599888276	523.5552308388213	-1868.329314801342	1693.65014934253	-2819.0377514073098	9.024093712178594
?	230.64279920744954	-1324.6893903725068	79.40970025063851	-34.985313595005444	664.5748915050393	-1327.044703472783	1633.1920093355977	-4284.861468957321	11.573837968300458
?	188.70493272952413	-1530.0760311437054	75.32954543815946	-161.53123187026324	457.2029956651824	-6626.66067932171	1479.4070758946648	-2535.8101058595366	9.156824339128388
?	154.13899765026454	-870.1888910047793	71.33313865712537	-324.35340664079064	333.241857538955	-2892.672299561584	1506.4015040426214	-2882.5788771065904	12.13296569637148
?	145.19548817928532	75.46591793627356	59.11187510611998	-73.15442432797934	312.5693806871037	3126.3805988158033	1335.2781320393358	1011.0039886898439	12.489244184696853
?	157.9122935470782	-24.655974615213356	67.67541744072642	281.282202035835	489.5608874797446	4792.234608771442	1556.9517034771134	6099.592939520843	3.6113336190337377
?	143.96268944852466	-3178.2458709415755	73.17598520791168	-94.40285442351203	552.181111125675	3617.1941689180885	1640.2577790153769	1359.926680095123	7.596305216330751
?	-1	700.0207232480349	62.955274719550836	-288.5174624040281	670.4205959256484	-1588.5385392012313	1624.9480374818693	-3983.508502300088	-1.552358982923879
?	178.96372561092628	3295.9302805464713	58.75011208771033	234.6432540175	472.7541841656137	-5491.575031812475	1441.0823539003732	-3845.1386748587947	1.5470693335619683
?	163.79651402732298	-563.9065519784751	74.6874374204258	325.2563891424997	395.84184433502566	-838.3792214977389	1432.6911037389302	-1095.5348001979057	13.122547146734089
?	150.76839801200262	-380.9739889037379	75.01293154483525	-18.377756061659404	430.8352230907269	625.8743692235669	1386.305613890478	171.89419990018055	17.734380149587516
?	144.74781458213616	-130.25453323966633	73.76854961734283	-51.390196617669986	427.1355627962039	-28.588611898912962	1441.2858137339392	-1063.800826730175	18.81305458620339
?	144.25567135001933	-181.33028651728077	72.44342171395176	-69.71597837014907	429.40579249578127	499.23358638487974	1333.1155725539695	-4818.1774056639	15.475731057256045
?	135.68130025627215	-41.036595877056506	70.28275069883539	-52.27156431610685	452.0972421154478	526.382636405818	1200.376943450745	-2094.347446608779	10.90356175279147
?	142.2038415561665	127.16893250763053	69.82984349814643	-29.822428854750562	455.7249243160721	410.7454413477516	1228.398200223531	891.1936314668433	12.604765984862325
?	142.03974688165366	106.27994971431274	68.79162925609786	6.83328872177358	472.6345141828353	295.55649090879103	1244.936625024087	3500.105637073851	12.522048350412632
?	147.51783904188213	96.71116899059518	70.17150793423511	34.07600582525175	470.5027488615116	158.11142590812835	1403.4034820772229	4907.682024077689	13.92589046275891
?	146.8753053311834	-58.26046213716288	70.49542954736045	11.028298579865673	480.5400854782417	346.6301867127755	1490.3207262279707	-210.7970536442288	14.274105460689409
?	144.604815935024	50.7850904838951	70.72292286322839	14.513629464036109	487.8342581971503	28.365912523232836	1392.8636293950115	4509.647047434853	13.962991836047772
?	149.41455985537814	242.09462038423368	71.22111102056225	-40.39706839594473	481.9583811044033	-1426.4391728598496	1715.8030785997125	5247.084103094749	13.083240684913957
?	156.70954695423563	93.01572717324721	68.70306944343116	-401.4793240912181	416.51229955415806	-525.1635042513483	1655.217834549748	-5319.129503744472	12.237098149372768
?	154.0653462140405	519.9507211216753	51.147144816001415	-265.7402534786267	455.700205891836	-609.6039694756324	1449.84660341249	-1484.1817977871012	-1
?	182.7070830103193	576.5709798506132	55.416056769499875	488.590781299962	386.03210108037655	-3005.4857617860152	1581.0087446603932	-1587.3539976020822	-1
?	182.89389520657105	382.9392754826457	75.57668388099943	497.50724032156404	305.42591780253576	-1578.5092692283524	1370.478903532386	-5611.957088017327	16.090754845755665
?	201.85404678445153	679.2178516003061	80.29141878557799	113.50471343712354	307.1066376189592	907.7286098539796	1300.4108902595278	11571.027650119991	21.15156244582547
?	216.85478778658623	496.9530762924223	81.25191955285558	-3.5960930122726738	350.8123482952346	819.8745392938879	1949.0302860383836	11006.178526904194	18.444783822073344
?	226.70170059907255	188.50830667114292	80.11161413496436	-35.900316220794494	348.10036458365346	-605.3942378344697	1850.7198166047356	-2723.1053630854017	19.713836650858006
?	226.28020312014334	-248.61826108533452	79.45690374181586	-39.980302170726674	320.5426364035112	-742.1025533126389	1812.875017884114	-7173.300870510405	22.49960851840155
?	214.27078754480587	-326.03152536453024	78.11259902642803	-39.48500333904278	310.99523691802165	397.7496676242859	1492.0547730792166	573.5223857618278	20.584767831531316
?	209.97862685191689	-249.02331992517506	77.48265357486373	12.727493319194183	340.43011978472543	3208.2325167415956	1841.5511371722052	5143.950740740033	17.921589648982
?	201.81962154854716	-494.4299191862644	78.74897369238774	-24.855409389626377	471.40686275510086	2773.617327343239	1749.2523101162174	-4499.3492551224135	13.994334927883964
?	185.25713089260375	-621.6156100937313	76.23988310538242	-175.6160421770611	479.1109861518869	-1714.864158770377	1616.5836744160854	-5747.329112600334	13.49714332022966
?	170.7388410438607	-133.09809173098748	69.96817158353471	-149.18121947072618	385.6636548165823	-1095.702357661459	1461.8858544862017	-4282.259692193772	11.732454231478624
?	178.6022263060544	466.1300817097179	68.78082213184614	160.95957693194805	424.32586826881413	5070.200136638413	1402.4706898063976	-1265.4267124625676	9.515407635872363
?	194.04534512934652	382.74190034995877	78.01615043013209	185.16848392832011	639.173661648502	6890.24821018005	1398.6145188630735	1634.573580971079	12.070198280627775
?	197.73932132355228	-47.69377593421399	78.03924632826211	-42.07417943367816	768.8382787778154	2418.264441541516	1484.1993688549512	3394.3533846965997	12.935151653503222
?	191.66065633263582	-446.7523867547634	75.91244145844819	-226.8904284981678	760.0868837255774	-3648.670792937457	1568.3321880979029	3910.4975220317287	9.994280191034836
?	175.40170198581419	-232.35745941428118	66.69472490335376	-35.84001603623632	586.4047391309432	-7712.336044230422	1679.724244956537	5304.663332433575	6.491679533439018
?	180.0427833619218	-117.84529977353243	74.12044065663638	61.05411907619804	374.4700815140577	-2443.0830246212117	1833.5653547195807	2565.620427046433	13.255694864695723
?	169.50943699713758	-3620.855667238449	69.74743085716365	-280.5445934968374	464.25058789988304	8379.992789031847	1808.0052663088582	-790.5274925452142	9.785186597823971
?	-1	729.8254334570712	60.093210981794556	-353.66541779088845	793.4697209656486	-548.2321283829568	1794.0389800923201	-2107.9432600149066	-1
?	206.000708669991	3648.7362969019064	52.06415996761929	220.63829902212512	436.8389814807353	-8970.867656188813	1702.6081033081132	5155.722947748359	-1
?	181.43681484509466	-1053.6279364569364	71.12512593290077	254.75664704507443	344.92633815620945	4728.511916417588	2051.825127479737	755.5770949767275	10.917310853817849
?	153.31931184714438	-3648.7362969019064	64.80199231987297	-139.0662587382814	673.2645773016138	14098.835551015238	1740.3869580569494	-5180.866383078173	-1
?	-1	537.8684333612912	64.17181299598673	13.042518196718948	1049.8681157069689	57.97057719610641	1792.7818083258294	2935.0573894411095	-1
?	180.21273351520884	3565.033282672398	65.45411822970891	150.99812052861662	676.1631061614191	-10233.461343124736	1887.1398275290044	-826.6797818322705	7.407222574913661
?	177.25166413361927	-151.60175830873524	71.72171902241753	113.92692376134829	538.1950485507339	-3391.277428003495	1751.447819234216	-1751.2188656605365	13.082107082603454
?	172.6326455997721	-252.40865387983638	71.1504644177763	-65.06833659862531	506.599234761245	-2590.8303922115683	1799.5788842459779	769.5578335563987	14.223569670005299
?	164.6312314396275	-142.72515875856521	68.46830219248628	-146.82504793350768	408.6535289401559	-3664.722949901732	1789.9257109120358	-326.9515552311998	14.039633769583386
?	165.49638766184387	412.427499560823	63.80921202110095	1.2350140920364128	323.363087266159	-1615.2799370049036	1783.231306484418	-2329.9308082669804	-1
?	185.25260641766857	634.0590715052304	68.5300528970881	92.17782275947347	327.88953208991103	296.2362779839213	1673.4291704986872	-10596.304804963931	15.285485046990221
?	197.19934123710527	454.3136527380516	68.4181031590746	-5.638629248121581	338.17490116535504	699.788178643985	1253.4160662362233	-11467.876518083898	17.300177624657124
?	207.96828905457107	328.3392620513724	68.24812143468202	10.855402664618094	362.87894102211015	206.88912512079088	1100.0353445944943	5134.007260471299	17.869464230638123
?	213.61630433967383	-343.15502340118434	68.96087329230551	14.536844092292307	348.51935742139455	9797.303483676578	1510.1164292597873	11143.038816621945	15.060172197295014
?	190.81053788451192	-4292.326086793492	68.97496363929663	-0.8086357168275555	852.7441152059373	13234.410399769406	1657.1872854255896	5836.764612412374	1.3124032598276067
?	-1	-3836.2107576902517	68.92044150646413	-23.319942347792246	1010.2398774098625	3580.4519824761464	1801.954659880405	4430.726355988952	-0.7847130744748032
?	-1	3602.5481419892476	67.80896652190702	-79.28847647926546	1031.766714329744	-3644.4682802816887	1878.7236032250364	3115.372266944534	-3.5771675343902194
?	179.12740709946175	3482.1835666848037	64.95601768250087	-34.00429633655461	828.0164633957787	-14405.74079620087	1957.7232732276311	-4366.281871827557	-0.9710975645894102
?	173.10917833423957	-445.595679547436	66.1087517050793	-97.96352148633494	311.47967451970305	-10508.82889342855	1660.4095096336594	-5353.702539233223	13.268544046379333
?	156.84762312209003	-3482.1835666848037	60.05784160818414	-361.84969182168004	302.57501872435313	1167.621693567615	1690.038146265971	-5660.063601358281	-1
?	-1	-3156.952462441812	48.01626711399536	-232.2601192521648	369.8607591980836	881.4915432960331	1377.4063295657463	-8399.67476016345	-1
?	-1	3783.195188518867	48.44483564557594	365.7795766082336	346.6495958891546	3721.4752285039876	1270.0544082577999	-5312.1135338362055	-1
?	188.15975942594267	3648.7249543846683	66.30524594440698	482.9816924648198	555.9345206232823	3457.4374234081856	1111.800652873937	-7005.350163629	6.1465273276918495
?	181.43624771923277	-55.13616644098212	72.59392026881685	103.07541947018743	519.5214670595633	-2980.0849829793983	919.7869000763511	-3751.254431004167	12.697853842887582
?	185.40295110389357	228.69918026217502	71.45901691791633	-41.76916555429458	406.9302714743129	-1804.481096743311	924.2379313237293	993.6531253609759	15.31659121133077
?	192.87120673234148	76.26300729590268	70.50546199110212	-59.81439474918368	429.29741222239807	-1447.942001176212	969.4695563443997	6473.2105709644475	13.093324155587633
?	189.2161014686887	-268.14488591101946	68.46829718045716	-55.935384248938846	334.5331714155026	10458.106390906103	1247.8984598719505	16317.569367352424	10.421326493794982
?	179.46396243679055	-3804.3220293737872	67.70869277865519	-342.1690579723295	952.2027317677014	3082.4332577974255	1785.348024712018	10370.960546779988	1.6486035502438459
?	-1	3.9488066253159246	51.35984428184074	-188.51185369230262	488.6548343053733	-5305.897831186445	1766.4464872109481	3581.7638901167347	-1
?	179.66140276805635	3479.918490657191	58.283100094040094	382.0058116360162	686.9078402083801	-3119.898545192369	1964.4362192178542	-679.2283781521725	12.929834246953186
?	172.99592453285894	-298.9669975443189	70.46013486364149	252.04458900235244	332.6599070457554	-7406.504103051309	1732.4850683033396	-7648.012257082282	13.944760481014459
?	164.71305289084046	-314.3391116539891	70.88532954415767	52.30579577425932	316.58263505581596	530.9617611711709	1582.0356063637414	-2899.0063978435287	16.48364171748949
?	157.27896895015954	-221.79012090948925	73.07542465235444	45.489568023697466	359.20799510431385	4158.491405151062	1587.5347484111637	-5379.546349661424	17.513228507216247
?	153.62354684536604	-305.97508400203304	73.15980794534254	-136.18742081847407	524.5072053133683	5115.382912314236	1313.0582888806712	-5215.766810245145	12.411919366308576
?	141.98021475005794	-9.360664280263256	66.26605361143076	-51.63200344567902	614.9771407200248	3515.1143384596285	1326.7464078989074	1083.061943668676	6.481214602315317
?	153.15551363135287	246.91875169090824	70.5782077730586	131.92284045557375	700.2629222363491	2440.3645678050198	1367.2113860641048	-7.136049681407738	10.20275058589218
?	154.3261523346033	-38.81004555670031	72.86219563420943	-119.61115413233287	736.9953691102753	-619.0526178173762	1326.389605414837	1766.442093305197	13.804940382669978
?	151.21501135351787	-3106.523046692077	64.59765006644197	-291.2608136391187	669.3102913454804	5342.987177170769	1455.5334907293643	10384.597444899942	10.361516980865503
?	-1	-3044.3002270703682	58.299154952253545	-196.46307358565693	1004.1447279688128	4148.996334232342	1845.6194776598322	3745.4007590597344	-1
?	-1	0	54.77449638715916	28.18720547229968	876.7601080570968	-4923.569947357804	1642.8035286823504	-10040.779027500994	-1
?	-1	3544.4861069351073	59.708515225868524	218.0886959919325	757.9662306009235	-5367.427457299824	1343.5805262847844	-12276.555388079561	-1
?	176.22430534675473	3560.7095386710703	65.67893118675575	327.8582429896406	608.3887351921065	-6185.397823345302	1028.9757592783744	-9294.348738290768	8.247332759661424
?	177.03547693355287	50.75840159480567	76.1014273753505	204.5875567155996	448.6963394336595	-3979.1937339429664	878.8630893702476	-1129.362245600084	18.213698008356744
?	178.762225426495	-118.66272451725521	75.90830902253569	-7.833458624658674	409.4290484949589	-1214.494085614301	972.5076469983704	10181.327508087696	16.775780891378897
?	171.10234070769013	-429.0300255372635	75.70975444411756	-252.24973701245324	387.97163515294466	-2464.092680658486	1387.9294647746306	8740.166794458979	15.554304389141137
?	157.3107241496319	-32.439483436812225	63.29582217191307	-153.05283042011038	286.22441446203504	-330.07667931666793	1409.5159867213179	5559.175203649244	8.818333368633502
?	169.48036653584953	285.1231124287169	68.05711292311207	240.8529826558825	371.4678011871113	3900.0005897662777	1665.8882249570918	5966.577224466235	10.863386492746905
?	171.5668797710677	-22.352544596257722	75.33847130470716	82.46389530177369	481.22444395034825	2202.0948981003207	1707.8448479446286	-605.1785988908226	15.015887873352677
?	168.36273930603664	-565.6597995082112	72.18030768820074	-193.1726606954818	481.57254609212697	1205.0960677309738	1635.6292950125508	-4749.091181693224	14.977799310324917
?	143.28388979565725	-3387.254786120745	65.6798382699331	-315.1845683830686	541.4792473368967	2954.157768460739	1470.3902888599682	-4500.936779116112	10.38574918228132
?	-1	-2885.677795913155	56.42107926904737	-169.22782578161662	629.2804345151634	2860.167212489001	1410.582456056746	-4680.173076971835	-1
?	-1	3156.4306372188667	57.2184469808523	175.6614660001518	684.4876079613463	655.7178663186187	1236.3816350113773	-6864.7066787184185	-1
?	156.82153186094277	3064.0061632378406	65.20415256905493	252.77700831511757	662.0663278310942	-4081.787776861442	1067.3471221208263	-5394.866463959671	0.9911565927803872
?	152.20030816189148	-214.32356345494915	69.85729739660813	101.78209449999976	480.3982191182749	-6336.561389424273	966.6383118133947	70.60095392035262	8.02321918300456
?	146.10535368819535	-342.1935885494128	70.2932572940549	53.98392708297384	345.2382583598817	2298.0253772170386	1070.877169816844	12606.060224180223	12.946362686799485
?	135.0906287344209	-303.9333485550389	72.55649375075682	-154.03201395782102	595.2994879791264	1983.4781954601967	1596.9413230224036	7433.396255812367	10.230937596962907
?	130.90868626044346	-2721.812574688428	62.59165659616387	-371.1240779326332	444.41216813289117	2895.8031601691837	1442.546982607461	-1261.3336818061134	6.410825615557373
?	-1	632.0658969119307	54.00028985412522	129.3651561856031	740.0896459875851	3518.59832723728	1533.8746389320982	8591.273370009943	-1
?	162.51198110603988	2976.0845361201314	69.059914405444	361.8044837064147	620.3420844947545	-5067.709062140342	1872.1106511079565	7371.383958183004	7.8509777046829035
?	147.80422680600603	-371.2259982777086	72.09051403944589	57.422143865056434	486.7041928805689	-2405.306976361139	1902.443836841247	878.5051322768808	10.216746230453815
?	143.95068119215452	-115.4683056034308	71.93102159869682	18.587737820259132	500.07673567669804	-1781.1935190182562	1916.0359077218004	2225.817000837786	10.299994357196642
?	142.0308115258345	-39.275197061821956	73.01990093045885	12.633565920886314	397.6445169296564	-2646.064169731707	2013.734686883136	1099.164042875472	10.171761157098095
?	141.98692133906343	-116.82563756947714	72.56269989474113	-188.04739691076034	367.77352719011316	-1834.2860468527826	1970.9941098655738	-4998.426665090169	13.595311695065911
?	136.18952964736067	86.25906214633491	63.61753108492086	-366.18357346568064	305.9302145870176	-1582.2187737311106	1763.8133536286284	-3014.7307305533304	9.987503891863637
?	146.29987444638016	492.4643971136846	54.25352122145716	-165.97328584333528	288.6625885035579	5432.042522860061	1820.2575733379078	-911.131777455997	-1
?	160.8127495030448	231.16115721376414	55.31886679275413	391.9493191618286	577.5323407300197	3350.8032703646204	1718.2567647558287	-12219.015681700974	-2.1967157531912167
?	157.85793230706832	-275.95008746783304	73.85098717954853	260.9635414258906	456.20275202178834	-2291.1365886441445	1209.3067892528613	-10955.93808587024	14.29597905650364
?	147.0152451296532	-267.39900228779203	68.36704386404861	-77.96000585509289	462.97551129781283	4699.581982079042	1170.4598604623186	3509.006471061424	11.189951942870398
?	144.48798219267877	-119.93276017203854	69.9529868867939	112.53004702999061	691.1818511257396	6012.890035016426	1384.757112805932	9797.940711097157	10.654301368148747
?	141.0186071210513	-213.1000738515231	73.99354621554812	18.06206204375946	763.620013048633	-3090.183001521861	1660.3568960171747	707.075854455227	11.100957538190677
?	133.83297850010266	-104.57895185066926	70.85608998898186	-83.14724612347875	536.6727010496471	-7345.690535741091	1420.1109055286931	-2536.1360406197764	10.731324803883668
?	135.78965952851786	134.40621330074	69.8361839093742	-108.93140032321706	396.33548626157983	-4406.42340427242	1533.5500939861863	2786.370876020793	11.427235473922172
?	140.55328916513963	306.4087093477934	65.40951997282103	12.359942254453289	316.3515308360269	2354.701670367646	1559.4294493297323	-3835.232544354144	14.296603740472705
?	151.11009499590747	166.28047507203453	70.45418102209686	127.7663584537213	514.0705697799617	4726.1522246232435	1341.7884667684798	-11774.380715561321	10.536802248971116
?	148.86731291874148	-29.050129800399574	71.79783789550719	-32.70378593515442	552.6591420671924	1336.3343909224673	970.7104135516579	2403.9859521242192	11.84462923615133
?	149.65758850588747	-2997.346258374787	68.81899172533912	-55.071776888052355	580.887289326086	10198.728453379048	1461.9877643746925	18463.385919123994	6.513852562093904
?	-1	-3013.1517701177067	69.04424905110453	-42.85940322410535	1062.595564736152	10050.9208904778	1893.8797095078708	9171.027476914438	-0.5359497432898707
?	-1	0	66.67602156413382	-6.514564343778112	1083.4333338499832	2.3654770740858684	1920.539138220421	1879.7492578314593	3.182909352450231
?	-1	3301.9231862127613	68.71852083391562	20.078508634993852	1062.7138385898563	-9647.274146508771	1987.867172399445	-12525.93701314135	-0.6066143352622816
?	164.09615931064042	3308.721180118841	67.67994699588353	74.12391843287574	601.0696265245379	-10552.529226508643	1294.2422875633445	-20112.723436090044	9.820913085468265
?	164.4360590059444	-67.98700719670268	72.42471675555946	0.6455032946894243	535.0873772644167	-21.611389701428983	982.2310005949286	3817.342893548785	14.584074765526216
?	160.69680895080523	-3308.721180118841	67.712222160618	-40.1260927436374	599.9890570394664	11559.396602723657	1485.1094322407864	15724.377185970627	9.153067652665321
?	-1	-3233.9361790160588	70.41841211837756	-158.40088427853902	1113.0572074006077	9575.47572577892	1768.449859893471	7286.237108356341	-3.4310946560582907
?	-1	3618.4409493955072	59.792177946690934	4.398782210224619	1078.7628433284192	-11403.929670086523	1849.4212876586087	-541.1534162593912	-1
?	179.92204746977794	3604.2421617740433	70.6383512288888	406.5572951732802	542.8607238962734	-7374.917592780848	1741.392189080501	-1663.1734263998114	8.46240978984422
?	179.21210808870472	100.74287480970752	80.12004270535523	162.7852589366776	710.0169636893716	4403.7092527582545	1766.262616338617	-3799.244191246417	12.995735202589577
?	184.95919121026338	246.61430153615746	78.77761417572279	-322.2959339022099	763.0461865341893	-3103.638559322625	1551.4299795181776	-8662.737808467686	13.864801399608927
?	191.54282316551277	-3719.183824205215	64.0052460102445	-490.110261952439	554.8350357232381	-1592.4519232447915	1333.1257259152264	1941.351471849939	9.526046906940216
?	-1	-3850.8564633102005	54.27210107810049	-179.57303891414	683.4235903719485	1664.3357729077356	1648.4975531106759	9909.27727787017	-1
?	-1	0	55.02659406453738	-45.680909553087965	638.0518243686261	2722.970384844132	1828.589589808742	4905.338854000736	-1
?	-1	0	51.98805560044606	-50.038519744513366	819.5721096141571	9424.343080015316	1893.7644958107162	928.3086884018808	-1
?	-1	0	52.524668077311674	-13.76609906982134	1109.2689783693986	1383.252658693244	1875.0050242288366	-3265.1815209663973	-1
?	-1	0	51.29975064695498	-128.87993108936828	888.7347425488202	-7308.4880745094515	1730.505419762394	-2000.9256075411975	-1
?	-1	0	46.08067152284317	-138.846888494807	743.8445746439209	-3754.649937607511	1774.9587438517754	-2559.097891951951	-1
?	-1	0	44.357406222214536	381.15073331953977	701.002245668442	6408.532166569012	1602.5505251647946	1696.0312875342956	-1
?	-1	3662.139762569436	65.13820818882043	434.60529574909634	1064.271182972376	3031.6804895031464	1859.7603082284913	5987.07876270331	-1.57948558649485
?	182.1069881284744	3390.34497633924	66.08767100966966	188.31278237326035	852.5862701436015	-10163.731513475803	1901.9044632999644	-272.91494439383837	0.2966796345838407
?	168.5172488169644	-508.21744291575175	74.55384730748358	45.18165892572391	556.0846072985786	-8935.234132616906	1846.1145610087992	-1689.2315901874813	10.779454982590128
?	156.69611598268645	-3390.34497633924	68.34675395595589	-482.96012063710714	405.8245635127499	-1280.160624121404	1817.4428837905891	-3033.416486895451	8.99889608636276
?	-1	532.3821770397323	50.40584127562788	-1.1927943138056039	492.0765760925075	2494.2276503511926	1694.4437366640245	3324.2929420444607	-1
?	183.31522483467344	3459.7136060177477	68.28711424026561	476.9777284049494	530.5359460303113	388.60034446304	1983.6575308928145	5621.876530085362	8.336222461573454
?	171.98568030088984	-506.3981844651274	74.25472769587569	90.01418671681549	511.50659331565976	1383.8884611972194	1975.5375631682966	-5795.539106856544	11.484578741870124
?	157.99531561141671	-359.4128839350225	72.78782357610645	-64.23144156813714	599.7303690901732	-2117.2919825860135	1693.8805755499832	-12580.988734435463	12.171619826239617
?	154.01503610413846	-90.9120071112538	71.04315561746878	-28.540155425801736	405.6419941863576	-4292.269473699059	1346.4881264465146	-15989.638100998565	13.252039412032687
?	153.44971525585396	-69.73808514824455	71.36081580481634	-0.35159298376384596	385.11689540521724	240.4115443211026	894.3986705000435	-6008.635826459177	14.29639931610069
?	150.52813184672618	145.5624668682443	71.02557596828059	-8.039632734205384	417.6625714024129	-2290.127219320955	1046.0563351235514	2333.8758358512596	14.498362260373872
?	160.72783859926628	559.527810687137	70.95883416810607	73.85704701817284	270.61053443916785	2080.7433223635176	1011.0924622926082	11385.85647815061	16.73433119248462
?	178.50452238108343	515.8721790656808	74.71842831918929	100.85359143014641	521.6997375205903	7286.683630671181	1615.34915903109	5306.772720931351	12.718262923689846
?	186.52144755255068	243.2819128528211	76.00151373961346	-35.91263643962242	634.9447159727321	-4844.896218744506	1276.4310983391795	-12901.586867440343	13.740480333594508
?	190.66861802372466	-67.4742260677353	72.92279649720814	-83.54552700712384	279.4549265833615	-8689.051453506892	970.2698156590637	-3081.042838001983	15.654162479599147
?	183.14773624916387	-182.29361728116683	71.8242373892572	37.328125211634564	200.49214329738132	426.7238369738796	1122.3789564390781	9564.741692989686	17.75284796911607
?	181.5539371596662	-279.9137185244541	74.7892027577899	52.351975787424685	300.7911184320558	2589.8354318088855	1448.5069003085548	13131.666157705695	15.596491852764137
?	169.15205032294097	-3631.078743193272	74.44183617862848	-1495.7840551557767	329.98391488782744	-6015.82236864103	1778.9622643243722	-28970.138006170684	14.270477539334996
