rowLabel	avP	dP	avI	dI	f1	dF1	f2	dF2	h
?	190.99527340237603	3800.388086640615	70.72844441081573	1352.5708399857972	561.4827379331017	15866.059418158826	1373.402402943002	31278.84512511929	11.954406486008429
?	190.01940433203075	-3839.9054680475206	67.62854199928987	-21.603443776593565	793.3029709079414	5521.403600915228	1563.9422562559646	4687.517152518376	-1.6302914702509335
?	-1	1032.4558668256288	69.64827222198605	104.06572989484172	837.5529179788631	-2611.113295171723	1607.7782605689208	-1691.8932379713801	-4.507315395210254
?	241.6421976733122	5504.841753425161	72.83182849403195	125.79299592451864	662.7473061493552	-1711.5130813222804	1479.3475943573956	-3769.9783882363054	4.774895177474722
?	274.242087671258	2464.7312828887957	75.93792201821198	14.917329494389268	751.9772639127491	2014.1305183977197	1419.2793411571056	-2624.2842979574975	6.0292081163499756
?	364.878761817752	1325.2424143068347	73.57769496875142	-163.32984936780295	763.4538320692411	-4118.270803453721	1348.1333794595207	-2501.332412601387	4.9378557193094545
?	340.5042083865997	-2309.4039139734123	67.77142954982183	-36.574832856457256	546.0637237400631	-6530.375380662164	1294.2127205270363	-320.4026925013978	10.073939566782231
?	249.4085661190814	-2500.664235877868	71.74895332592855	105.74757361146513	436.935063036133	702.609343165184	1332.1132448344508	2170.2761203780897	8.270496750239552
?	215.47099659270634	-1144.6847728522673	73.05880823039509	-280.52171267900087	581.1941908983223	-1043.2025970320174	1402.7265265459407	1918.9541275667311	10.06345436669651
?	192.17432747646805	22.198647687089878	57.722867691978514	-266.34611370852303	384.77493318453213	-2176.7616119464305	1428.0609512127874	561.4814454666886	-1
?	216.58092897706084	597.4203083969604	59.74150254496894	307.2668335146496	472.3561103010008	-273.07780244277956	1430.8005988192751	1468.260486513876	5.701440413160803
?	222.0453428963161	309.47872673207684	73.086209367711	320.33967431985474	371.12104306239314	3415.65831882738	1501.4739755384812	-3724.8814407116165	12.785405101859322
?	232.0548653136647	420.05404150023327	75.75848626096169	55.157795815477705	643.1390262423699	6681.114199454524	1244.5565267836942	-5936.4993881925	12.162723042421343
?	243.04804497132778	280.0725965467493	75.8440991584849	16.241165076829404	705.1767530351197	596.8019529335169	1204.649006128856	272.1819524954569	16.04024970592038
?	246.05849514100217	16.68459772246534	76.57054451480316	-2.3506592985211205	672.9791238890458	-2571.5454630361546	1258.165624408467	6931.302706480122	15.496478514311217
?	243.88227485745105	-224.3045389815101	75.72656619355884	-12.262878669083069	576.5994798833118	-5336.451335357287	1551.2141414528623	11499.602945452601	10.991706426234018
?	234.84326819192665	-414.63357102287114	75.957400581349	42.206802870058446	406.15655712118127	-4264.519798459423	1833.1457716810976	8874.79255426396	12.262615225740412
?	223.15059630630748	-455.6151470032576	77.83690633706176	17.42531645195554	363.37348996034046	-1136.6766911324341	1994.9537691660607	961.4123957934535	15.774260683564034
?	212.06251084176375	-565.5942374708304	76.82866640394678	-173.47833631673652	349.3227225645595	2921.7425542012743	1881.2163914707703	-8752.857175252631	15.373139750708194
?	194.87088443276593	-4261.25021683528	69.16298952122493	-173.62391474199592	509.4606176704043	9791.491906284457	1557.3109104034288	-3532.5016508200906	4.469477622888702
?	-1	435.0158794073083	68.147470666847	132.52167205450138	838.8973178787817	153.2224252261129	1704.591308929766	-4998.64555958346	-3.8147935037481586
?	216.62167840313137	4189.444793791666	75.78907312395	173.66539578036694	517.12173893171	-8508.432837714616	1307.3786324242556	-7485.956304143345	5.409608453708261
?	208.47223968958346	-578.5943026279023	76.83074045586535	-172.21461815941197	413.4756759930505	775.7600648767691	1330.2934937225984	3397.74708671254	14.612453751139274
?	187.69196327173623	-89.5678426129904	67.1783422159794	-119.21305164339107	555.9097421755484	2696.551533051944	1477.2659867598827	-2019.0139238400643	4.207278248597874
?	203.99384755893394	334.1298099466681	70.8700878736958	118.20864261402836	548.3032526456478	1451.0673643557684	1229.3427975305951	-6026.14852429775	3.5626862341780465
?	204.39845376906965	-34.149041976375514	73.08877434668082	4.243644134132008	628.4631103933369	62.65365978851372	1175.958560544995	-2480.4976788781573	12.044858167569917
?	202.28639546011516	2.5281535796835874	71.0822700804024	-146.07455715988564	551.4359356350735	-4668.955589437308	1105.3179135866872	2388.9683606909534	14.181998003693499
?	204.52486144805383	-104.4777872848896	65.78504648868653	-140.01387086779079	395.01533092147133	5884.2009887385775	1295.4069785795427	13153.772357575455	12.744398915149617
?	197.06250609587067	-4110.497228961073	64.08157653701285	124.65337740300458	845.6459850720027	12380.59227614405	1763.0065314654605	9967.641822375877	-4.033703136355083
?	-1	390.9656571886651	72.01771535883677	161.41827874308248	1014.0449447286744	-2001.710132633039	1793.789069698337	1834.4440319567532	-2.527729920464682
?	216.61078895530395	4393.061731030821	72.15249047416698	104.02647552747983	745.5604784403506	-11241.697543400132	1854.7287330632983	691.7628754581341	-1.275349862280287
?	218.65308655154124	-42.950531850438516	77.21903913521076	-96.884991104558	451.9600675586674	-6042.468601379137	1828.3772134712437	-4326.614647645411	11.219388355238246
?	214.46326236278202	-56.61087238686827	67.30824091893908	-41.70998076024201	443.4370483713935	263.8263723096836	1638.3980006810275	-2106.871145322846	8.311795033608167
?	215.82254293219782	-34.551147269762595	75.13354009719866	5.471099833648618	465.1513861741516	3148.9670979133193	1723.0336562051014	1005.7171024241088	13.361120834306343
?	212.7357049992939	-4336.450858643952	67.58179591062151	-303.54416277283633	600.8854032670596	-1466.2578354708157	1688.683855802233	-3547.0040271134044	6.5141690835005015
?	-1	481.49492645040607	59.95633195855683	76.29004503641077	391.8384944006107	-2977.5624508550354	1545.683454849431	1401.4336033470897	-1
?	236.8104513218142	4541.805642568029	71.39629816244205	160.1525995560617	452.0072807243077	-803.0744064131231	1758.7555359695875	4332.335373686893	3.072551436693468
?	226.09028212840164	-280.27520450702104	67.96396193635992	-246.2676813501735	351.68477407995454	-448.58526118076685	1762.3002235337758	-669.9861130954599	5.672651335095971
?	222.79669109646315	217.19754965181303	59.082914094933365	42.92537765722013	429.57801766526933	3697.2060867986456	1725.2562303148145	56.812324857391964	-1
?	236.9501596109923	55.27355866187028	70.11023081922093	316.3311146694879	536.545078419887	4108.032915924787	1765.1408397766454	-1229.4774061536734	5.12182731791139
?	225.56036902955665	-325.86471476316774	74.8994698284077	52.31733886738529	634.9796634615079	2103.6747250862895	1663.782360007131	-8887.367962547987	11.162411742682822
?	220.65692387283397	-89.03334756264005	72.72609776259019	-105.30205830999827	641.7288146742011	-6206.411459472797	1320.7724416492476	-5676.934438988316	11.47783933894618
?	221.10870165142467	-291.9190518444133	69.63436691290781	-240.5497527973806	324.65909048786915	-250.94424715036982	1379.9356380577162	5210.421010557684	13.7890333324788
?	206.06097128061336	75.26002022642074	60.6986101227212	18.575256830220678	629.1816023166826	6389.66847181572	1581.293492177131	8083.586806159426	-4.687762854465853
?	224.8717026627457	91.84152170704725	70.56312975441884	189.2447784031415	644.142514078654	-4699.539137413363	1784.114978365686	1306.5636193919863	-0.2119106233776233
?	210.6530473659657	-4517.4340532549295	70.16084904287824	-210.25296527622206	394.2046454460153	-1528.5378604985508	1646.62167314673	-7491.983189833303	5.870808982371792
?	-1	414.69883163248176	60.05048149060777	71.33706184677575	567.7156210537268	1226.0034796295301	1409.5158188740222	-4140.1791938397955	-1
?	231.38798894758972	5093.50724076826	73.72770213521702	366.5618889163136	455.5048194274916	-1065.3024178843423	1439.612713454741	-1743.7991075386133	3.9657158063899667
?	253.67536203841212	1275.3092473634483	78.37857593642339	50.144790606334375	514.4505001595098	1379.155696415833	1322.3258634970919	-443.3756959199461	13.077723758111597
?	295.1534513157619	1855.0027811775803	76.23494166553373	-21.48281467821541	524.462604248283	627.6728527258706	1417.4439286587437	2434.803505234481	11.266441299019329
?	346.4255010972908	625.9423777643531	77.30443520251262	10.521497318561936	545.8341427958033	1319.4861980968997	1444.0660387588155	6777.859528441487	14.712562497319345
?	326.45057020397945	-1877.8965885209604	76.76101653146182	-131.37061377723956	590.4369141531278	-1470.521445241937	1756.336905080817	3529.7874225117575	7.741750695739623
?	252.5306716712431	-2066.7293267020896	70.73590451365067	-327.21829581239035	472.30807053370665	-1322.4717141480621	1620.5554098844027	-6632.811547878074	7.536001295151924
?	223.11410386887533	-720.9285811516597	60.40010174084236	43.57059358416096	524.3133284457249	3166.865107782212	1424.6963276869144	-7767.276677029695	2.4126744390839723
?	216.48424261366026	-244.85363480642465	72.9144341928587	43.45566124889389	630.6513259228167	375.3610336276542	1232.1915760329193	-2339.16856017186	7.548138862946208
?	210.87142212855414	-4349.684852273221	62.572884803287046	-460.1073453124781	543.0813801271075	1175.9365111026586	1307.7378996783218	2838.724019976754	12.21869203954644
?	-1	725.6783316506964	49.90906692723488	-148.05923721498968	689.4481514779494	2138.654421373536	1374.1277770317565	1973.231641570799	-1
?	247.15533871108883	4630.6644361022445	55.16992294253759	494.565682489439	650.014101195784	-1036.2138310345508	1406.3994817568614	-8567.844208009974	-1
?	230.5332218051114	-349.6303030298021	74.63735105170674	297.81016004519535	637.637459926222	-1314.8213342854253	945.7355666312593	-5824.445995141371	12.939214427578833
?	229.6738235595988	-25.92283706915064	70.0604309447973	-371.5699334966428	584.2730344815129	-698.4772640583335	1115.177181999794	9831.40812833795	8.684617460611259
?	229.23707995165387	146.6910105928394	56.05885437687467	-142.9751119637738	602.7135967233055	1044.9844502944338	1437.305973048155	3138.77771891114	-1
?	237.00837408924073	-139.73606663040803	62.91167534660864	380.19408836135915	636.5222569962344	-1334.5847688562756	1272.1160679453503	-4711.356929266215	2.405028182036914
?	222.2502766201335	-441.1628106153977	75.06855879494256	251.23812559452335	535.984358280492	-1872.885276103261	1201.738126584845	2189.2148695267256	11.98344307850884
?	214.95023355847093	-289.9158608394787	75.47358162633476	-69.56099848662599	542.8779931910717	1043.4662987869856	1381.5768114216862	5998.238201626735	10.90043112649234
?	207.7544835781596	-292.2846473743157	71.59050887061127	-354.7436638291019	588.1576732198411	1906.208187542286	1501.6500366661808	6063.292702099328	11.786597980895385
?	200.3360011897552	316.79471601853095	57.73639843487973	-252.52229334590544	638.1884025681857	627.8680855569292	1684.7414465266515	4333.766291047138	7.670986193686194
?	223.5942193790861	233.2896571355465	58.96439420331605	336.8995515086005	619.5510774976874	-4089.505341206744	1718.338351218537	3773.227206095207	2.4429874199972255
?	212.00048404653248	-225.29315180005278	74.5813760103097	133.36716774829134	433.7131355078492	-1908.720001220222	1873.4028068314112	276.7219169627661	11.405682368316024
?	212.3295617890835	-4260.009680930665	65.63275259073059	-145.4575355453306	524.1150774366766	6835.024481331947	1732.1744470666752	-4652.765353329212	3.7878086664721398
?	-1	-4266.591235781685	67.3084992330432	-130.0441688762996	775.4643595744453	1477.5842481838852	1640.7645391649514	-6306.29022134297	-3.925610772170117
?	-1	0	59.13054414691563	-46.91679490869222	597.9942898458706	-1393.6636291745508	1416.8599359995278	-5002.5317666848605	-1
?	-1	4439.826694398166	64.96265948760859	346.3877463547362	705.781178115718	82.36911670996308	1390.6379508307093	3294.300381881206	-2.008139681457657
?	220.9913347199075	4462.499741341813	76.44993146465238	186.5328210752467	602.1127456813688	-1643.540112860716	1581.5749550935875	7142.224193247705	7.998811298043313
?	222.12498706708988	78.09594419580918	74.28930054137089	-190.71780203039322	623.6041724726825	-4631.921162305053	1747.7491604930933	-739.8092903206569	14.904022397684358
?	224.89613192969796	-138.54791609554857	66.91404136313275	-166.75172885876864	370.51668756611696	-6923.714090992567	1544.5844905775548	-6644.051953453482	11.876569773596444
?	215.19759126231247	-334.11037185388415	65.95171409843249	169.4691224483913	277.4184679230554	1604.7802751136055	1415.5465628204204	-994.3345102067941	13.26002276780788
?	208.1906133370038	-338.84008475911975	75.38749748555229	235.57969207397005	450.75570132179695	5070.72290478235	1494.8677650672153	2050.55185356898	14.756553125414646
?	198.25558702435654	-231.46025847979698	77.73069870213095	14.839618217481867	530.954613162172	1985.264339892923	1518.074155498869	-155.6905352851214	14.899404959858094
?	196.617600413014	157.7057088818242	76.12947839642638	-90.10836472565335	550.0189183164428	-3747.2047975673318	1487.0832383029592	1125.6537644866416	16.65756827858819
?	206.14087246844772	445.7774224668582	73.2252804658483	-2.9679909689468893	343.5943732838061	-3650.013129890404	1574.3568437232009	2619.2297416561905	11.534066213143102
?	218.90647153635683	319.82564302626315	75.98107884797904	43.72758082870904	367.5182618219232	4473.694527243402	1618.0447253857683	3702.9947464969696	14.55788034401031
?	222.13215461976083	-14.62116752503851	75.41165950728374	-161.88220749768192	567.2790996459754	-1249.7883659452305	1759.5065810480487	-5084.9458167387	13.29643893219735
?	218.1754131601049	-659.4761377783489	67.88696847309497	-260.69642590047386	305.0288435246619	-2597.658682917635	1363.7974345488342	-7982.799778168252	10.662525881768119
?	189.1583477308435	254.81933111235867	62.3768382122601	136.66748330867128	437.3961655000941	3284.782840014292	1360.3665921396375	9762.348164327817	3.1660010737786592
?	230.9163797157228	691.7947422338514	74.7203426385285	40.117232692524425	469.26798552537593	1619.160643098212	1851.9148427652233	2612.6358238605826	10.08838726964258
?	223.74808484253595	-4638.327594314473	64.38269984688631	-121.3022922245078	518.3541976550044	6931.6485599817725	1490.9983833326662	-5018.520562290323	6.7013970994999035
?	-1	511.2366145690994	68.65522802730314	81.17203176830032	815.8504135244633	6525.099245078882	1600.988814650708	-1582.8436669493851	-4.054807446709794
?	249.30991557099082	4608.181708070037	68.44130143530131	136.47537568005183	844.6091599089474	-2436.3234281789933	1411.8561999851972	-5834.702282616302	-2.1585894769357648
?	229.409085403501	-682.436805436679	75.4789968113057	-46.56338212427374	694.0342421155141	-6146.979221224985	1309.253700519894	-1122.8156603912516	9.193023573397046
?	215.188075299157	-295.84357794701236	66.11313232908763	-207.85805844136138	537.2601988476993	-4780.219310958606	1355.7154169656349	4239.970671320777	12.340782538950887
?	214.61690650615043	86.50368272666387	65.08609388923767	170.84347391114736	455.0232765675846	1471.0403298599779	1521.252234085932	7904.67080289328	10.789041365951835
?	219.51325943549017	181.20947753808431	74.65530602464497	223.72735671291588	610.8122153406979	3693.109685726965	1750.9489571102974	5012.175400382439	14.673830368293668
?	223.6773803830546	60.17656630899772	76.27246172488343	23.028368808561563	639.6787608539322	424.0895564179338	1771.861004105053	-4795.348898392744	15.612931652055732
?	222.52208775094005	-132.53688180377983	75.80672446507305	-180.712314690714	632.0166931615945	-4064.539335185852	1511.1815121906611	-8967.679279594837	13.429258898150177
?	217.05053629286564	-257.5143478108962	67.23684599034776	-48.04905237066197	436.4517940946403	-4297.116769264401	1323.477040125313	-7357.156437025632	9.673983536547002
?	209.64637036039528	-431.43877816575224	73.40427184653996	62.7958683201495	417.1608546983752	-2069.825876594428	1143.3236903393808	1646.0890472383621	14.087018945621343
?	195.4785973845781	-15.5438869136305	70.37663940635522	79.81031772307318	332.9605002649193	2246.863913147015	1405.7814924872307	8746.440544367955	11.189124198593769
?	208.86917601471376	173.1774918451709	77.3947877326936	61.3999813647066	529.5040503557256	5055.230853561787	1580.645717557777	6438.423400981878	9.291917032525758
?	204.13747197683662	-85.42293221800408	73.44663847459054	-131.54137402049048	585.7220429430078	-1327.1125831131897	1727.7026625363235	6640.243627682276	14.428126197215486
?	204.59802940381357	-3.868782811948122	70.8177190316691	-26.91373950392015	463.1484212000663	-2311.104185115677	1912.6578989418897	3321.615895608068	13.821087361137874
?	203.94403283623922	-73.67547555599484	72.10095149939454	37.482829919168374	470.1668336872243	2330.457860465075	1893.7834573167263	-8218.408273328534	14.139703025033004
?	200.91425562601384	-139.8752199235644	72.69186052762751	9.587724703822323	579.6713142233197	4191.873309659244	1501.7374852754645	-15845.854237522304	8.672912572158758
?	196.95027184006102	-106.31984134284873	72.58033773458566	-160.22720263701132	679.7604991701858	-2474.3981169070976	1101.4907454406139	-5022.741807693046	12.124531760267732
?	195.59826355887142	-3959.0054368012343	64.68050039577697	-209.1074937436588	455.9514083779652	1243.8451964171188	1250.600394890813	10782.990033738472	8.9774562997633
?	-1	329.1486769248292	62.12496304740275	45.79966827555938	741.9527589910415	-310.55276150196386	1640.6402471275355	3291.1080461184865	-0.5597596279005473
?	212.05569740511282	4224.492403378166	66.97048380955494	290.7720841021862	440.42377030286707	-4083.479040303831	1415.1557971967368	-8616.08000550213	9.04133669167764
?	210.22462016890756	206.13755823238608	76.66356725251201	156.5622237072239	537.7788069758507	5031.855936856179	1209.8362468524306	-5466.268794394751	13.306158895246408
?	222.3625753167321	1037.5402926990275	74.7985949949161	-76.7832817271602	692.0165671456751	5176.96582563407	1141.8423574770002	-2008.9247488221351	14.435490497335218
?	262.10163480385876	1750.7080010358861	72.82440316615401	-92.42796373522883	796.6270982575533	1232.4914898373092	1109.3900094113242	-1636.4660621581666	12.220252088369245
?	309.8979753685261	957.2143972005472	70.17719680815468	-333.6502026427674	753.6411416375404	-1416.106880576181	1060.0190543690921	5329.652872341404	12.329681486246127
?	309.96235466388595	-6217.959507370544	56.1418930340157	-250.64358347789212	725.8217542287445	1329.7311397640285	1375.8726530283934	8403.166104995245	-1
?	-1	-6219.247093277741	57.645017634260114	66.45037698258643	820.1276986257416	1173.4921848163021	1480.177359618853	5013.829204122981	-1
?	-1	0	59.46441188314501	59.11094236962647	784.4963634695594	-836.9368472709364	1626.5641132345415	3210.8868324957552	-1
?	-1	0	60.60056475274143	57.01761633018214	778.2808562621949	-2435.7836142571973	1640.7217012436402	671.4767459471819	-1
?	-1	0	62.31529269965411	95.63120847574047	662.7071827566999	-6068.591420859315	1660.1379505319005	136.87893205719368	2.496930110553071
?	-1	0	65.38212517652843	61.859851341812025	474.85128521923025	-3662.9519067569136	1647.5656478464998	-460.02239423454904	-1.1232565828989542
?	-1	0	65.4082852667447	47.82885924585332	479.5595874188549	1035.5297560791237	1637.1368308201731	260.804852479665	0.37434304576497734
?	-1	0	67.77356813882109	117.39343454322933	526.6277730231863	237.428403314386	1660.605890470483	-2477.6800135014078	0.04394864318542156
?	-1	0	71.27795699390615	39.126677798141856	491.43100758457416	1346.9820136614296	1513.2528301451032	-4500.747514323814	0.5635711373411826
?	-1	0	69.72990202872818	50.17507307748833	593.9768737062575	6468.017216361926	1435.5685147542931	4042.898318606113	-0.3079748827196382
?	-1	0	73.78671064778055	119.36754179599703	814.8318684026693	5955.759020334936	1715.3977460754081	6693.063582164919	-1.3086411025292282
?	-1	4545.279587657712	75.698279118528	69.97693011383002	891.7648247230032	-6981.84565630636	1770.221693862538	-2989.458102549944	-0.5970508379509758
?	226.2639793828848	4189.8909278345	77.28555715347204	-84.42869918586895	465.73958558735256	-11110.875004348645	1565.9248409479114	-4496.058236617808	6.692003891440825
?	208.49454639172424	46.22847670641209	71.47684415923457	-42.92509298434553	336.2210745055729	-1932.794899365581	1545.4187820316483	5608.9499541631785	6.609062474277344
?	228.5754032182054	919.6632471692441	75.13930250425477	110.60762552325326	369.09984061907386	3069.755507234417	1846.3723386560694	8052.172153105454	7.00908979035695
?	254.47770875018628	602.3660171477956	77.00722543539722	2.406967913923958	489.7088498672932	3574.952676321975	1948.0273896869196	-4391.520676459724	10.85418221616114
?	258.69370407559506	-329.9971115076625	75.25965089995097	-349.34453268048026	547.847474435172	1204.6412323329535	1626.796304833084	-12825.632410097829	12.241380007257101
?	237.97785317480322	-627.4833690964192	59.539998801373265	-265.3177298091721	549.9409114839407	182.5573242845514	1306.7457691820305	-7520.889500162533	-1
?	227.31953562077422	-186.52536011915694	61.993764409492414	274.92305815740536	556.9753406493995	2193.3218790295186	1250.7518298249586	-1884.5973948484354	12.229178897829438
?	228.6515851688454	-97.8485980382286	73.28615170924348	304.1787745115081	659.6070054354162	1979.8404553602088	1212.515899439609	2287.88987770893	17.413205739716062
?	222.4271057188628	-254.4390385507669	77.20270313506777	72.38945844436356	655.9673634174096	-333.20566863698906	1365.1463237104047	3478.3904618657184	18.17694718952081
?	215.9296332413071	-192.409083131471	76.90562463146165	-2.09414081977031	642.9467220035668	-519.7215253755117	1386.4354225328943	1008.2395792975594	18.779785570528997
?	212.8066515622893	-147.69667502150065	77.09799609407925	13.32210172036928	629.9812871486341	-443.49276320100375	1415.5583026752824	662.0239111202706	19.00573268258023
?	208.5447994902321	-130.22812030413877	77.57172971748011	-10.021593173722216	620.7720838435167	-440.2733328089919	1419.5366180889077	246.47034199812057	20.60535418206293
?	206.29524554708237	-61.88983228838389	76.59691643539314	-40.32619947374556	607.9676205081846	-760.2614473880208	1427.8818197751884	618.7763595081264	20.952147351075602
?	205.4503078758129	-55.85426448543237	75.55541974379284	-17.9265485560689	582.7590114741158	-665.9141425858912	1450.475436064314	1238.8329004855311	20.325815332555507
?	203.50253232281077	80.59295972198385	75.7005890075897	-26.55834811858436	574.6719133788902	-2053.4159406527438	1489.8234647994648	2489.650903894894	17.48509060055763
?	209.4799558619121	229.8049533275221	74.22750233786363	-62.90341066731735	480.088214441479	5496.317428807225	1574.9579812590582	4891.508544742036	12.88304301478565
?	214.99277998918683	1090.1061389222332	72.55541847422384	13.110606556226163	849.4877848192505	7904.611643603175	1734.3988920365657	3509.6396961701917	1.0039798023249167
?	263.98526280802355	620.7885843066872	74.88303266567493	38.20764622414074	875.3187966216364	-3228.416562760715	1750.4399660675672	-3777.8908044785067	-1.9462517764031386
?	246.03220920452108	-553.1259912005205	74.46580078543087	-365.0983574395635	688.0669566812153	-7916.146609167233	1545.504351812641	-3827.46224610662	9.839541213779445
?	236.32896324799762	196.75179787636367	56.628114793696824	-265.0094602708934	479.5114661632761	-1305.131479829115	1559.0668537622369	4589.479598257511	7.326773917526456
?	255.86979909833923	243.33816321162573	61.21532777188625	337.9651892271088	622.8103826897598	4466.462892742628	1774.9783317255158	2972.111421628689	1.8044285198664165
?	248.49587140857886	-382.34712901747025	73.5263742550522	-52.16884893497398	702.8346108004067	-3316.562430850984	1707.6724248436708	-4786.869218080268	13.233367691664744
?	236.75244264746578	-4989.917428171595	58.60688532513756	-480.0799148847209	456.98226114721115	-3174.452634306774	1535.6348708215032	-3658.3312030081283	8.651978553019404
?	-1	502.94730032339834	49.522378510816246	177.35649832986658	544.1119790850686	1312.4525273542147	1524.755864693265	3624.8268836960815	-1
?	261.8998076636356	5240.844374281046	67.47471024163086	535.1270009142812	522.6048875149216	1363.3578981605503	1716.8762150063067	5619.885240602841	8.210881541527895
?	261.0422187140514	75.47729650419369	76.27872855653021	67.39079419663422	612.2798739930959	97.43743182070637	1805.750126723406	1485.6517250989561	13.986876750495403
?	265.6736724888453	-5240.844374281046	70.84424995146256	-364.85691800138767	527.476759105957	-2631.9132730486517	1791.1588012612542	-5146.148621441075	10.254123676460793
?	-1	-5333.473449776925	58.03588265646089	-196.42050742056853	480.68421034066375	1380.8185935617876	1548.4426956513532	-2152.8904300446843	-1
?	-1	5305.437861367352	61.02322458043417	265.88848523677564	596.5176887840461	-318.6430348827264	1683.5142797590204	7172.488481943522	2.2687195045958686
?	264.27189306836664	5118.769288343126	71.33030691829963	323.11930384213656	464.7520585965275	-3275.0841836315262	1907.067119748528	2860.539438556594	5.627327228147608
?	254.93846441715542	-584.0211430648626	77.17918977254094	46.54102254205059	432.76347960247034	-2366.250199925685	1826.5412516868496	-3686.3096203547907	10.565805027205244
?	235.0708359151236	-349.1601762603126	73.65735804540215	36.58033853359184	346.43954860024365	-3018.935664741412	1722.7516387307892	-8749.568276076465	12.175407995081715
?	237.48045560413985	240.44275847790203	79.00820669922052	114.04335964611973	281.8166963654003	-173.24332301210524	1389.062837883028	2024.6502661202685	14.183230716962274
?	247.09297383901867	248.74903202543098	79.35952602770811	-12.15720094899585	337.7773824496384	1447.3994056276963	1823.9841520368022	10886.152839996465	14.34900010798341
?	249.91790720541135	32.84805273887525	78.40034665177073	-23.102563235702373	354.18666664678483	-276.86297347257533	1933.3704798828492	1982.8739605320768	15.70370531350035
?	248.73537647596243	-177.61254295504563	78.204397865923	-49.65736348028333	323.9342337760097	6326.015330340015	1923.1278500634057	-5192.873632840442	12.857148194429424
?	241.0372800576591	-4994.707529519266	75.91747847775658	-69.13358856456337	670.4874331637844	11754.166048325227	1673.726798240828	-5178.507252546315	2.554107552135444
?	-1	-4840.7456011531995	74.74771843769484	-6.556762998242528	911.642536192269	3419.7041582214465	1664.202487436091	1023.8238636549695	-4.182996549708883
?	-1	5234.82872695255	75.58964032784445	25.2931375409846	841.4726410748561	-5253.897607034451	1724.9179914235763	1298.7666399506768	-3.5770564146806954
?	260.74143634763124	5371.928299185716	76.01237531474409	34.871659036090605	648.9476558405427	-10336.217293669348	1729.1408194336257	6997.011113130189	-0.09410254555483037
?	267.59641495928963	291.96122028274357	77.333223279649	-16.075168693983585	324.6617763913814	-4469.589152174199	2074.7685470800907	4998.374991871176	10.528525173123287
?	275.3394973617686	-48.03128581158876	75.2086168800449	-52.07499665445749	425.46819823182955	6405.614103830182	1979.059569027188	-10562.960656056184	11.089071035230365
?	265.19485066871016	-604.8232600338001	74.7294734469261	-29.07888474295605	644.9424815828951	5804.934509802919	1546.620514277274	-16232.876622414407	10.581723799895897
?	245.09833436007818	-775.247444455363	73.75467264289708	-80.99802921320587	715.7149237219796	-3637.052279176191	1167.4157379064561	-3681.107803139746	13.596728897363613
?	226.43247844594146	-720.2985830365122	70.67957198626574	-2.9112856604134705	463.08986762408296	-2262.5613294864634	1362.565124120284	4567.201687007536	10.704087371950196
?	209.08340520825206	-604.8611744600958	73.6091083598764	35.94305596651458	602.5868572476549	6046.322570709707	1395.7758222568361	254.65325304751426	8.503461607059851
?	196.18941972293624	-349.69155735338535	72.4767247845915	-15.320699714062082	765.4059961595726	3213.4177003828495	1375.29778677266	-680.3921181891559	14.199472044932056
?	191.59882734058255	73.93285741769157	72.84307337417329	-47.50909020430374	763.2577422667996	-2323.431762794022	1361.7562163473779	925.3516381569766	17.704742697196252
?	199.88606259382087	-425.8593611966884	70.10127027437628	-302.4486263773118	649.2344080198699	-5009.080799836119	1421.5653686805094	990.4373188820541	10.609957368405793
?	170.30585928074782	-955.5754764588273	57.72064205530748	-302.90015587366435	512.8037022749901	-2907.675950813545	1411.2780822914813	-901.3926013644831	7.374710664724676
?	152.10728877087882	-179.34331193103645	54.95626248069284	28.131131254042312	503.85061047919055	-1066.0205414668071	1376.4957386122846	-276.73261903519295	-1
?	161.33869368419587	2238.831205836067	59.127198618009615	307.36278745820516	459.50267520164897	644.542234482369	1397.4414513397214	2198.2623853787713	-1
?	264.04884906268376	2113.8363693885267	70.32440185360332	373.7276873725683	536.0777222033095	-2007.3462029587608	1486.4088578812248	-5320.8022894327105	3.997515108634744
?	267.0305121536237	-226.78980895158438	77.8135829866383	137.45737698783702	359.1353650537095	-2451.757501250958	1131.4013368680821	-1880.5276649837429	16.108616412733817
?	252.70935861510438	-762.2193057520025	77.19727070299527	-66.77441171195189	413.4898471407598	1408.1831793963152	1392.3824746320363	8434.71874985359	9.320566631108616
?	228.91954686602304	-495.6850920357292	74.47486240104065	-25.897266975431336	429.54452402352626	-1400.1390926631761	1553.1372743607676	-490.99432096647644	4.841567527606261
?	227.92510401331756	352.0729731936491	75.90240735422368	105.78177776780043	343.4828925076	797.9195382840976	1367.8327585837121	-8048.265978784019	10.22882214823132
?	246.52319552570575	502.32659016628895	79.76395128943075	58.826528050656194	469.4405009377317	-182.9608195385239	1150.723975421561	4547.052483076453	12.289297044924544
?	253.04143352163237	163.65555143914713	78.84373375675654	-70.05162169271458	334.3348515306737	-2101.9547605363764	1595.185382737538	12052.559482689987	11.669916189749147
?	254.70597309766322	-530.2508914032665	76.26137020479497	-97.16423789737154	364.3427629109114	-539.9578426769145	1753.3519495560688	-2738.928590937173	15.182653043891332
?	226.52888895146867	-59.94132860168264	73.98552186188789	39.549220221900335	307.3369593968276	2303.869026075161	1458.2389531906774	-4520.7441047436205	7.5624287952382705
?	251.70890666757904	585.4979805084602	78.23883121589002	40.124475132994064	479.5362142146711	3298.8388941138846	1527.3147443188846	2018.9302389492454	11.24562639691976
?	255.8037879768921	25.223220015278326	75.99174561853762	-54.14338656600856	472.27890410252417	-1204.5531624708792	1559.1854651381411	2145.657617319936	14.795285730758323
?	252.97006766834298	-39.85024160040098	75.53166188758955	4.49520205288615	419.30855609112626	886.4647439526071	1634.5976251848829	4413.822945074668	13.725924959846528
?	253.81127589687202	-82.81173783706318	76.21650572118193	-43.71741899613051	516.6021413001552	-1041.227955380233	1779.8766123918776	923.0723357826543	14.058752906304457
?	248.82948077648976	-249.0572353661308	73.345790937783	-41.826954618689996	367.2471583221139	-4207.278932775429	1680.7512419740162	-5497.560890088243	13.706516404889058
?	241.3584141285653	-83.11246540880855	74.1251579902474	54.816748157738076	306.2381946613807	2267.284141908477	1504.9985678874616	1214.541013007366	17.722104185264993
?	244.67385750604927	52.46731572817719	76.08662834566994	8.463856613663431	480.61136541753933	4177.989950778985	1741.4782926243854	8606.310551678862	14.165166504726212
?	243.9817799149742	-38.16764083743581	74.54835082093058	-24.834047524708684	515.1376922003329	1311.0985235502035	1935.3140954714108	2994.745623508459	14.857729377362569
?	242.76547546417746	-62.510753558848045	74.84492596943449	17.772678618664518	546.1662915950504	3755.5969579452485	1891.2155737998105	-9588.694714428799	12.256347155623795
?	240.85624223703175	19.486269873828242	75.43698475186382	-54.07571359487983	702.917540097598	2712.5004435964183	1455.8793597499641	-14186.702238619786	12.55123669868241
?	243.73978895786888	20.277546313089655	72.14114028969046	-157.61234862813953	681.7913137748733	-5777.324383943293	1181.8804618688112	-3430.3194776396926	12.865582111751795
?	241.87011955268625	-282.8961005860429	67.55636732045673	-141.56035914499054	414.0513209004293	-4545.184182317353	1284.363385867977	6729.752004692741	11.661711194574902
?	229.59498392856653	-4857.402391053656	65.06312233244083	-20.332668511278765	454.5321046590024	6133.2038607906225	1518.368062103453	6899.971335387783	9.632952971284517
?	-1	547.9054841449774	66.53973389489278	183.39917796716088	720.7115139399648	1682.9600073299798	1629.3619526373711	-4138.34987669075	-1.7652000844378641
?	256.9902581358158	4774.894003017354	74.233081230799	211.07985834876683	538.6801050255026	-1330.971464651249	1311.4505682689125	-8520.175434237028	6.744669042870765
?	237.7447001508711	-472.81943365377583	77.09372681233127	-85.51074636512388	654.1629407074014	-1438.8639224947576	1203.3531809255137	-594.7264131363688	15.134417574234396
?	233.34928645312667	-4754.894003017354	69.95754391254275	-1541.8745362466034	466.7369089007637	-13083.258814147843	1281.7142476120937	-24067.063618509932	11.889256036623898
