rowLabel	avP	dP	avI	dI	f1	dF1	f2	dF2	h
?	103.73944020121358	2050.6084531909037	69.71237245511198	1378.060153367174	460.39715518138297	8720.608872717861	1707.1404921785713	35042.07903812389	18.399555032470428
?	102.53042265954518	-115.86537116258	68.90300766835871	-80.77940131630868	436.0304436358931	-1465.054585825277	1752.1039519061947	640.1392581259324	18.679973974377322
?	97.94617164308458	-180.63244643762482	65.67340238929654	-142.93654173046883	387.1444258901191	-1508.989805056943	1739.147455084868	-592.080025639784	14.615897454370678
?	93.49880033766394	-91.00502323089616	61.75618058183527	-21.974424319911638	360.58095338304594	-132.4260585519153	1722.4999506242054	1722.2985595992855	16.644492742546696
?	93.39592048153978	-83.00631222952008	64.57468117330096	43.48620845252626	380.52312296252336	611.3958017220365	1825.2623830648322	2622.6963918886718	15.343001955088493
?	89.34848472618793	-78.2619285185365	63.93049100446158	-33.666567410628694	391.15074346914776	43.93229033602211	1853.634770218639	451.8656294245558	17.96374144859403
?	89.48282405561295	-83.09086475077523	62.891352802769525	-152.26942598488566	382.71973747932446	-657.2651402528937	1847.85566453606	-2982.464695487761	16.272428268899993
?	85.19394148864917	5.691627935053135	56.3170197052173	-239.8399411817865	358.2874864565031	237.87436633654698	1704.511535444251	-5259.591492822184	15.252534400929319
?	89.76740545236561	150.11180807982075	50.8993557436802	48.395724940836274	394.6134557961518	-109.15508177726227	1584.8760898949508	3430.505086669883	7.129117170469669
?	92.69953189264021	-1815.3481090473126	58.73680595225911	60.979735749661344	352.82973236763996	6915.00342974994	1876.036789777745	5201.38444045621	9.570772657254794
?	-1	-1873.9906378528026	53.94834253116327	-48.173297057480895	740.3636272836487	14778.125232827351	1844.9453119177613	-5255.435455949769	3.64348039063295
?	-1	2565.1865959936026	56.328141099385064	128.9969774321607	1091.7359940090082	-6510.103784541883	1613.2650169802564	-11058.986900791342	-1
?	127.25932979968023	2308.5332231789616	60.39819140277131	20.863452857463454	414.8584380565543	-6885.3512302101135	1291.9959668781937	2211.541129991563	9.111812780659585
?	114.42666115894819	-2565.1865959936026	57.37131374225824	-8.040921289064322	747.4684324985022	10268.6597535463	1723.8420734798347	7817.0272286490235	7.552251437099261
?	-1	755.1846360186308	59.996145338318094	185.38790862858303	928.2914257338698	-4250.474101613951	1682.8473283106453	-6513.505284139382	3.325008470483718
?	152.18589295987977	3353.3528911003764	66.6407091736874	253.51616633507965	534.9447274178045	-8125.270670142354	1398.1668092728653	-7338.694692424627	9.573375837874355
?	166.66764455501897	426.23378394127616	72.67195365507209	-17.590707363916906	522.0278922267518	-3227.54720614199	1315.9125936894136	666.1578644067816	12.344009727030556
?	173.4975821569436	-621.1281199682679	65.76117380549155	-145.96000100236338	373.5673671107049	-4050.1755591283572	1431.4747024932044	2925.2620955015364	11.473380033472873
?	135.61123855660554	-1225.6791506439445	65.37395360495391	27.70951612356865	319.5191142703337	715.2322809905916	1462.1756984644906	-428.9229087274676	10.143329253440168
?	112.21362462474632	-460.23494040359117	67.14664961166999	96.05792536034683	409.3289811602345	5335.5185170286295	1410.028557056831	-6260.9073934684	7.367867062280124
?	112.59949153642602	-25.713567797836824	70.17684987297125	-29.418455469822764	586.2950401217648	2469.3350609948257	1149.130328791071	-10026.629026905983	10.761045848193106
?	110.92794623485447	-156.25363186950537	65.67572683817885	-108.70975757760353	532.7957342099759	-2844.2842735346003	908.6971057115314	-1846.4685112122272	13.832872070054885
?	104.78680994295074	-147.1839087879924	64.74136199409107	-11.534325917443756	444.0808264450347	-2909.8082368964533	1056.8069032304595	10319.83129520191	11.158111046603379
?	103.56875079545485	-52.90403489137328	65.09901054230666	45.415353582545734	387.3053223651531	-799.9266048565623	1424.6886704716273	10413.700051739346	12.188153587325823
?	102.14160819838207	-136.9091353155598	67.01212967321835	-31.037021840487967	404.08449620220654	368.10061029484666	1577.4919058174273	-383.2814661877952	6.954832165494989
?	96.72329402967685	-78.1564244375442	63.54715945028226	26.170622284940325	405.7103528798954	2831.4664429951536	1405.5245971622376	-7260.853012499913	3.958773801610962
?	98.23378697650486	-13.075928307082437	68.32066078746537	69.68116911675546	545.6578183519644	3101.9408794296446	1214.4492551924313	-6950.315727714326	8.104751154658063
?	96.06949761432273	-67.93112267057603	67.03121790612003	-64.06270918865965	560.8073968513778	-2993.3774104430445	1058.008810776521	-477.44152833212826	13.051791228279825
?	94.83723084297606	-15.216855048133183	65.11752532803239	3.4042968174321655	395.988947829812	-2869.045907393581	1190.577178775825	5860.3109542160555	12.95739981443361
?	95.30865486191607	-49.95274545598586	67.20143274699164	98.36454175383969	417.3551014816986	1600.0126969014102	1351.024358487324	4674.505945260903	8.053399987069193
?	92.33959357017676	-85.04101385776941	70.03575241572437	27.538893197801404	475.98958267488257	1007.0143909112553	1424.3024760388703	2639.087750232104	17.603543221149117
?	91.0566041690276	-31.357967106871143	68.57837740688171	-130.3411232998626	467.70582102726144	-1777.6510945354569	1482.9787459989293	2145.4765878950984	17.75788105794777
?	90.7716952148332	34.92232292623126	63.51869625073124	-69.96730885587164	387.10702794810965	-1481.034132448966	1531.5763054336253	704.80690910213	6.48629978873584
?	92.80272031533916	-60.40425123049937	65.08001196408813	-299.8077356723981	393.6541144048131	477.4783721311322	1518.2190914540358	219.77936955099702	12.08630687027811
?	87.75148265330823	-1876.0544063067814	48.52830946711132	-349.9390730029228	410.9809465546663	3537.5580192515818	1542.5652739111752	3178.426792661009	6.864049057031771
?	-1	487.02580899148086	47.583058313941976	415.98790992650527	570.5320153673923	2802.791598053343	1677.1404310870864	604.4173571414689	-1
?	112.1027731028823	2251.239685201183	69.3277049634366	408.57672954206885	551.1205264573335	-1135.4444108452108	1572.7861417682486	-7132.303086590207	2.722723561636609
?	111.56198426005925	-143.20438380488343	68.01189479104544	-391.5841437273897	513.7597948251317	-938.40425699279	1320.5252767575757	-2006.6428379836025	9.932029733590552
?	104.94255391263812	-2251.239685201183	49.7484977770671	-470.51205090151984	504.200313607694	195.19417344077493	1472.4539998690684	5126.237251258699	-1
?	-1	-2118.85107825277	44.48629224596942	84.2245549461805	523.5195034971705	6331.192023243369	1576.837139320511	8620.551253220687	-1
?	-1	0	53.95972552437611	223.98346807648815	820.7599147698613	4412.435285867761	1903.4815625301012	3994.0033814477288	-6.407382668129684
?	-1	2490.7471970698757	55.68546564979379	127.8191728791771	744.1412677905578	-8715.13865448595	1776.5373083928966	1435.4769814880688	-1.946517669998629
?	123.53735985349334	2336.8159333827302	60.35068416833494	140.7576201894613	385.0029820455653	-8541.62422853807	1975.2554116045044	2923.516121631816	11.20842939319421
?	115.8407966691361	-436.4843708917989	62.72334665926683	-65.83983410360099	317.0600563636558	-1076.3408184138614	1922.713114474487	-3745.9476279411133	16.853097215783762
?	101.71314130890347	-421.8939376631946	57.058692463154905	-141.73895983396685	331.18594112487244	822.8227304694287	1787.9580302074494	-4650.625126970552	13.167349786088245
?	94.74609978597644	-127.89656022694192	55.636398667568514	27.58606250805836	358.2011928871271	1448.526169991182	1690.1818581259602	-5075.018153330157	9.906781031357298
?	95.3183132975564	3.2965795302610106	58.43799558855782	110.11215152899791	403.6122496244313	1883.241192278891	1534.2071225409425	-5725.222336817712	13.099009170666841
?	94.91092876248949	-106.22197260963115	61.14200624401839	-64.01556851931454	452.3632525010713	-234.95287163655317	1403.9207412850756	-2832.1965511296285	15.508439319179919
?	90.00721466707486	-1918.2185752497967	55.2372171625921	-366.73646146874717	391.86460604260367	-71.7971461546804	1392.5972949844615	1048.460215887907	8.884504508104968
?	-1	210.1911159002761	42.805183170581095	-34.4970170860965	448.7733951933373	6610.214963619667	1456.3437520794707	-7092.6898071341	-1
?	100.51677046208863	2009.5017228576228	53.512366308287284	335.63516772379165	722.3753542235859	478.0896855379268	1037.9628046277578	-11831.75973386458	1.4255008474964856
?	99.47508614288078	-239.75989065752742	59.58694155677062	-89.37159860493	472.67787947023356	-6450.489527486147	864.7557653862439	5598.964278659898	10.53543582774357
?	88.5287759292123	-1.7382879764602484	49.0437863780408	-170.46253035183997	399.85087784927964	2732.521873088037	1317.9110185607517	6816.093579375572	-1
?	99.38817174405777	248.0442536823961	51.06381503917865	196.45591552950876	609.3039731246349	1320.3071718996866	1205.5604443550212	-6467.074007230481	-1
?	100.93098861333206	-26.30649249941721	58.8665821545162	294.8087408930444	465.86623644426373	296.0439644127029	994.5573181992288	-1097.8404186637583	12.3384337954128
?	98.07284711908692	-113.64660968073264	65.80425208383082	123.65259400898596	624.10617134527	2551.127825485374	1150.6684234218335	4344.0869512421405	10.049673072421246
?	95.24865812929545	-1981.4569423817454	65.04921185496548	-443.66574006875356	593.422627718532	-3231.85558165225	1211.761665761335	4475.7416736053865	12.313371419031647
?	-1	-1924.9731625859158	43.62096508039322	-401.7079603094534	462.5133922626581	869.20513816848	1374.455507102102	7832.231020164091	-1
?	-1	1960.2454942938589	44.96381383949288	271.7237246988354	636.8828846269558	-1587.34906908124	1603.3732167695382	4194.633124559342	-1
?	97.0122747146926	1894.9193792749736	57.20715131533494	370.18139121150375	383.1459388085964	-5195.704089427413	1584.1871633300684	3660.416972875609	12.736396228112886
?	93.74596896374834	-51.096256895667025	63.472883400068	92.68227610541747	377.0976801555861	-43.271193603362846	1786.394065413318	5474.6800947548545	13.327115640065205
?	94.45746186990925	-30.227512681375792	61.8412651206058	-230.33048822997227	380.98237912842825	3361.1650506872916	1857.9211680678102	-5132.228921029846	12.173699329135312
?	92.23459332967956	247.97694384225397	51.95635898856943	-157.67096354872592	545.1559326899501	5486.614910146768	1529.7826193618266	-11307.818458986021	-1
?	106.85630906202191	175.35758712497972	53.95771694316953	48.033339391836336	655.3131246357657	-709.7604094107137	1292.5302451185112	-2274.7966525116126	5.207085094211841
?	101.00247268592851	-2157.126181240446	54.358025958161235	-214.99419295403945	509.6679122194145	-2695.59090935735	1416.0427867362464	6522.43772054132	7.236484864849898
?	-1	-2040.0494537185775	43.208007295467596	19.35728936858801	520.5335791678987	7792.254500639346	1618.652131145576	7753.911049145986	-1
?	-1	2519.80501838511	55.32589042659063	293.29292711562647	899.2806372513804	3989.4929524231206	1803.7383391935443	1299.5315288242773	-1
?	124.99025091925505	2348.841634038958	57.87265365124887	265.45698300826314	720.008226789054	-9198.975314936777	1683.6287075867897	-8886.644812533554	1.2647399590260413
?	116.44208170194749	-435.3801154917242	68.59873957700374	80.22190368129984	439.33187150454324	-8514.285352666353	1359.4060985668682	-4294.024497745115	10.982180539138614
?	103.22124514466891	-428.46411590740826	61.883748835313845	-113.74801610771254	294.29395915573787	-2063.821408325494	1468.9274826995347	5304.800111317	10.75968745286213
?	95.01887590657715	109.79699864312816	62.911338771618134	88.96622154530337	336.1408010882689	662.5564605484648	1624.6461041327173	3097.3933403816654	12.093785310062964
?	108.7110950768253	957.0263830976725	66.332059912579	5.417291190087232	327.421782183161	-91.31116568801791	1623.7971497186174	-876.6057145528051	11.701019376933655
?	142.8701950614606	1112.5601973308005	63.182203331122494	-294.19763839454936	331.57524280386804	-892.2797155367025	1580.8158184050772	-5124.85202754965	10.969855718009532
?	164.33910494336513	-2877.4039012292224	51.62217799285158	-452.0542020358429	282.807796406326	1342.1553668101549	1367.5545483411358	-2937.968588147875	-1
?	-1	-3306.7820988673143	40.57949322933043	-244.76409349087479	398.68301114437554	3684.769376152861	1433.917388997684	1052.6337638850546	-1
?	-1	0	39.38397331830789	-24.608069131369863	467.0462652139684	3070.309130994735	1420.1862365353884	4726.550477978329	-1
?	-1	0	39.34908977276194	-15.701514552637034	552.1984676941117	548.3341282399894	1670.2449128965995	3253.1666097112043	-1
?	-1	0	38.59889759067604	17.993700555225793	494.4629716259678	-670.3132065358478	1582.844567020948	-1637.8737830969626	-1
?	-1	0	40.24877480052323	34.28861561906357	518.6828073673195	1954.2194798982032	1588.3512237417517	-1258.6150989265798	-1
?	-1	0	40.31332837162921	-30.925629569572347	592.1739456208776	320.1859800261434	1519.9138120746193	-1367.1905959409335	-1
?	-1	0	38.70249332204462	37.116520589265455	534.6921063686266	-4154.292740979326	1519.9916939447053	-1305.5932611159596	-1
?	-1	0	42.16915440109248	7.430137745730745	384.45930857191206	-1816.339932928259	1454.6341490188215	526.2820704428323	-1
?	-1	0	39.07400020933115	-69.41783176936549	443.87510972221395	1506.3293692176737	1546.3057974668468	-15.077313397650922	-1
?	-1	0	38.698262812624215	175.53832748622688	459.7757770327955	557.429369062348	1453.880283348939	-4433.348341511448	-1
?	-1	2048.2602177278027	47.850916583642466	363.02658266420593	471.74657817533125	751.194177709206	1324.6383803912752	-2011.6964145541103	-1
?	101.41301088638977	2047.324527008744	56.84959194583445	212.41088575696259	497.33548591825564	265.50982825526245	1353.2954626212338	1061.8937684694304	12.180752287790053
?	101.36622635043685	26.30522805422809	58.47146087149056	67.69527637670332	485.0220695880943	-394.05715397580167	1377.7330688147465	1444.9418273288127	14.779435903035784
?	102.72827228910117	-33.531728472648986	60.2343557646696	-206.72712451128095	477.63262821946563	-2471.520527892664	1425.5425539876742	640.9494317966414	15.04086722824482
?	99.6896399268044	-2074.5654457820306	48.135104645926546	-228.47962902216648	361.44604319346155	4246.600625357076	1409.7805404045785	2163.232854133333	8.560727978204952
?	-1	635.9747483403675	48.81037431356132	154.93631320774452	689.9626594873187	8867.532049217649	1533.7041966943405	2777.8010071324215	-1
?	131.48837734382266	2535.24910425765	55.881920306313745	327.67639054343863	804.8226456543424	-3870.5924490162797	1548.670590761199	-1015.5607535335994	1.6825324004426487
?	125.76245521288205	-418.6215746918916	65.19419384073319	4.071828018765601	496.43303703650537	-8181.087508224347	1482.9261590176607	367.1632218066283	9.488035773489255
?	110.55729860922816	-110.41178994929692	56.085511707252024	-80.81625593276215	395.7682702431265	-932.9774211731204	1567.0287518515304	92.05617705836208	7.147909864293313
?	120.24186571541722	81.68251480180715	61.1533810440951	143.34215365999933	449.7841659778495	97.22217814344083	1487.5289678705788	-3591.230137328793	10.27704847154632
?	114.6414243493185	-118.35180340021239	63.252619390251965	3.7027456809605175	400.6293791502985	-2008.1667522486705	1387.4672449850914	229.0057613634789	10.106576595141128
?	114.32427554540662	4.5695287298139124	61.338518328143124	-29.73850772721189	349.37582836541634	569.9026554771033	1498.9792559387527	6147.794085087366	17.53439324663021
?	114.8699007858092	-2306.4855109081404	61.765694003891376	-389.86364097161226	429.1245119241536	2410.1454529438506	1694.8569492394586	-379.6868314860935	13.727006663765485
?	-1	-99.62597847554356	41.84533627956258	-329.05412272987735	469.88310101260845	3918.302908298536	1479.994914364448	-1191.7250733043372	-1
?	109.88860186203203	2280.76045145187	45.31298786739757	339.44080348846603	625.0396573390797	-2503.196736175414	1635.270695574242	-4180.942475137345	-1
?	113.03802257259309	50.192677378828314	58.81737645398582	408.59524677435195	344.7232642038382	-4107.403887903343	1270.9477906075815	-12392.673499535029	16.870915105277422
?	112.39823573097344	64.4854272196934	65.74275020611509	160.88995886306705	419.66946294391323	3253.7877710028524	1015.6370205974927	-6247.438619807837	12.836363810389646
?	116.26229393357775	29.796474941797264	66.86187439713915	-14.119935604550783	507.41265275398024	1422.138822920346	958.5758596171908	-1396.8347076722607	19.30162117003364
?	113.8880594780633	-236.52768066781107	65.03675342588755	-46.79928348797477	490.7764040899303	406.48344307023564	945.7952852138799	1451.5368602936253	19.351014293596347
?	104.43590990018724	-397.0672580958933	64.52191022274042	-12.44233159293434	527.736824907492	1045.2387471876366	1031.1527026318718	5086.777548760206	8.88240333144831
?	94.0346965732687	-273.4507866186841	64.41463684624084	-0.7386989743704957	543.0383414493119	145.00341153172081	1200.1341626518893	5112.55170179124	10.989750096935206
?	90.76337056925308	-91.17493697033642	64.48497527402189	-23.635298452148078	534.986995484078	-395.9066690052569	1286.7802877214328	3658.573526982363	20.449375307247852
?	89.4759497247519	-6.709219402156658	63.23287192363344	-28.21335967434048	523.2430079990492	-383.4582927172655	1383.0628390010068	2777.4382409995596	18.545546796144958
?	90.42790959914525	19.943973624490425	63.07430729030487	-11.368897829296044	515.8140808482148	-441.50241142191294	1425.6521997714103	1417.5217235967425	19.556940566178707
?	90.47314840597642	-8.650968575517512	62.66442703216864	-27.163482983283085	501.1678874279536	-652.1080156546657	1453.9389251808436	2784.325439605078	17.963033609820606
?	89.99536117036938	8.366544347374004	61.71613314114072	-19.84676442965373	483.2086800654816	-1199.7892375826834	1564.8684717516637	4640.636842297184	17.084184198051176
?	90.89147562334512	-53.42295566348346	61.672088810685956	-139.27733109324683	441.17842554881963	-3071.837015391986	1685.970767295702	3871.5319217765455	12.969634568103828
?	87.32421338719522	-15.62337156417277	54.752266586478406	-62.8986515992299	329.61682929588284	-2237.912932865637	1758.4450678404903	4347.267120256963	5.766797073200957
?	90.11030704513648	-19.054674352901554	58.52715623072447	-61.926723192723124	329.2827789055382	904.761132119148	1903.3341233085494	-360.8223463367371	12.106499588056744
?	86.37147966955014	-1822.206140902736	51.65593042684226	-232.31142263444863	374.8548859018401	4929.056356938385	1740.4039505236535	-9219.314202059682	11.799734610733077
?	-1	628.4864963302933	46.91158509900208	289.47763531318304	575.7355967524566	2114.2519913466513	1442.3684132055669	-5670.949069523533	-1
?	117.7958044860647	2393.1355862232376	66.12981219250136	329.7297164324863	480.56748546917225	-4798.610226297406	1456.856497047478	-1658.950004125269	10.099645721694689
?	118.65677931116146	-12.03178318376051	63.39807092062634	-53.585068802855936	335.8050854375871	-2122.897736321714	1359.4209129993037	2603.275657315976	17.240858978124358
?	117.19421532687667	-203.82452331480224	63.450558752358575	-118.14455402836558	374.42259865308694	1956.1179462569285	1587.0202799132762	8352.995128242885	15.388918579034373
?	108.46555314542138	-2363.8843065375418	57.49084321920808	-129.1399948266724	433.61098275043315	10188.743888168687	1777.0706694114465	5415.780737705419	7.538315122723245
?	-1	329.09331409374664	56.99355901102498	-77.81203835069859	883.8597930615194	5539.875777070229	1857.8093167985462	-1423.5057798378152	-1
?	124.92021885010865	2363.219684657694	53.600241301673165	77.16283109159703	710.6047716039436	-8199.95922593151	1705.895380419556	-15168.25331387687	6.564747585923833
?	117.16098423288429	-276.7216604523257	60.851700565604816	115.9220485710827	473.8618317649454	-5437.391013559508	1099.3966511047054	-15460.913424370165	13.737948867487365
?	111.08413582749242	-286.4055507277557	59.39634373022728	-174.89944493731292	438.7352209259692	2081.3001069008255	932.8497092010505	6776.6213204631285	15.991684653946546
?	102.84070669649655	-2241.682716549856	52.1067283187392	-98.13983836491282	577.9268371099863	8672.580751188145	1438.2277171278606	19609.112582730027	-1
?	-1	-2076.8141339299386	54.489351811981656	9.610377691011996	872.3642584853749	5884.810300769148	1913.3053383375484	6164.117138214005	-1
?	-1	0	52.5872472032898	-311.14940811904046	872.1673521484427	-7687.796991078949	1746.4335740385598	-7977.567837983589	-1
?	-1	0	38.93188140602969	-197.3636999227719	487.9744089314288	-4714.1300779757385	1514.4269464383704	-589.5025069511005	-1
?	-1	2034.7162836323203	42.71906220715124	335.0843423343483	636.4608482496566	-1846.6024776512845	1716.9584486910048	3159.2381795427423	-1
?	100.73581418161565	1935.3004253627325	55.686098522747045	287.187174074966	395.6442850488649	-4455.28516824206	1672.388855415507	-3268.884056377663	10.006918838215853
?	95.76502126813628	-123.06997536859471	57.07842091089949	14.990851927846247	413.69658983755437	500.33310756059285	1553.5142458721223	-2576.972772158879	16.01181674766635
?	94.58231541318594	-17.58327928768899	56.435641119139355	-3.8396047860627074	420.66094042689446	252.05608868135846	1543.5402168075634	227.5053224700158	17.87578085831332
?	94.88585730375183	-58.97683062319792	56.886440671596354	-123.98678481597203	426.29939427162225	-806.4374875454479	1564.889511995623	1689.141492717737	18.81648397085572
?	91.63347388202605	-1917.7171460750435	50.236301878340775	-296.01766025881494	380.3390660496222	141.69386502081744	1627.99729144345	-1398.8525996839285	10.324281127574235
?	-1	395.6022311363523	42.08555765865566	65.23820124414237	433.3840875226631	3354.328067193082	1494.9468820114269	2453.766942480633	-1
?	111.4135854388436	2123.2146051200457	53.49821194054788	363.99648344943074	548.0554694092757	1182.995739454121	1750.6856385674812	-1570.7263543897045	5.3756526062661685
?	105.16073025600191	-256.81337564390225	60.28538183112713	33.71171483103209	492.53387449536893	-3321.263048004901	1416.410564291942	-6544.441881922145	10.982312925371158
?	98.57291665664853	-60.207526626957346	55.18379768209948	-43.4092975320833	381.99231700903124	-2360.984987347955	1423.4635444713751	3450.260791539716	10.443861407975364
?	102.15035392465406	71.37677410935649	58.114916954522975	57.34540188442373	374.4846251279716	440.2276011589315	1588.923603868927	2858.1164703313616	9.718731808411471
?	102.14175536211634	-194.2310218530484	58.05106777632066	19.51634375783108	404.00369706697774	579.8464260927015	1566.3693679879427	-579.5849422093418	9.145484292486097
?	92.43880283200167	-166.43329520490116	59.090734142414526	-210.02136023382252	403.47694643260655	-922.9812902431034	1559.9443567584601	-2549.571707912428	8.867227382941984
?	93.82009060187131	282.88981864129414	47.54999976462957	-18.734883857745285	357.85463255482273	-692.9002928374191	1438.8907825923218	5575.446069506531	-1
?	106.58329376406633	208.59713693803502	58.153989949527265	257.86640987788525	368.8319317907357	2290.369247895851	1838.7166602337857	1071.6180882126803	8.986048991200404
?	104.24994744877303	-127.83790812911536	60.443320258523784	1.6056384738473697	472.3730949496149	532.3085321945833	1492.4716870029556	-751.6217915671658	11.647689776783363
?	100.19139835761058	-243.40744607279333	58.23427187321963	-195.3573736115855	395.4473584004648	5672.327939530115	1801.1355706554275	7664.626134728705	9.178019193508181
?	92.0795751451334	-2023.827967152219	50.67545157794454	-137.0037354835245	755.9894919261196	7348.165081702902	1875.7029937393895	-2495.2577950384825	-1
?	-1	280.78681072573875	51.38408509904343	110.4314539417376	762.8556124856086	-6207.406155856502	1676.3726809035038	-16463.2447836171	-1
?	106.11891568142029	2020.4698850845982	56.1970242750314	103.43650664801353	445.6191841332956	-8910.713330603565	1052.5407545585374	-13627.8218715724	9.155329146848127
?	100.02349425422955	-234.69084780660265	56.55591043144409	-277.7163658606446	317.31994595543193	-479.51173476975043	994.9815873248863	5711.7305133321925	14.503461952066559
?	94.3843732910902	-2020.4698850845982	42.31120598199922	-285.69356245839447	421.6435973948082	6683.709363974014	1338.127280225146	9669.969903123794	-1
?	-1	-1907.6874658218107	42.27123230852442	3.8985959071574565	651.5054141541315	3303.9096173727003	1478.4800824810743	3571.075649085691	-1
?	-1	2018.3665408319616	42.506135777357095	213.92617369609985	586.8390782634426	-2581.976658592025	1516.68106267943	-9927.749433689836	-1
?	99.91832704159772	2092.404960942999	52.96754099332937	386.75457286168165	522.4065812245307	-3262.1870364928136	982.0926107965843	-11435.231793768453	12.42912835497103
?	103.62024804714959	-25.855238381964035	61.84386442044111	121.32702849393468	423.7297264388025	-2533.2503150849593	944.9194729910093	8322.2054964197	16.561776346402905
?	98.62556512249952	-250.35060729716096	59.033892418026085	-200.7153977752833	395.74406547028315	77.58841562777347	1398.2028856175677	17171.988674630287	11.591255870741067
?	91.10271768229158	53.83070306455485	51.80809453167698	-21.313569473354836	427.6091472201912	725.0633790118369	1803.5189067225206	3916.8107195002135	-1
?	101.31710027572726	259.52474362324614	57.96821394435835	213.35868918640605	431.99723442087486	1004.0292574773697	1594.0434215925777	-5950.7094633978095	10.487935282645642
?	104.07895486345384	-14.320593111699845	62.47602899099724	99.67744020684528	477.8106100940595	1232.80601624764	1505.9834335526311	657.1700200370402	14.790911380130305
?	100.60107062014227	-212.03544736105263	62.95208595470059	-66.48487681929406	493.63753523325664	-204.74117974374923	1626.9019225944296	3015.830980116477	19.36511062683387
?	93.47718249540125	-207.60902104421308	59.15178515003255	-387.22817837496586	467.57355110687206	-252.3377319122776	1656.7749825584544	-2017.1466770159877	13.514133985274176
?	90.22061956793165	-1889.5436499080317	43.59067703595237	-392.9646366310254	481.0206486376428	1093.8188613104983	1526.0445887436306	-2942.509405590414	-1
?	-1	-1824.412391358607	39.50355331848135	-48.87490336630252	522.2644941723968	409.0058370134965	1509.6495122789343	1736.5905250397034	-1
?	-1	0	41.14693186763721	8.486967810758749	501.4709404883179	2082.7010172417135	1612.874114995617	1974.7081762471491	-1
?	-1	0	39.927901709019295	-12.441021332505464	626.3995450344839	883.0536901626806	1608.384921091293	-1248.5670721209412	-1
?	-1	0	40.524880801011925	-16.841312795753158	545.6236249964526	-3099.77887993217	1550.445761389569	-2700.6636264036188	-1
?	-1	0	39.085836069231625	-27.159219741790718	471.4106010378732	-2022.0021853787032	1473.3517397711103	-3152.6703557841442	-1
?	-1	2104.56380284357	39.16691981392237	122.98493185376667	444.523515727516	-1190.7934709605959	1392.8122436003596	-2419.884358128431	-1
?	104.22819014218001	2052.8586420151582	45.235082661920046	403.14198607767264	411.8709274898426	-1718.0941186028538	1352.357521864687	1647.6757159868969	-1
?	101.64293210075937	-80.26881357960434	59.32401911780629	221.75062380839617	358.6188097973721	-2226.955234071669	1475.1960293997056	1114.9866143311942	10.695254294674063
?	100.21474946319974	154.0041800195065	56.32261385234001	-15.129164601368855	300.52316578625755	-299.4636349672797	1408.1068525812475	2091.096034545642	7.611690552608682
?	109.3431411017348	136.86963434750032	58.567560887737834	155.3518909472823	343.6456280490079	1561.874680128007	1579.7508311269892	8488.240492532912	5.600363480241266
?	107.05823118057485	-141.04074015379692	64.09020839970424	-16.3194100681047	378.616899792659	9919.555418699361	1832.518877207899	6358.300371309907	13.286706004814363
?	102.29110409404485	-2161.164623611466	57.75159038433259	-128.9880644697192	839.623398983983	13260.980408392086	1897.665849692489	326.1225721028767	2.914322979402679
?	-1	21.12843618346032	57.64080517621819	-167.48297765310627	1041.6659202122728	-4305.461531207932	1848.8250058130432	-1465.0167916800337	-0.8936630772104248
?	103.34752590321789	2041.9587686480668	49.377441501677154	20.46551716093844	624.3503224235833	-14211.095618103356	1824.4150101084863	-4169.650442976608	-1
?	101.09793843240479	-61.34430186022852	58.66408103426512	292.10422122054575	331.1111393070949	-3786.2622836509554	1640.3424836642098	-3542.9364241725075	10.79079378862998
?	100.28031081020642	-62.6860448362552	63.98265256270465	91.51923512191542	435.03720824103283	2099.885187929634	1647.2681888998584	920.2915305613402	15.127932428220992
?	97.96363619059198	-2025.6062162040996	63.24004279036096	-378.315898455149	436.1053987035781	19.035532839747887	1686.3570601922775	-4739.953726810755	11.672110336383332
?	-1	-1979.2727238118116	45.06685763994693	-344.83835813288886	435.98898488302024	1062.8873628759422	1410.2705025593173	-5558.591297993033	-1
?	-1	2347.685535697312	45.99812488371627	477.97084951521305	489.24976684737595	4161.857435928747	1408.4274952926219	-4684.251349010198	-1
?	116.38427678486727	2365.8054722882225	68.96540011570792	165.395537235699	644.0818566794605	1692.3779506252047	1176.057935108804	-3100.86910217815	8.27275437128149
?	117.29027361441281	-2347.685535697312	54.26790174550134	-493.960849500486	573.8686643786374	-3108.934917514322	1253.3840401837122	3928.398598678658	10.995493638642909
?	-1	-2365.8054722882225	44.26735764068327	-87.30747967710191	488.63511080374224	2386.6153624588924	1372.4778650427397	5855.201509934949	-1
?	-1	0	49.90252776164618	210.55299853234573	693.1994325015837	7564.616619143623	1546.1441156804638	1633.4669611241811	-2.417294948039162
?	-1	2291.7427855408423	54.79500756730071	247.70167801493474	866.8659417609288	327.86582891906835	1454.15121309895	-4971.60183495617	-2.0198010139226366
?	113.58713927704373	2261.134962980561	62.2876116623931	238.67064362190138	709.5927239475374	-5098.401574325078	1297.5640239326517	-3777.753916383018	9.049072541205224
?	112.05674814902966	-190.11231772089317	66.72853974839595	-44.0686702779484	611.9458630446712	-5105.787657523819	1265.2635172797964	2928.2930342240243	15.223293041541861
?	104.08152339099894	-304.91414449386946	60.084178148495646	-201.15652462558796	454.3033410713428	-3239.2526096390743	1443.978675643855	7240.885239243646	11.392972402132946
?	96.81104092433597	-100.39655232583726	56.670713517116404	-79.63988032529088	449.9832325627152	-2082.0835309250524	1627.3077792419838	-684.3419933426133	6.111616552392337
?	99.061695774707	215.13872329400533	56.102184132231045	249.97032261826263	350.1991645250887	-575.333121732268	1409.7615759767239	-10733.586303952618	1.8743249012575638
?	107.56797708903639	133.5587311181633	69.16922964802971	237.79954324045522	421.2165764761014	1165.5500799069823	1090.6284640443453	-9275.530118680252	13.148755124795661
?	105.73963233061527	-165.41124102656588	67.99216129425398	-154.32237686282159	408.47666852043864	-1643.679657609361	945.9850700427047	1697.5688270593432	21.00750764849095
?	99.29741503770798	-300.6934964999607	61.453110804888524	-256.1051450631425	339.0325935956322	-309.4100676745781	1175.5069053973136	9183.129693852097	10.691067646482619
?	90.70495750561702	-171.58979073055104	55.18690404109667	32.63280474973126	393.0061651367095	2600.620222856183	1405.141554735316	-861.6780470134577	-0.6008781964772231
?	90.7179255011803	-40.57331288120394	63.08475104237511	10.047719708039438	469.0636047384432	2368.248578046842	1132.4230030466401	-3099.3077601513974	10.174246482471398
?	88.67629186155679	-1834.35851002358	55.68929002649865	-109.58717977056324	511.4185940390533	8583.440841376458	1250.176166727744	14569.440915443882	8.179811569574863
?	-1	268.9729247835972	57.60539205384687	30.38869574600738	898.2356468072721	701.3626150126154	1860.8950488188445	6318.922289916974	4.04781635699406
?	102.12493810073684	1894.2087164677757	57.20872481379904	15.480173935431687	546.4867247896846	-5878.932163527516	1566.1222812235972	-4527.627962727201	10.308995354103951
?	93.71043582339013	-2062.4987620147076	58.379400750618466	69.82835491575344	604.2890386308922	8281.347122661433	1634.5136506824813	6593.855196738043	11.063458712729568
?	-1	410.60195306613036	60.70014255958676	6.3127726540579046	960.5540809227621	-698.5172031676817	1895.815041060504	1108.8140149331891	1.420721173347766
?	114.24053347669694	19.999999999999716	58.695039383321365	-1214.0028511917178	569.3631784725076	-19211.08161845497	1689.9543514291415	-37916.30082120954	3.803719363235678
