rowLabel	avP	dP	avI	dI	f1	dF1	f2	dF2	h
?	141.84742959493818	2663.632332692747	71.32788208929384	1294.0512510920635	476.7405426197713	11920.833104161584	1414.3203255082315	31337.998334623757	9.541381991191162
?	133.18161663463735	64.55804200145792	64.70256255460318	-108.77731944183978	596.0416552080792	2220.528257378469	1566.899916731188	4522.722829414151	7.300920018951778
?	145.07533169501107	293.28991822270086	65.88901611720185	159.50313638543685	587.7669554886948	-4962.650277390036	1640.456466978939	-587.5421640673947	4.885157809353126
?	147.8461125457724	-115.2662554052836	72.67771937387502	7.616737725499833	347.90914133857734	-4187.082006579512	1537.5228085278181	-2630.9144016755777	11.792132206826318
?	139.3120189247469	-2976.922250915449	66.26985300347684	-279.1067953703537	378.4128551597192	4485.773951634668	1508.9107468951602	-474.8609499385158	8.123909501145384
?	-1	310.24793738500824	58.72237960535734	111.28644186496987	572.1978389203107	2592.627185654075	1513.7797610308924	-1594.4462148734788	-1
?	154.8244157939973	3068.1621764798674	71.83417509672533	324.816777845493	508.0442144424229	376.5426835365634	1429.1884361514863	-3170.7891524173565	5.895575467204726
?	152.40810882399333	172.15779338227324	74.96321849763199	-12.293653540184554	591.0249730971389	1315.5282327491866	1355.2403034100246	-1145.644528984217	14.833226271817448
?	163.43230546311096	179.4334947623651	71.2194924197161	-257.47763086671534	573.8206260798822	-949.8854166296544	1371.9062097022754	3196.0639790849527	13.044408495459544
?	161.37978356211158	-3288.64610926222	62.08933695429622	-248.76362513777585	543.5307022656562	3322.210505180595	1515.0435023642722	6676.460850954624	8.753313923729818
?	-1	-439.9711152819255	58.781311162827315	142.21720024541756	739.931151338912	-2300.9220701957547	1705.7292522500065	-2764.517405063036	-1
?	139.3812277980153	2578.5193101954346	69.2001969665671	261.4592450667833	428.4845987558683	-7148.758433498067	1376.8176321111202	-5535.533187541896	9.618436728103447
?	127.92596550977187	-315.22541299979395	71.85427341616649	-9.629828137659322	382.4932296640083	-226.94688153528753	1428.9525928729115	2890.682453713127	12.144718014895197
?	123.61995714802558	98.64236826229578	68.71870555968414	72.51222665608815	417.13725467910393	712.377977151704	1521.3517547967767	43.986880203738075	5.954471867343603
?	132.85808392288666	84.42413730966898	75.4798847489709	107.41347590395453	418.11212852159355	1103.4795800478732	1431.1519368830984	-9241.795649202928	9.9765463305308
?	127.84116401350903	-110.98657142783357	74.08937935488187	-14.090198678373428	472.31123368149764	1788.8610477215861	1059.26197233663	-9503.300410786718	9.936749791309833
?	127.30875535149498	13.940826461357561	74.77537481505223	13.234656109154331	507.55518090767293	1029.3250411656961	955.9869163437621	1782.4057740492829	13.106856493399667
?	128.5382053365769	-18.35059294643683	74.75111216033959	-74.45285182342524	523.7774857397825	-1000.5452360707593	1148.3822610390941	7703.7616595653435	12.956506713738582
?	126.39122570417314	-135.65283087197133	71.05273222388097	-224.19681949602898	457.5279191041349	-440.2777890865987	1341.1749993220296	5305.233628403134	9.720035707637635
?	121.75556379297834	10.12084762432552	63.54127118553813	-8.415679781338962	501.76359628545254	-842.9822786286286	1413.643942459251	2426.243964589529	6.899935506638152
?	126.89726808538941	135.614594633568	70.63194823481402	210.2786640514247	415.37880517270355	-738.1591250779177	1462.487197551506	-404.09688870145567	8.508494386301127
?	128.53629352465674	-3.4624389318696527	74.05520438810937	49.45141155281529	464.8556400315566	1582.8792835499062	1393.4390980241783	-8566.036769133536	11.426028390402397
?	126.72414613879593	28.040080186894986	73.10451881245479	-29.541463668377876	494.5227693501989	68.76656747092278	1034.1853590948288	-10255.05505862226	12.80612803226198
?	129.9382975340015	200.3354095740654	72.57813120469048	18.87611484126806	468.29396840510276	-719.8806757837956	880.6863450930648	-3376.1217441886483	13.52698333012469
?	136.7409166174992	231.4357114840059	74.04832455451819	54.3336951395707	458.5287355610091	-290.12888750044425	865.3792718853962	1817.729428250387	15.013709195432167
?	141.5100831082018	-62.564638010857664	75.29481596166902	-66.15761004130116	453.78752403008053	-711.7944414454432	971.5728165055842	3761.968606589102	14.8056144957866
?	133.61268471695632	-604.0407041753824	70.74044405245313	-310.33869483085783	422.9390134887369	380.96051865923835	1053.4777022148514	13466.472060989085	11.753092747258753
?	111.30804789943265	-140.53995712048095	59.77788122012611	-123.61593723671251	472.83554996304247	537.0030835045538	1644.896419555039	10168.436693971531	6.063588102731225
?	126.58568686093227	178.92713452324057	64.5596471906175	173.16934682381458	449.78916766396463	465.7332389288384	1561.8995369134284	109.09279033494376	7.2164669798461345
?	120.25440462559469	-2551.713737218643	68.43634856131685	97.30587122473727	496.1222119094844	5325.770918557663	1650.3510590717863	4520.652681938746	2.818058720873209
?	-1	-2425.088092511892	69.42494075185437	-102.51859143968707	716.077713591848	1180.694797301669	1787.932171010366	-58.13269169252175	0.5757954667932502
?	-1	2548.5306442648475	63.31041898933249	-26.038012738231917	555.1569517745679	-5438.622762259571	1647.4444244871602	-1413.6634181499571	0.4380948722357873
?	126.42653221324248	2434.642745174413	68.12304011494277	254.05406679480768	444.14657547886924	-2557.9684576038176	1717.249000102868	-1871.6217034541462	1.4452523494840204
?	120.73213725872075	-247.6691268608082	76.01312232907289	126.21256730140533	427.2585288943769	298.18624151776334	1553.8633393144528	-6343.39764298862	8.55414618017176
?	114.04307587020206	-175.64676809324013	74.43366848001304	-61.42753956163483	459.0558875547574	932.6654529693989	1400.0791179534367	-4129.302371317509	13.712017503172746
?	111.94979885405874	-105.60266005018225	72.94174535099114	-65.9735336220819	473.8918015428469	725.6705611772275	1347.3982207485772	-1781.8659762392947	10.995642506073406
?	108.76294286769294	-44.63488405313878	71.13499179890894	-222.94228239496073	495.3394156136188	343.42701603246013	1310.985819141472	1158.3044867249089	12.941522816559788
?	109.7180546514018	-50.90959012883697	61.794631231243095	-237.47961069519982	491.0631523444699	204.93139626174167	1405.3134450848227	2288.622219809452	3.920413423044345
?	106.21746336125109	-98.9368830041598	59.26101126414894	-5.150282152503247	505.5859854267059	149.64822708064716	1425.4169301319446	2496.5829825924243	3.235115618200018
?	104.7712105011938	-2144.3492672250295	61.53711712361793	4.945896280551683	498.5455636985023	-1.5666044606814522	1530.142594214444	2696.6289423894527	3.925153079806196
?	-1	22.85547040011104	59.508306078176524	9.467354150328651	505.50765520367185	538.2697866093209	1560.2483772514167	801.5769525805246	-1
?	105.91398402119935	2107.6943156885977	62.01048483113436	83.61041146863487	525.4590530289682	1788.7115512442672	1570.22144184347	-2313.282680281731	0.8377522758121709
?	104.3847157844295	-2138.2796804239947	63.68882665160825	30.98160015639959	594.9432327658849	1525.4576166180354	1444.5842432373306	-1922.2653755994884	-0.8982631651736263
?	-1	-2107.6943156885977	63.55956483895434	-23.519552433503122	601.7319338598697	839.8600929737524	1474.108173063496	673.9212713601979	-0.29031376889710714
?	-1	2419.1351227269265	62.5128490299331	8.47288059514358	636.9362374145724	50.6274142609529	1478.2803068053404	-865.9487803250962	-1
?	119.9567561363459	2172.186262893275	63.983208868711515	60.9910417769121	604.2633045729174	-690.8022529542384	1430.8107340472413	-1814.6962560637685	0.952402892842223
?	107.60931314466336	-83.77982193389472	65.5624011187787	-13.609393575633296	602.3961247668606	-1468.6869274127373	1387.5454940021523	-2437.3965309824775	3.0855570353473576
?	115.76776503965118	-2172.186262893275	63.30273918992985	-105.81796798146436	530.8289582022808	-566.0336471562093	1308.940907498118	936.6453528052658	2.793244428010105
?	-1	-2335.355300793032	60.271502719705495	108.22462210717855	574.0944424090502	5338.510326878689	1434.3777616424154	7947.151896161259	1.8477358879469128
?	-1	2572.278265524176	68.71397029528876	286.95564983121005	797.7544745462143	-334.33939482789475	1706.2985023061794	2577.403058490004	-4.037574757402635
?	127.61391327620832	2444.1008943465604	74.61928521126595	44.305728234747775	557.3774726676555	-2861.39709777785	1563.2479145669151	-514.7293311053063	1.535653481267206
?	121.20504471732758	-2572.278265524176	70.92925670702614	-144.2826488105552	654.6846196573223	4151.752303818226	1680.5620357509142	2023.2252372864086	2.0355468972251503
?	-1	-191.862772599692	67.40515277073821	-91.22191877082405	764.9650878585661	-3199.102156186535	1664.4091764312352	-6320.130453952602	-2.0866875486487406
?	111.61190608734302	2787.1089739675285	66.36816076848496	149.17760698907355	494.7295118479961	-5877.072137548659	1364.5555130532853	-13721.087118368952	2.0841252539990216
?	138.35544869837594	438.53503076483645	74.86403312019186	107.85640911787975	471.1114809811342	-1021.770842188819	978.3548205127901	-7686.0872561453225	11.311002839242732
?	133.53865762558476	-210.33597638848693	71.76098122437892	-152.40528272167833	443.6409697385553	-552.7355160272267	980.2511502460205	-158.1290275443058	14.379309912404064
?	127.83864987895163	-81.23755500517888	67.24376898410797	-77.07029753487232	443.47470517977297	-605.7910389740538	970.4483691355748	5053.233206007878	12.31020032641851
?	129.47677987532583	97.38908769855107	67.90746634763532	115.39194016368226	413.35141778985275	-1513.2378922325777	1232.9128105464135	6000.8932594124335	11.235818926373693
?	132.70810426387916	0.7514090557924673	73.01336599229207	123.60878615273224	367.81281056814436	-1484.8029170737955	1270.4930321061954	3474.863956795583	11.445281445179194
?	129.51435032811546	-12.289632632739584	74.08790565527191	24.80465686707854	339.11127193616323	1279.124256682154	1406.656008386192	3533.4551710173573	12.275548687899247
?	132.0936226322422	35.950124649848036	74.25359883564599	-59.556864932372875	431.76902340225183	3270.4203059330944	1447.1657906570626	1701.2425301307956	8.854544329559987
?	131.31185656060785	-25.52539196832536	71.11006240865328	-29.103510094123624	502.63228723281736	1637.0984964394838	1491.7181348927315	505.83908607227113	14.534380235315695
?	130.81735303382592	-14.321698831062173	72.79842333093981	26.78096705648083	513.6239482242257	274.5344875879628	1472.457744960676	-244.57756779233566	16.229068489027988
?	130.59577161905474	-34.72902280694155	72.44911076147731	-3.4138361544842275	516.3590116122155	-181.8005695991355	1479.4892565031148	-314.32855743870846	18.442468774143812
?	129.08090189347885	-76.82520778514571	72.6277315232156	18.272473940302582	504.533919744269	-58.98620075343636	1456.7413170887407	-1351.0444276522733	18.4286361910927
?	126.75451122979747	-90.24815742895503	73.36273445849244	-15.991074247164704	513.4097015745437	224.99980836859288	1411.9370351205014	-1507.4135948855892	17.902722380587043
?	124.56849402203112	-79.43710610158149	71.82817781085737	-52.00353383250463	515.7839101626986	56.03460100732056	1381.3706373444616	-1034.3885668352768	18.278285734941626
?	122.78265592471841	-68.12304300912469	70.76255776686722	-22.391815420281	516.2114316249097	164.393003465421	1360.2176067787377	-979.1608875054216	18.072812726625138
?	121.1623418715749	-67.19852310649908	70.70858703984332	1.7857668397979929	524.0035603359696	-4.998140017503392	1332.4125929691907	-495.793636697228	16.857584371270573
?	119.42272976939347	-71.61982305623096	70.85184610885712	20.08701715178468	515.9615246240345	-69.57036241149605	1335.4279249438764	42.722263182640894	17.83450410387625
?	117.58135071876336	-61.420098476876255	71.71293789743255	35.72469793902924	520.5250422153948	88.68517564019189	1334.5487061283227	-64.70145596231328	18.268625047189072
?	116.35172484554967	-53.83484667010483	72.63808100580857	6.867186312602224	520.3957834060441	95.1484548405532	1332.1928521457608	566.6447004820495	18.56960980985111
?	114.88960838525813	-26.543422800092554	72.05629721306266	-22.302570483455575	525.2824649574225	-13.623662648321945	1362.880941152425	936.6658740012177	16.023512832680485
?	115.02455370554505	-16.943919405811474	71.5229524816358	18.868795220086906	519.714600273628	486.07531749011684	1379.0261458458215	-280.56347053897855	17.14365077184134
?	114.04241241496756	-35.74668727796889	72.999736974067	45.52863152268446	549.5862308319282	1504.9799189224732	1348.8527676254762	-1703.0491871771817	14.988912463331285
?	113.23721934164661	39.64094362580383	73.79938405777001	-42.625411200788655	594.9635962197514	-377.2118875228457	1293.8736864869627	-4149.832750266388	12.297082496638357
?	116.02445959625774	177.27981899365182	70.86846641402758	-89.37470986790063	530.725636455786	-1130.0149944511095	1141.3611301121575	-5561.43400287894	8.619927570811367
?	122.10121029132917	232.25111567856314	69.330648564375	21.879744824647467	538.4628464971961	722.171388818513	1015.8019863430167	-4610.187292936845	9.478827500796786
?	127.63701538018586	-10.515856491687467	71.96245365525995	-44.120167231630646	566.8342058967115	-1744.2205590848373	910.8517654653161	3066.6082940387555	11.80288355791114
?	121.5754174667448	-2572.7403076037263	67.12464020279347	-255.10896125475702	451.25181854295454	-1025.5492029994425	1169.132401044954	11696.717388940067	6.815399706634205
?	-1	299.2303870747889	59.207005592522144	14.745647769425767	515.5567457467396	422.15638333460936	1495.6876349123174	6015.470748549249	-1
?	136.5369368204842	2754.9705216341	67.86192259126476	344.5794774844685	472.35963770968493	-3288.5614839046484	1469.9059384724153	-10578.12356288043	3.471077538508278
?	136.7485260817045	-23.710540879793683	76.43597946674551	209.40625428015142	351.12867155150775	-2181.7182265537426	966.7814567682979	-12168.229776617956	15.011406813660704
?	135.3514097764945	-56.21839960017118	78.33223530527229	45.289603037733905	363.2737263819982	820.190385005247	861.4944496415196	-209.2063363996711	19.506558892032384
?	133.93760610169596	-68.09768177310129	78.7004596186322	-44.096602206728775	392.13819080176995	1027.148580930756	956.3211399483143	4449.038813585273	18.781876997347922
?	131.94652568783945	-146.72440387193086	76.12740519493586	-122.34859592591265	414.6311554285358	1235.994559576436	1083.9463903207825	4184.110481338849	15.141439184041989
?	126.60138590809945	-152.86628105500054	72.58302982233658	-95.68384682022588	453.93791878059153	1199.7383086861587	1165.526664015256	3808.727191794337	13.885855938335931
?	124.30321163508945	-40.74498302238382	71.34321285392458	-130.35074498614665	474.6180708628435	-541.2972530115959	1274.3827499104987	3045.4786645779877	13.154369307613075
?	124.56413675698026	-41.528660888404126	66.06549257302928	-27.114531624908505	426.87305613001183	-739.7537001816992	1317.800597244155	1047.594421447292	5.379939461613203
?	122.22677859066926	-357.1537139621317	69.98748627267916	-107.48432807729567	437.6303858537587	-518.9674557207009	1326.762470982863	1802.2793642349889	7.886678746143561
?	106.70645105887374	-7.15016883592173	60.69127616916451	-5.921107933889992	400.9246833439769	2030.760401199754	1407.914565455904	-1011.7742114555394	5.645283261938481
?	121.86927014887317	322.353334943395	69.69143087598467	124.58113680927498	539.168405913746	2079.392077613243	1276.1737604100863	-6043.610309291929	2.9926599112057026
?	122.82411780604343	-180.43682687041675	66.92033300962824	-367.98724339519083	504.8942872246387	-638.8513980162009	1105.7340499913087	1651.5482618238743	9.644055220152024
?	112.84742880535237	-2476.4823561208773	51.29206870622519	-302.9356842306353	507.2258360129361	767.625589484167	1358.7511735012797	6448.693562706035	-1
?	-1	429.27474222170343	51.77354879809653	311.0595715391328	543.2755666988469	-65.46184817537687	1428.1687281266093	-7520.176738685217	-1
?	134.31116591643746	2606.1212981802496	66.84504728318177	276.15961632241675	503.95274360416727	-2992.066418745582	982.7423365670202	-1818.1737122397835	9.608356458277523
?	129.306064909012	-173.26589389077077	65.58152961421732	-5.0294610548334795	393.6722457615683	-2868.053730252684	1337.2600425146204	5918.793936662881	8.937813736730025
?	125.64787122189895	-35.66099903899995	66.5935742304401	162.46308387335063	360.5500570915336	20.933152349750873	1278.6820334001632	1395.1942842928343	10.71680343040602
?	127.52301495706202	-24.24557187403147	73.70468380788482	34.59897320991343	394.71890337905586	201.58834224335877	1407.0197567292619	2791.3989985095177	8.639810596717563
?	124.43559262819738	-119.09411618081648	68.32352289093576	-302.9600006436744	370.6294742037015	725.0149046541688	1418.2519833256385	-754.7765451669129	9.864780300319422
?	121.56830914802121	132.29143975101115	58.55668377570115	44.07748614616126	430.96964861176417	-419.78703715284416	1369.2809294709164	1938.1366562807102	-1
?	131.05016461574792	491.2850837691773	70.52739719824382	355.81866492849883	349.64012234605934	-1671.2976223359387	1515.1588161396737	3474.918564064245	12.904561765949273
?	146.13256333648	536.2183668613275	76.34761702212603	131.5033637960683	347.40476749496753	79.59886459113278	1543.026857674128	793.3470184209256	13.576219874749594
?	157.8610829588142	176.07356207656272	77.10256538804721	-266.37437403995716	353.62006557561597	1411.990965349651	1554.8261670607199	-1228.2383094029544	17.249830419273408
?	154.9362414403081	-3177.2216591762954	63.02889832012822	-429.24608871950267	418.00431576244983	4418.323195524395	1481.6149422039805	1913.8094125116163	11.959849052165845
?	-1	-3118.724828806173	55.640260952072154	-99.24265585255462	574.5362253518349	5657.616717130064	1650.5166376863003	6674.135297043455	-1
?	-1	0	58.06676552750051	37.50966410764561	700.885151618952	-485.26422610916313	1815.321707056152	812.2195164391434	-1
?	-1	1621.2394368261737	57.51574415745443	-7.711710303576097	550.2730140463768	-3541.989994658617	1691.1276135082574	-7300.038270719746	-1
?	80.06197184130839	1688.3401708639863	57.681180012321704	42.31814068528721	523.7856518860218	-941.2055575387602	1450.319793520166	-6044.9524283275005	-1
?	83.41700854319902	-1621.2394368261737	59.63165119171878	61.033220368454344	503.212736169439	-759.5926096285273	1388.8799920918834	116.99275345080464	-1
?	-1	1033.1752492732087	60.73284103074441	21.31406783044888	485.8060214045956	-87.23506836797841	1456.1694311927063	357.39369452535936	-1
?	135.07577100685927	2686.8057360639914	60.69735458324122	39.0972376231818	498.8509827510401	-433.65455429663297	1406.7496768181513	-2043.1436359486615	-1
?	133.3402868031991	-261.2000399426194	62.68770291190349	158.80490376462745	464.123293689764	-1351.997767325403	1354.0122493952736	-5454.98500893858	2.2193527503504855
?	122.01576900972834	-339.77573396548115	68.63759977147257	86.13449126872513	431.25109438477017	613.0643962327007	1134.0004263712233	4924.770363881643	5.571148874122011
?	116.3515001049251	262.5662750900938	66.99442747533973	-2.3640194217461015	494.77651350139894	3196.263726853998	1600.2507675893548	10746.197606549642	3.127592706230831
?	135.144082764233	347.9613761541942	68.51939880038526	178.11902854278804	591.0642807274695	-1574.76943822252	1671.3103066987035	-2285.853908564399	-0.5934221414052467
?	133.74956891263474	-173.50449452922027	75.9003789024791	-73.99741240512665	416.0380415902732	-1995.6022158267674	1485.9580721611353	-2702.0576638605376	11.285295989698737
?	126.46885803777201	-2694.9913782527046	64.81952818012894	-181.5390737831883	491.2841699361315	7663.735545956051	1536.207423505677	5084.027053605914	2.53878609924665
?	-1	205.93874620914465	66.82342521331972	167.64744035079505	799.2248188880744	239.1651460757575	1740.15942484143	-2112.2789528414373	-4.36796129659126
?	136.7657953482292	2565.411983679762	73.20190019766866	110.5791688876057	503.2424272399193	-4694.911198437777	1430.5934758636056	-9914.989553216145	5.779664454678863
?	127.27059918398767	-496.2117161444886	72.35238365769999	-270.5264428042697	564.4792589661864	-2282.3890678742646	1244.4099471806246	-1136.1277184934665	10.641901954979485
?	111.95520954100486	-101.83241745553751	59.675578057455226	-216.79236584684267	389.1229738462065	-2291.520223388502	1373.7870899389325	-19.198748194371614	3.2779060407627565
?	122.17897831121081	218.98324670726558	61.51276536535789	257.8541849692721	449.9032477967617	1946.4504645996647	1243.450009770906	-9505.828439832356	2.0666127980663878
?	122.9043718763681	-55.31484011593838	72.56828730591879	-132.41432024921187	486.4454970761894	4200.10070189532	898.4956679473164	1730.3837185987793	11.095285832059245
?	119.4132363054139	-2478.0874375273706	54.892049352897324	-436.3260380566791	659.9082828915269	-268.058851738741	1329.9691957008447	12246.503036082157	-1
?	-1	338.3599333516725	50.75198540308491	128.39613789171213	473.0425544892524	-2243.507747865141	1510.820819751422	1594.1805974592	-1
?	136.33123297299747	2679.8353258307507	61.31185624748291	441.1460883203796	547.7328954982703	1153.465062834667	1409.6782255738044	-9848.450307963693	-0.35600704996717947
?	132.99176629153706	-71.10516722929302	72.80928981910381	183.13963737800358	530.7158076309855	1585.366581970328	1018.3983043532392	-9219.49550787958	10.65371518960066
?	132.77597461153283	-46.44121027701049	70.46883811638305	-58.19465768076916	627.0012245967864	2026.374068452515	948.7034501798271	-1044.1693302015315	15.711612671808956
?	130.66970577768654	-112.13968137591263	69.89955693506536	18.722892576706794	632.0345110536109	-937.7217057823792	966.1898378431628	1604.5798928619627	17.03500652872072
?	127.16899054273722	-152.92815693175183	71.40498274521839	42.89764735840621	580.1151393076676	-1779.2708615375063	1028.932444822925	1855.4989473446537	14.70381148196245
?	123.02329793109898	-191.65785634458769	72.04443930298567	-2.5899737980017883	543.0709679767359	-800.9727483395437	1058.9647852103951	2021.556054035953	12.537779954651185
?	117.58609772550787	-157.17038164281604	71.2754840553183	-8.600111134221637	540.0665018906906	-27.532348651022957	1130.0102475247222	1928.6109376378931	13.624114343344166
?	115.1647788489582	-67.44695022448634	71.61443374627459	23.212639227587683	541.6943505441848	-43.99349187942123	1155.3953320922894	833.0526379818668	10.98782647252741
?	114.21375021428356	-32.96472538667257	72.43611601669768	-64.7473453174461	537.8668272967195	-1902.1512125944412	1171.6628794238154	2525.3129840839665	11.328380641594405
?	113.51654257962458	856.8077116309665	68.37706648040229	-233.05672138532398	446.58678991446305	-1914.042880497958	1281.6609812964873	5921.0655858021055	7.298706958772418
?	157.05413579583174	836.1182696690223	60.783279947431524	-172.4421266076245	442.16468327182196	582.7254888215359	1467.7161587139196	5590.566577146812	-1
?	155.32245606307555	-160.44394224500252	59.7549601500211	62.49708578102919	475.72306435553975	974.4961149274968	1561.189310153827	719.5071586617157	-1
?	149.03193868358164	-3126.449121261522	63.90813423648297	83.02660046088634	490.8894890181966	1324.6414981346643	1503.6915166470053	-458.3957697757267	1.9591472568177013
?	-1	-3000.6387736716433	63.9062901730654	3.42945460206708	541.9551392622727	-143.20899204119706	1538.2695216650407	-604.1904896341451	-1.196599565112526
?	-1	0	64.07960696658633	-1.2250818599837077	483.7290394161368	1119.8648391093632	1473.4819921652982	-6833.882210414947	1.2234733212370774
?	-1	2429.5782326256435	63.845036080066215	-4.844750761093496	597.9483812177407	4749.45097540342	1196.5754111442945	-8046.661244728262	-0.7973941029451483
?	120.47891163128175	2423.2955300340823	63.83736942853165	26.613000745947726	721.2015881863069	717.3619392569756	1071.1489299288864	-494.03442074649496	3.1056253576360233
?	120.16477650170368	175.84792658856065	65.1756861173636	237.9210897205438	633.8164781805893	-5466.64799365726	1171.87369010697	3312.0935059097	-0.43952981420018244
?	129.27130796070975	214.88523387510546	75.7334239145588	193.8339721164395	447.86918850344495	-4599.155602176599	1236.7536052243709	4199.671140742331	9.916304573872685
?	130.90903819545892	-55.27866156253387	74.86738472318554	-84.8883777031486	403.8586980717602	-1706.2568941376326	1381.8572471440857	2539.8981961173695	14.867364568951103
?	126.50737488258306	-268.2619656656412	71.48900502940138	-206.98066017943933	362.5563437965636	236.9568439213205	1363.7485150302389	-1722.9962640928277	12.260694678607182
?	117.49593991217691	20.836689056121788	64.51835171421361	-42.84871811764433	415.7065402678262	1783.8177764063057	1295.7074339394446	-7712.648722722259	5.504342060833939
?	127.54920933538915	153.64705032115066	69.34656912351917	130.28328844686786	451.7472326168786	608.741382105586	978.1160788941273	-7001.214688547913	6.359829747240166
?	125.17829242823441	-217.4118647562789	71.03251613655698	-120.32002151545413	446.1436093731054	876.8263044216789	945.6466995120502	8503.400808309934	13.230622663645923
?	116.67861609757524	409.9902297601037	63.33056804774649	-187.56973119416708	495.5885478379624	2036.7069427004622	1403.2861193096226	12180.471955233523	3.217756144510685
?	145.67780391623953	560.5899297433496	61.65402957684866	145.51688596100044	547.9789565081281	-157.30590128022243	1554.6702972737241	1075.6474874742883	1.3469036826085843
?	144.70811258474262	-311.73698932868143	70.60641234579649	222.27250220203524	487.7232527739513	-994.4016733196839	1457.0684936833368	-3596.8212292193075	0.9880133831311528
?	130.0909544498055	-449.7370339269354	72.76765468695038	-140.54235824170442	498.2588728421441	3926.6151924390547	1374.8292358127594	5925.449357131136	10.260189589642792
?	122.22126088839593	-2621.8190889961193	63.57929443371129	-163.59146487975352	684.0540123959033	7327.67124342463	1753.3409615398925	10004.897368331895	-1.0899527327558682
?	-1	297.3724423195096	64.58808144296273	60.43932704190048	864.6424350133743	-2777.879147710331	1875.0741042293523	-3528.6535971492585	-0.19664524469098954
?	137.08988300437136	2656.9086016348188	66.6012607858063	163.11229733085696	545.1600550103873	-6684.054986590023	1576.9082816824302	-14708.040227496838	3.269980735934617
?	131.84543008174046	-180.98263028727737	72.74369630950555	119.76398586924503	530.4396856838744	2133.2175598684953	1139.672092854513	-12070.76108052548	10.54278969706069
?	128.04075149000752	-182.60601667450382	72.58946007926853	-18.751832901467434	651.8209330038117	-633.728513179658	973.3702276561584	-3495.054180808539	11.751501335880937
?	122.7151292480153	-218.66219169383945	71.80610466443218	-241.29294327836817	498.7532600248916	-3670.991653967788	964.9193838140867	6452.605696294789	9.027652180479066
?	117.10764190531559	252.69551443591394	60.52481291535017	-217.34224893102936	468.2713503054229	-144.05741083515545	1296.0005124708966	6419.298977811679	-0.9171324347658327
?	135.34990496981118	198.80118973337377	60.93899221788056	216.43531847100041	491.5503894831337	-1578.4427558073335	1285.8843327046752	-3944.456982556197	0.625750980606517
?	127.04770139198442	-295.3455719852392	71.34657883890034	109.56023753602153	389.3492125150551	-693.1422128848525	1098.777663343084	-238.75134468216518	7.638598472499005
?	120.58262637054901	-118.39780642147306	66.41700409468172	-55.52805747220453	456.8932788388906	2061.4397220167716	1273.9467654705668	4691.35330454427	5.006665319514503
?	121.12781107091068	159.21522183110028	68.57017596529008	167.04865263190317	492.42119861589515	-746.5752000700078	1333.3453285703008	2207.182406359398	1.9983733457707928
?	128.54338746210414	127.47722888298416	74.769436726277	59.2903238486332	419.56451883538966	407.6639231483033	1384.3058857885383	-3743.897798827494	9.233553434257521
?	127.50167251505998	-31.201628485598984	71.53469215772178	-47.44615389566537	512.8043947733106	1945.679957364784	1146.1504386289234	-7142.354934402295	12.308680465529104
?	126.98330603782416	175.38035345363033	72.39712903149369	21.050784205372665	516.8485167036303	735.4845505586613	1027.1881390684184	-1326.8949948459924	14.191310209436708
?	136.27069018774162	458.05634471657356	72.58723136799043	7.247044731387756	549.5786223012442	1306.4406646218886	1079.8056888866229	2327.9574728798057	13.687358216543348
?	149.88612327365317	246.93910577649083	72.75948126806308	-210.07331768831364	582.1705499347256	-1462.93253421784	1143.5860127124104	2070.599015880591	12.253049306631832
?	148.61764547656634	-272.34875965201593	62.083565483574596	-358.8362740706711	476.43199559035116	-418.2679871611762	1183.335639680654	3592.8804767196325	8.453020936970178
?	136.26868529105218	-258.7390368694301	54.81766756452927	-152.17130317144876	561.2571505766665	1858.4982042138083	1323.2300365483945	4120.933245135744	-1
?	135.68069363309465	-2745.3737058210045	54.47500032500205	-1.5237529972294577	569.3569058010429	-256.7221526911462	1389.382301937444	541.738642892748	-1
?	-1	-2733.613872661854	54.7414799146678	52.10686843197405	548.421042942109	573.2239512275041	1350.3169686930323	-2284.8682723558654	-1
?	-1	0	57.08034374660079	42.314110673170084	598.0181033624185	610.6583298803007	1275.1388883196491	3174.0223302859436	-1
?	-1	0	56.857185448326334	64.14924710894505	578.9539594361245	-747.5703634517944	1509.0180852073318	5133.9639251516655	-1
?	-1	2185.7148981171777	60.28780610204809	109.79772296274888	560.6395851898283	-516.0229670681991	1531.837084577236	-178.33241309437855	-1
?	108.28574490586043	0	62.347071596463856	14.413618353689168	553.1528110827142	339.05616400440266	1500.1014645526127	1789.4185718426634	-0.1802806479388922
?	-1	-2185.7148981171777	61.008487019732556	1.7787022525332676	577.5923933900486	19.55020350035938	1621.3080131693705	1732.5975749835816	-1
?	-1	0	62.43600670909052	40.22358709598578	554.1303212577321	572.5647231603748	1586.731343301793	-479.0485688575268	-2.53527752336084
?	-1	0	63.01966637453187	29.962034004230844	606.2206295480678	731.3533610339219	1597.3555847264938	-282.39863748860495	0.18641760408693198
?	-1	0	63.934108409302084	-20.040176312352287	590.6979893094288	139.98961196081638	1572.6114114273626	-1097.0461174559366	-3.0777385889470263
?	-1	0	62.017657558914244	-36.7841881274325	613.2201101461087	721.648829989357	1542.5032788536962	244.06449778783207	1.116347149474042
?	-1	0	62.09489900293043	0.1809750589814004	626.7804308088971	451.06830932797305	1584.8146363167543	843.3688384341775	-1
?	-1	0	62.026706311863315	62.6440972656982	635.7735256125077	-2109.4801930720537	1584.6717207754057	1548.7358323108044	-1
?	-1	2957.967402812166	65.22710386621539	104.88722171516208	521.3064211552929	-3420.447306326651	1662.2514279322957	1530.5826775397063	1.2623265346575026
?	146.89837014061038	3021.406333004822	67.2710673976215	61.597491037674935	464.7511602961727	-1060.1756304951662	1661.200854652392	-371.70813880430995	1.935282997271767
?	150.07031665024326	-2957.967402812166	68.30697841809918	-2.2074200718307364	468.29763963053387	-615.2131025429029	1643.66602099208	-1075.5392933516061	0.5311310554459885
?	-1	-3021.406333004822	67.16069639402996	26.17223481570525	433.99050516902713	27.690223055886523	1607.423889984811	-2735.2518095943537	-0.6762781822311663
?	-1	2486.3096058840883	69.61559015888446	174.72809300895543	469.6821507833282	2653.8968391812296	1506.9034305123603	-3323.0089894622715	0.4282446953755092
?	123.31548029420618	2479.222994835428	75.89710104447785	34.544635696782755	566.6853471280905	1549.70578951218	1441.273440511695	-5853.394767214276	5.56848518981613
?	122.96114974177316	-2486.3096058840883	71.34282194372362	-371.54555522740395	547.1674402589383	-2451.096841700901	1214.2336921516423	1450.717292819738	10.442418990907132
?	-1	-2479.222994835428	57.31982328310739	-231.34611085035115	444.1305050430437	1484.3194793336481	1513.809305152683	2877.957579394065	-1
?	-1	2684.155183144671	59.7755164012059	225.08166677339182	621.3834142256218	1506.0166219617715	1358.1315711213476	-3146.5197405837134	-1
?	133.20775915723544	2852.087987759645	68.57390662177714	262.6402346534608	519.4313361411333	-2198.3394952504846	1356.483318123495	812.9580584752623	2.3048053188784325
?	141.60439938798427	356.4342583978345	72.90752813387913	57.42872494067459	511.466439463096	271.73660882834906	1398.7794740451113	778.4065719179924	12.615599241694923
?	151.02947207712742	323.4436849396763	71.44534286881091	4.041858516319166	533.018166582551	544.1658370466885	1395.4036467193953	-665.9872592413645	15.231440478469727
?	157.77658363496832	111.39334203690579	73.10962105969509	46.65739659579534	538.6747313154308	-363.8761076564736	1365.4801110830426	-1472.6541718453627	15.778301459911722
?	156.5991391789728	-158.0832464288949	73.77821269860071	24.27824479887897	514.824361199727	-946.8854797616066	1321.770938127126	-1267.2077486009678	17.961179997255236
?	149.87242131352346	-3131.9827835794113	74.32353329963905	-1475.5642539719934	491.3304573273498	-10296.487223994394	1302.1197236529933	-26435.418762542147	15.842847724049197
