rowLabel	avP	dP	avI	dI	f1	dF1	f2	dF2	h
?	162.40525456358873	3270.1534062876776	70.11742930916965	1241.8455245568548	700.4280532098811	9423.041989355475	1557.3356682058475	34953.21298582721	7.4323540493084534
?	163.5076703143839	80.77069286644587	62.092276227842746	-122.29882730402295	471.15209946777384	-5411.386001836581	1747.6606492913604	2957.261316609015	8.225614206349293
?	166.44378920691102	15.595823145346793	64.0024879439685	16.003050405388983	429.85875311805205	452.73686704801077	1705.1987340362982	-216.33692490238437	6.371008282286056
?	164.28746147165123	-3348.875784138221	62.892428748112195	-212.1955826133837	493.7889428201744	5970.068884334854	1736.8438030462412	1265.0033048761272	6.971126555547952
?	-1	284.14697092778516	53.39270881329932	175.80011386933225	728.3621973347947	2958.6435966489425	1768.4488992801046	-10573.530273368886	-1
?	178.49481001804048	3340.754151016146	71.6824344415788	419.9018354807471	641.7211226526215	-1887.612688456989	1208.167289377797	-5011.165895291889	6.611025259687688
?	166.03770755080726	-185.83837675846328	74.38780058733667	-275.71913925776647	633.9815629119453	-3681.936129578465	1517.8906045155102	9955.470104953685	7.568021088653557
?	169.20289118011732	-110.69805140975862	57.896477478690485	-157.60321818139064	457.6243161736983	-2191.277966158548	1705.9407946254812	-5031.614775464774	1.9506052534569627
?	160.50280498031933	-170.53018190072638	66.50763967826714	327.39892780113854	524.4176646040179	1762.8928684766634	1266.3098657422715	-17582.16558629365	6.771963028673123
?	160.676382085081	-403.4313881702242	74.26642386874741	-82.97946543288235	545.7689595975314	1535.0174403521944	826.832515310799	2405.196957701301	10.089698139482419
?	140.33123557180812	-3233.527641701617	62.35866640662302	-334.1827677680574	601.1685366216276	3456.1098148009264	1386.5697136273366	17169.93057767353	5.0348596930702305
?	-1	-2826.62471143616	57.557285480344525	62.14375513783929	718.5744503375779	-979.6768585180862	1685.3290441944762	7739.255770436373	-1
?	-1	0	65.46585416351499	181.2812103289502	552.1846936957232	-5446.566441401543	1773.5325021491556	1197.3457887961865	0.5774997930680191
?	-1	8045.752272798237	66.62134599679204	-224.99180544135905	446.2461282675005	2027.3213545685921	1745.1963336342856	-622.6318319561909	2.1000464203545794
?	401.2876136399122	7410.8323158776275	54.21626389144703	-186.90322806725786	653.5507614241529	2914.894347032608	1742.400910551346	3424.5052191675964	-1
?	369.5416157938817	-4383.973427773658	57.27618459342914	407.48548932774975	591.990845619131	-1193.1270617645725	1916.4215945926655	-17011.803796823402	-1
?	182.0889422512291	-3701.4184792686906	74.59053835783453	327.39168150153955	593.8944083359243	1873.2174027773892	891.8107207101751	-17629.222303171133	11.05671063546145
?	184.470691830447	-55.04828501156391	73.64576866850614	-108.83908629383701	685.6517157580006	1620.4200399385886	1034.960479434108	13997.902925020888	10.897601899351805
?	179.3365280006509	-267.9960474012356	69.14858404314268	-294.3953527042356	674.9154103328538	-3739.0058683483394	1591.7058669612202	9780.295102191076	11.254177703906855
?	171.07088946038522	-3606.730560013023	58.92600103329434	-383.76971976619353	498.70142234058346	515.0915325686954	1523.9752345436623	100.61073401685475	5.681328810971651
?	-1	-183.75662767445857	49.960098054833026	219.42145018473647	700.6699869612885	-2226.7692755314956	1596.736403662063	4104.743883460224	-1
?	161.88305807666228	2835.035024163446	69.89707354253117	242.20152780723316	387.3629585640086	-5998.215844695458	1729.2124287166737	107.3570929726883	5.157761229381849
?	140.75175120817244	-3257.6611615332426	62.070174445194695	-270.38167351008	400.7591947265153	4952.522257652849	1602.1042583106973	565.6472355925275	5.057320468491952
?	-1	490.03930117719005	56.37798986702716	108.73419303419031	634.9890714466512	2733.4584432642746	1757.4947904963	685.1062299246445	-1
?	165.25371626703196	3159.9788273819036	67.50688409690422	372.9966619246188	537.4321168897292	-1619.575006816634	1636.3595698069296	-13523.904781208199	4.00016297078682
?	156.99894136909532	-260.64421700824175	75.02782296325812	106.25711316377978	554.0103211058195	-707.7454484605885	1081.2995514358895	-13450.89296325289	8.641063491798013
?	152.22150541661986	-218.06376906831625	72.81973975509321	-267.4099719447047	502.0448444666997	401.00723034695613	963.8149216442845	10379.401430994298	10.115084774678776
?	146.0957529156795	252.53408704632	61.65732436602287	-71.28283348621886	574.0606826231673	2612.3662511658586	1600.2696229856049	11484.016088209439	2.3034881674712757
?	164.84820976893587	267.3905691190945	69.25559808078226	204.02502624997507	632.6631570249928	81.48237211522648	1538.015726054757	-13819.706359806862	6.280206842772088
?	159.46528137163423	-291.76199259575554	71.85857567852163	-117.49786724267015	578.1348012289286	-2256.3136265896383	909.2843049952612	-11162.74421987584	11.823473091689324
?	150.26011013914808	-366.4180634006342	63.38070471864875	-248.5979728602418	519.8474756955108	-2608.68214832166	979.8785150609645	10769.157105715076	8.97658240520588
?	141.1443782016025	100.98771344429613	59.42867703550953	213.1206534917822	447.7006938128455	-2157.8622547451814	1447.7421602810155	12920.36723695319	5.155328873303859
?	155.3094958113629	142.02671453483606	74.03673739323787	277.69745318296134	411.9543629582516	4816.268986926092	1625.8968769086246	-7968.066316761089	6.868605369935999
?	148.24571392834432	-319.2186888532612	73.31354969465761	-77.11593747424011	688.5141431591503	6695.297100972084	1049.3388444429606	-13743.86311337294	8.958561567964235
?	139.34856136869982	-437.5996726154098	70.18094051952586	-311.06493271129483	746.7192180068561	-1698.966236821321	938.703721239977	1385.6798066717545	13.004747093799995
?	126.3657302975738	-126.16356436941533	57.760303059092855	-251.98067865657612	603.5658313180842	-5470.598409238015	1118.6228347765484	5640.349600645979	7.313640361172505
?	133.04038315022905	540.0140870790933	57.581906586697045	272.91636339651023	473.1892975449551	-1008.7413528532275	1220.7212012722762	5904.205740564293	-1
?	153.3664346515285	480.2286374460085	71.40612122891838	306.1332823992831	553.1287636754228	2570.2191879329084	1413.8331218047633	-4892.172586816359	7.9381201566538335
?	157.0518150225295	-282.2775845648986	72.88857070666121	-303.6695669984916	601.7002569416006	699.3955525666837	976.112571931458	-1149.071078335909	12.546805035453508
?	139.25255542328355	203.08679639150867	56.22264287899379	-240.63967624696488	588.098541303757	300.2186498410139	1356.3795678879678	9999.96567479574	2.653859661222093
?	167.2061548421049	463.9768998023606	60.85658689431301	337.52615216647933	616.7111894336513	2623.58230664566	1476.1108556712431	-5772.425421195538	-1.1076135298312153
?	162.4514004134015	-218.2573318302021	73.0989504873177	172.22578425247383	719.2776566360395	-1166.3635346126553	1067.758296828192	-8196.670530561598	10.603552731697075
?	156.29328825059483	-156.27014486503754	69.46787610693667	12.736779618632896	558.3930127030187	-285.6195863583604	1066.2773291431647	2692.551109273573	10.601052624789082
?	154.63789317014965	-43.07618242565654	73.73578946824934	44.97312934912672	704.9966773181216	809.8154472418111	1202.3858522918702	8390.059366413763	13.746702052677188
?	154.139479129312	-200.0435467231138	71.716532574393	-163.79641360606712	598.8837850651091	-2646.6728316880863	1485.7802974638514	10837.653719314896	8.091528263210375
?	144.635715833994	-464.8246847634368	65.54596878794601	-237.01112903257837	572.6630357337177	4147.306730497058	1744.268538257613	918.1395453413358	3.453142000869496
?	130.89824489114025	128.6482613166503	59.865976122764124	122.94867164014464	806.2491215899613	1502.2984842787225	1531.687274730918	-1559.515006787502	-1
?	151.0681288998265	241.94105610209846	71.69340236995322	156.17421515678728	647.7779599476536	-3869.015648601296	1666.2927879182382	284.385900004546	3.9516019629710906
?	142.99529769624513	-331.63457461932074	67.67468688060346	-234.69870813917052	612.7983391598972	5362.753475698065	1545.9065697311453	-2636.3211647454505	7.352379116789618
?	134.4864001688605	-243.98110780500218	59.958466962994734	-136.44640281988748	915.9156337325559	4602.744316124754	1534.4767296809662	-71.69386183114082	-1
?	130.79624230599507	304.3666970074826	60.85236673960911	190.6756137491045	842.9355549661341	-4937.714329360271	1542.3218766395883	-1818.9430774762623	-1
?	149.7047350192346	446.61838992314915	69.49224765044993	226.35064137188232	669.0299172645432	-6201.703583802752	1443.5295758071534	-1765.513914131131	5.383368824419552
?	153.12716180215244	-28.493010267257077	72.16989880820319	76.41680210659841	532.8503757759976	-4343.660615303781	1454.046180933032	3594.8572485671175	8.898184366225832
?	148.28008450587174	-333.83804934779454	73.31308775577983	13.274820444566776	451.8468864993549	-941.6241998355416	1623.2724382355086	6519.061552228723	9.267349546265654
?	136.43525933476278	-491.37105092840676	72.83363983043152	-124.08331442884831	485.76916578422066	2306.8730753865125	1779.999258544467	4547.157506607362	5.194278351788323
?	123.71153195945149	-303.2277001140863	67.10892203433744	-250.98811234837274	567.1905402686801	4583.504811183251	1850.630313565876	-2557.373080157986	3.44672545993411
?	121.27387432905851	-64.62686235119458	60.28423421301293	-112.56593691333504	714.9444063433824	3673.622589099154	1652.1306045365682	-3273.556796656788	-1
?	120.48018884189177	1176.0349020432109	61.48062518867071	248.35539582435916	750.8716697236372	-2582.1307188463174	1686.952473733037	-6342.16251697741	-1
?	180.07561943121885	1302.9005406898498	72.70200400423084	260.70903698355716	585.837870401067	-1352.53122882295	1335.0224786876988	-14864.254994655654	3.184132710937972
?	185.62521587638403	90.51337315563704	74.51607703784852	-1.8688872820709501	683.2451082824899	2512.696729418019	943.7397240002571	-3080.9694344048166	11.635015594913527
?	184.6012880890007	-139.5195758098645	72.6085596401273	-367.98404573356424	711.4727068719675	-3059.470487660537	1180.9740069674585	10073.484345701578	10.879285028264144
?	178.64923708589083	287.14707852339575	56.11687475117037	-388.26761931470327	530.2715838994636	-3416.1439624878503	1447.4139412853342	4815.751108362428	9.084735707637464
?	198.95864201517043	98.072854936431	53.1951786743922	293.3129832626905	540.6655087475756	1169.8383530318001	1421.761562385579	-10557.25962327879	-0.6265433035376196
?	183.55287983271236	-558.6656865809331	70.78252391430485	51.737608796529784	588.7635015510534	2736.7769809015754	919.5509601213967	-1571.8403822453558	11.670195250095441
?	171.02535768612387	-3691.0575966542606	55.78205911421868	-346.31640050649816	677.5043577926539	-517.4895689371165	1343.1695432733115	11760.867686440142	6.55006927754078
?	-1	336.81399017247776	53.46670388898	323.04202670450763	562.8890231041977	-2054.836088293537	1507.5943444434017	-783.9693791866721	-1
?	187.8660571947477	3419.0596475460234	71.93416044944401	433.3923801662644	574.7625533779774	2061.749249166724	1303.971074313978	-6612.930475992149	4.732816878392139
?	169.95298237730057	-765.16347978057	75.13632289729314	21.797622078754635	665.9764855625335	2796.9519347140326	1176.9478206437955	-1218.3691542458107	13.897023356950601
?	149.60788320571933	-782.3983689203645	73.02404155338174	-192.09166224491253	714.6101501136785	-3261.953525317815	1243.0526166016878	8342.257931381035	7.877553231470314
?	130.83306393128248	-448.0891138049977	65.53173978504755	-270.35478152519	502.87880929664334	-4879.758430219374	1594.0607172128457	3330.5102618314986	5.353784392290824
?	127.20342751546953	477.22780642299426	59.50630247712228	122.70633518399977	470.6222286027107	-573.5255677453401	1409.578129693262	-4056.3996644646304	2.970049569497081
?	154.6944542524321	647.507978305363	71.66705654424752	247.28412811818163	474.20253090937643	123.66467476668889	1391.240733989615	5298.506076318791	6.902473911136141
?	159.57882643073756	38.5397540563305	71.87050888303132	-14.888668681471753	476.80546234104514	3599.9258971608724	1674.5034335092007	-2852.444732863283	8.751698885161714
?	156.62144195524863	-25.92243469527839	70.92262311017393	-284.45543704342356	654.1988257674194	1878.4772573693826	1248.6184973464512	-4638.888300377278	8.272303217839273
?	158.28270469597365	150.16695422243342	57.64773703086019	-244.54661503805698	570.729325209514	-2797.8690960140566	1442.5590184903376	9897.481508223962	2.574676665319902
?	164.12978966637027	12.622707885218505	58.695292358271125	325.2845088059208	514.3053709667171	-876.4871783287489	1743.4925727576476	5813.704645488822	3.943994950095195
?	158.91384009023457	-191.09463653060413	73.91196247115617	278.2026465178734	526.9049662930767	2425.4207420235884	1733.2442507647777	-3816.950256420023	10.00281267478896
?	154.5750578398401	-126.2676806989275	72.60542468416475	-82.50866803644159	635.5764080678961	1998.3592719677224	1552.6450599366472	-7991.823526410645	9.646470702908001
?	152.60045605528822	27.93518022941906	69.78652906933411	-3.725874272955152	626.8229298914624	-232.59955819490042	1333.6530744442468	596.9102557467135	8.623719319200864
?	155.97181685131105	-156.583911866814	72.41913097051699	35.52161744704206	623.9464301581511	-190.37858275937492	1582.4905727239827	6467.462049771875	7.193070800313126
?	144.77126046194755	-566.6271685316792	71.5626099416862	-145.67477391480048	617.3040007534937	-3392.3400580091047	1657.0261769328395	-1355.2261004030381	6.947913192704137
?	127.64045842472719	-82.58988079769695	65.13539227477699	-175.4539991441414	454.32942725769647	-2332.552203129377	1514.729267703831	-3589.994223100338	6.705040681335852
?	140.64176642206272	618.5599725162407	62.789909984479166	-45.62115220647842	500.67639059702526	2609.6058666267595	1477.5264657778232	286.08290899382257	3.0195594243426975
?	158.5684570505391	310.3038473653526	62.85433466445308	-43.25122630100084	584.809720589034	2615.661943096345	1529.0334131535221	3885.831155263777	-1
?	156.1569587903303	-3191.3691410107936	60.62734866942913	-22.98072962844196	631.4594877518421	149.43286031546276	1671.8180235410114	5430.441062391293	-1
?	-1	-3143.139175806617	61.70529818303098	28.252797556462596	592.2813636048071	595.3937633677787	1800.5554662730858	2688.370643151989	-1
?	-1	3534.1552135093484	62.03998854725226	105.95443787199139	661.2291759202309	-2042.8599916540388	1806.2365556986103	521.1021735355162	-1
?	175.7077606754668	3475.9740584553483	67.00302007663053	49.196716964687006	490.1383640221055	-1421.3376323514722	1826.6105749498615	-1789.421718182436	1.2768355944499508
?	172.7987029227668	250.71467374857352	64.4998243954866	-9.504242585326812	590.1622943026575	1925.205791328499	1716.7654697894889	-12117.450120229034	1.5861224894554125
?	188.24349436289543	380.5226503414425	66.5278079473642	89.7385540507722	586.3986535885301	1273.821062927209	1220.738068938412	-6800.023607359587	1.996024664753288
?	191.82483543983886	-218.71859466356418	68.98675209802519	171.71629436822715	653.8533474490178	236.03211722327245	1376.7642894215107	12979.39694603841	5.659901025146413
?	177.30756462971726	-437.4536630584201	75.11362266577552	116.02543904711935	598.2002594496937	-4243.43470736112	1869.7079162403302	6339.948440385033	1.2951162292167688
?	169.95215228691794	-160.63486019201378	74.78802405038114	28.604050785218465	441.6816120809625	-3252.7844299446556	1693.7617114407612	-2351.6137235661645	6.341918176495373
?	169.2758216201166	-107.56935497064528	76.54382520503644	-45.17797527790338	435.5610379524615	697.1786419552407	1752.1272300620224	4188.87577271853	9.198791871890775
?	164.5736845383857	-283.72891113773437	72.52912528648598	-359.06383804812975	476.5405441787244	1290.4985451014886	1903.205500076687	-4966.970359324568	6.794978893895215
?	155.08937606322993	-135.9158791376466	58.59063330263002	-354.56196306922635	500.0859652075357	933.2444746036855	1503.7787120957948	-7730.533734094224	10.386491688396763
?	157.77789058150339	348.4919634741585	54.801027133024725	181.44252516058538	523.2027679089085	-2423.8369739573914	1516.6788133719772	9998.864288941926	-1
?	172.5139742369378	145.79098074971563	67.66275956065925	219.1999822800836	378.89411650966656	-1401.746323062768	2003.7219265428894	7111.180077389006	6.95405679178929
?	165.06743961898914	-168.58465327449383	65.76102624702887	-84.52111982123982	453.1154517557704	6512.5643024252895	1872.2378172414262	-6159.795536445571	4.654166222710685
?	164.08474157321314	26.9700986978314	63.43670356959728	188.07067569017772	704.5223316309299	176.30161827429168	1695.732149720612	-658.6352883842097	-1
?	166.4159445538807	-47.07375883477499	75.16456003153772	143.087028906891	461.93053266948493	-2180.8398710555853	1839.3060528222159	-3186.913153180751	6.097799655291802
?	161.7310536314744	-170.2333139955454	70.5910550149418	-278.89630181470295	595.480338078151	3568.3318565337017	1536.386492061575	-10580.253289790531	9.343063905080438
?	157.90427885410347	-138.5595367216819	61.21974494080262	-81.54437181400652	640.3471254961694	793.4473329817939	1310.2933883326912	-8911.697056387287	1.8407388090601482
?	154.80307679539033	-117.68209689104181	66.51383642424149	-95.0112463723463	635.1527047272406	-2189.7998140936475	1090.801639242212	6709.924874078857	7.887563938566845
?	152.0201740095514	129.4331921743934	56.46918262218532	55.96653423075557	530.8571347914874	-1690.0139082682895	1645.7896320366328	3881.1955405011486	-1
?	161.27473640410997	120.75141057044263	69.31216313577926	279.51079564399805	550.6520093138264	-383.9642008413605	1284.8614162672689	-12672.91634812173	8.417833156303363
?	158.0577445380735	-263.46835683471716	70.44472240438518	-194.2509982911589	511.65892474941944	-4145.377407864753	1012.1438146305486	3540.0382398187858	13.121086413152392
?	148.10131856237416	-282.1895794574168	59.59961322122135	-1.1473898175569315	343.3831389205895	-5069.617735211854	1461.8633282582075	15793.485166137403	7.284016602970822
?	143.94826556520272	-226.11230564530126	70.38735291350733	111.77970425945529	258.17803798882767	3312.0893986538035	1801.818072937416	6844.685543547659	9.728962790132966
?	136.79570328010914	812.6572714076974	65.18859843419409	-100.8602084487098	508.9876088532791	5724.228345856704	1804.0976054355892	-4030.002981783919	2.5145485320305783
?	184.58112913558745	980.38884256538	65.34434249107186	66.97610133454585	544.3894552816619	-1749.0262754910934	1600.3179238482207	-7655.152974714947	5.133686678592165
?	185.81514540837796	114.66980233984926	68.53740350092137	141.76418228571373	421.5362950787247	-1449.6930290792086	1421.3399566998432	2670.380776408984	8.115779918215614
?	190.3146192525799	175.92492443334385	72.43255160535752	56.88690416917515	471.9048038277017	3081.0806524869276	1733.8369626686695	6929.425983469088	4.548365386778313
?	194.61139163004512	14.831161514862341	71.38174870938012	-57.90323905267534	575.5903277030706	4516.009056137898	1767.8112558732964	-5322.158862387301	9.083225630378594
?	191.056177328323	-240.6006540605378	69.53738965272376	-115.89663877700117	697.7052566345958	1704.2153183834391	1467.7290195493053	-9707.878880863847	12.346369236843143
?	182.58135892701827	-181.69121224587806	65.58691677053008	-280.5267928012006	660.8010936222422	-2009.7749579676613	1282.4173118301057	-6034.0882840180975	12.567178179700198
?	181.97161671602913	119.93794167004395	55.51105001266378	68.32300235762655	597.2165087362131	-1491.5846276101395	1166.0246053484016	-5313.676118988026	-1
?	188.57825601052045	-108.58786121071641	69.0030668884114	338.99268887184684	586.2218622417355	-53.23696542198851	1016.7335058807054	-4817.14850340221	3.873770992366101
?	176.54222365549333	-3791.5651202104223	72.46068445625606	-288.16063653742737	594.5546604651137	1236.2811668337256	925.1671801782919	6560.340168284172	8.580861151436938
?	-1	346.8972751729525	54.59503506154008	-268.55830489332925	648.0359205834216	-549.4360539363512	1344.7505142949128	8361.434883533608	-1
?	193.8870874141409	3557.805619495618	59.032769211589645	395.4863685229203	567.0828577682962	-356.16240375555105	1343.2389243549708	-3721.1262333345117	0.46905625542964724
?	176.89028097478027	-686.4155972001028	74.36935348768603	110.03618564942909	630.2278003956441	2225.513825920583	1158.694202628188	-2494.311846212749	8.28132893298352
?	159.56630755413588	-3557.805619495618	64.53457849406108	-611.7024361082205	678.358549064325	-2786.3262960609422	1218.5233320443338	11501.739215477086	9.816238317800577
?	-1	-284.4878986011695	43.78423168227511	-289.8046641550552	490.91148559259744	-3556.6646436693	1733.7811634020402	10473.12273392141	-1
?	145.34191262407745	2751.91896087695	50.04434528630837	130.58691396854118	500.5253168808606	3529.544106960618	1742.1794687404024	-1027.972081929569	-1
?	136.59594804384702	-2926.8382524815593	50.31357738070215	-44.74640941665457	667.3886909406277	5241.3560483791935	1682.382559305562	-3433.779823820713	-1
?	-1	402.446845387137	47.80702481547565	243.27357607771546	762.5931192998194	-3488.159366607141	1570.4904775493674	1971.2547876293527	-1
?	156.7182903132038	2639.209519688388	62.47725618458788	353.70677705638116	492.9807226102713	-5958.619819165894	1780.9452986870292	1922.137309306056	4.8021570664474025
?	130.96047598441893	-3154.365806264087	65.49236366829464	-100.41896203692325	464.6621283415257	2430.677356951796	1666.5973430146698	-990.9449327620349	2.383876084022753
?	-1	520.7709350801771	57.456308082741735	76.9535021649085	614.5145904578607	1965.91864271442	1731.3980520489276	234.76438589941236	-1
?	156.9990227384277	2947.460580869387	69.34003877654006	264.78646428163125	562.9580604772464	-2811.507666141584	1678.3355623096404	-1334.1779496355186	1.6210421543490696
?	146.37302904346882	-3159.9804547685653	70.69563129682325	-232.18533292545115	473.93920715078195	3554.3017695241465	1664.689154567152	-297.69215770630234	8.261297358904189
?	-1	379.83387363545114	57.73077213026754	-1.494238716673527	740.673148953453	3913.4537368223737	1663.4509544243253	-3827.184088682825	-1
?	165.3647227252413	2947.5105869788317	70.62091936098958	140.33075559103133	669.6118939918999	-1599.8984254948311	1473.3299501330114	-7148.875095225733	1.413059179863544
?	146.37552934894106	-3327.294454504838	64.74730990981908	-420.7886009839428	660.6782276787118	-0.02407798029025807	1306.00719966304	712.2074858421481	7.1583162655486205
?	-1	325.0725439886497	49.58148931179251	17.166227574101985	669.6106900928854	-1607.5900218057689	1508.9403244251187	115.30140174660615	-1
?	162.6291565483735	3009.169091214213	65.60562128852418	456.73828881971866	580.2987265884236	-1252.0380687997567	1311.7722697503702	-2148.191972389762	2.5235840990305056
?	149.45845456071012	-495.87873926712695	72.41840375277836	-91.27379004257368	607.0087866528978	-2400.028261937953	1401.530725805631	936.5025403125798	11.139590482335887
?	137.83521958501723	-52.62123979282383	61.04193178639551	-355.85077374049433	460.2973134915264	-2491.1477385875737	1358.597396765999	-1404.2018762024331	6.330477350960083
?	146.82739257106894	148.6571204641683	54.62586506575371	230.91639749578601	482.45139972351956	2770.0668377529287	1331.3206319955095	-3472.595991992424	-1
?	145.26807560822562	-88.83575291805843	72.58775166118477	308.7035753243246	598.8006553791723	4199.542352037405	1184.9675971663785	-6666.230784077274	7.580360030455263
?	142.38560492516604	-67.46810315108714	70.06104383196988	-5.857736696000891	692.4285173253891	-2253.9138760040305	998.009092791647	10509.007245291692	8.07111006621759
?	141.89467045067127	12.688562021927554	72.29486482638473	-289.48483472929075	486.1049615789712	-3955.8976761200306	1710.4179594309612	10754.387181282918	6.650276918283535
?	143.0200330262624	-2857.8934090134358	55.5868020955054	-422.7193914464828	494.63363351938824	3988.512139819706	1535.728451855791	-3059.9330654100977	4.936114761892859
?	-1	204.17936575178618	51.15889525406066	120.16200233385632	685.5305685699558	4358.821783729106	1557.4213061604569	-2705.785833365058	-1
?	153.22900131385168	2840.86632829956	61.59490221219819	373.2574374442641	712.5747227058428	-2280.3566727807006	1400.4391601875386	-8804.345036028035	8.973580787105966
?	141.04331641497748	-521.7744972166845	69.8217671262738	-153.0852652974276	571.5127349309212	-3811.691147035126	1117.2040543590567	134.02845661433778	8.795923296279824
?	127.14027645301755	-2840.86632829956	53.94063894732684	-308.4617922857938	521.9901653540871	2771.9282063471983	1407.1405830182555	6591.463957684692	-1
?	-1	549.565175651177	54.39867751198416	184.95983706434495	710.1091452482806	2638.95309755927	1446.7772522432901	4335.2252605932035	-1
?	154.6185352355763	2939.433961832418	63.188630800544054	339.23322213411814	653.9378202320502	-5879.926937965704	1623.901846047915	2997.8408416009975	7.642291077569816
?	145.97169809162037	-66.46908872534733	71.36033861869001	215.45263121080217	416.1127983499964	-5487.580542936203	1596.6692943233395	2337.89230312358	9.005078935450444
?	151.29508079930895	519.7684851130812	73.96126236108412	58.13041830077842	379.558793085241	1699.1809130587324	1740.7964612040935	4155.398219124519	11.104392321040011
?	171.96012234727434	640.9586969667748	74.26685953372892	-97.22583815378505	501.0718440029327	3221.5202297560463	1804.4392052795647	951.1141127427197	6.168990877472915
?	183.34301564764758	-109.2737477702921	69.09997045339489	-445.71031862963184	540.6348045730427	2905.325015148011	1788.3521668412293	-1355.3621111849636	10.726965979975494
?	166.49643495875975	-3686.8603129529647	51.98134360224741	-248.2070606974715	646.3380947603328	312.06909123691844	1736.6710997203168	379.94449342099097	-1
?	-1	-3349.928699175207	56.68961741852136	140.57149754943944	556.2382591348886	713.6780652259702	1807.3493915122788	4445.640623840015	-1
?	-1	0	59.00991847971935	70.01645258740464	682.0219980216311	2363.209775548104	1958.9531309123167	1954.240104692283	-1
?	-1	0	60.19044004789158	51.11126887486226	674.3987479122934	-1295.1132725716343	1905.0613967468926	-3273.0044346217464	-1
?	-1	0	61.56548192346246	-53.13089832047614	617.2663343930497	-2362.3050547898233	1795.30290918123	-6579.476207684039	-1
?	-1	2881.8163776570354	57.53389513186778	52.092057568651356	556.2834951728027	-3659.0870742074885	1576.0875863626918	-7108.487168613545	-1
?	143.09081888285127	3365.6005811582777	64.17008480189502	373.08309192211294	434.3119806826759	-405.52943553546464	1439.878550750554	1808.3700102895925	5.331845654656014
?	167.28002905791627	670.7301428243279	76.18804972797369	-72.85654580443203	536.0070233960291	438.62003505662017	1666.5060868771727	-446.15378331833926	4.254864119400501
?	176.62732602406814	841.8349768529089	60.52725751167336	-458.41471012946715	456.2429824355072	-2610.8543308050394	1417.5708615846368	-6085.328673759241	5.258677629814227
?	209.3717779005623	719.5560411704497	53.26731422150001	291.0272182523164	405.4643068557753	-171.10725638806213	1362.2396531892064	-6521.068860460985	-1
?	212.60512808259114	76.8144289700246	75.07861842428939	382.1278310462189	447.687619616104	394.2333243366955	1091.5174185615829	-2942.772868836886	13.4328740512526
?	213.2124993490636	-4272.102561651762	72.37370577381122	-468.8608713393025	425.17597307261036	2332.511001771825	1215.10100974736	8858.268372357217	15.765139877377731
?	-1	-4284.249986981211	51.63557485732393	-125.71964153967761	564.3131697046969	13252.59811188682	1534.43083717945	15019.541695692838	-1
?	-1	4212.067490361379	66.08772369682725	434.3617869224409	1087.8058786669608	142.29792320790037	1966.0780945320125	-6427.512243369711	-0.854561157491415
?	209.60337451807194	3892.7955789733714	73.35366420344629	98.02800428058762	571.428065865092	-12794.35286453118	1213.05522501096	-16915.937593007333	8.688178235885117
?	193.63977894867134	-517.1105237431908	70.9891239108567	-369.4777254944744	448.0882354403927	2132.1696999343717	1120.2812148816338	9904.6528983267	13.124192924978226
?	183.74784833091203	-3892.7955789733714	54.879777928722305	-347.0673381837833	678.0365508618121	4352.436250700514	1708.287869927302	10647.371091754725	-1
?	-1	-197.5549250442413	53.635757001667294	55.973762752258466	665.7100479754215	-1651.3959557546734	1652.6497694693776	-397.000656240615	-1
?	173.87010207869983	3345.291421498821	57.67846606633527	264.23811827295515	595.4667530740773	-4717.52310707406	1688.437837115271	2828.045972455012	5.967081376502569
?	166.26457107494343	-3497.402041573947	66.84766291531524	38.674558463173575	429.83389262171517	2841.180830296974	1794.0520680921302	1083.460581562952	7.936034181064442
?	-1	104.42672552654153	59.612193989493974	44.33326647076847	737.525794588928	4220.3797562096115	1742.6108661934193	-6790.241920891066	-1
?	171.48590735127058	3222.120755662061	69.0643262388537	289.1413433813141	640.8528804321987	-2694.5813976934714	1454.539972047572	-17612.261977064416	4.92141670701552
?	160.10603778310534	-292.9413342966886	74.06926115855988	78.38820161778929	602.7967247042525	-577.4051484347965	861.997767340186	-7300.007292976435	10.85290799251381
?	156.83884063643595	-260.09680869433254	72.98373631974322	-224.9602931147208	611.9826230104585	-960.546666869202	1089.5396073987451	9221.699563024708	15.58623240290731
?	147.10119734838852	-3156.776812728674	62.82124650282368	-309.1417935633918	554.7693913607917	3500.0354034424918	1323.0827454914279	13273.74571370645	5.902336141850719
?	-1	386.455882686965	57.52664664157341	75.95321655208414	786.9843931825856	1984.5185906742486	1753.2268930840771	10370.46537281901	-1
?	166.42399148273705	3095.79506619937	66.61890733042795	330.7938256737843	653.9953208945055	-3047.1318609032596	1841.6060141323858	-4529.081606611452	0.8790486774921282
?	153.7897533099707	-457.7738055985342	74.06633792526286	8.42852825196348	634.6278001374204	-2222.462504365756	1526.7728127535013	-12661.069934962754	6.986235611602983
?	143.53530120281002	-3095.79506619937	67.04033374302613	-499.4465309358438	542.8721956762162	-885.5377080482468	1208.552517384239	-3084.9579086463536	7.677598080760745
?	-1	238.93125672963097	49.09401137847031	20.145804479654426	590.3509147350075	1360.0282072850962	1372.5249173211814	-2979.051788809919	-1
?	155.48186403929174	2880.190496065645	68.04762396700886	243.1834566062849	610.8736060404719	864.8543173956218	1059.599927943741	-8060.764016782045	4.61457579103719
?	143.0095248032843	-3129.63728078579	61.25318420878473	-348.7140913059649	633.5936306047892	-627.47586605542	969.4867164820735	10001.564532074175	7.962227490430958
?	-1	-2880.190496065645	50.61191940171037	-156.4256509151719	579.4998127377005	-3208.0309121388823	1559.6781545474569	14815.039854905212	-1
?	-1	2960.777167921809	53.431901663026025	434.52174523095215	473.19208499784276	408.2527640119757	1710.2387092273445	-8725.017435021135	-1
?	147.03885839609256	2959.1360638062683	72.33800666325828	323.8848912799022	599.9124509382996	3224.714860959485	1123.427282796394	-15096.8683954572	4.4013531235641565
?	146.95680319031553	72.68043491898378	69.62614622702137	-92.20316036231748	634.4278280458193	61.12139851657416	955.3952894544738	-5233.332699633962	15.666185146529042
?	150.6728801420418	-690.7620484144679	67.72784864514235	-269.192278837173	602.9685208641283	-674.2413024903335	861.7606478146921	8098.978725845692	16.031302836977556
?	112.41870076959164	-1334.8517959927954	56.166532285162525	-106.56819062164804	600.7157629213021	-1502.0203284030995	1360.344225746764	9345.826422162592	-1
?	83.9302903424011	403.998002839277	62.39943911405987	370.82520950559655	527.8675044439723	944.5825787314177	1329.0519689228283	-11939.703619955377	0.998202839602467
?	132.61860091155577	924.7048327471116	74.70779276044262	193.7566277293629	647.9448918578737	1057.9818270733776	763.3590447489868	-7390.2441154330445	14.414908010998687
?	130.16553197975733	308.25870661796347	72.08727050052815	-130.3217820542129	580.7665957976419	-4936.697914560585	959.5397631511709	6572.555238591185	11.868792285230946
?	148.03153624245417	826.5021356115639	68.19170365773188	42.23279945176952	401.10999612984097	234.87732336164422	1091.9868066785507	1320.7045532136515	5.290940746960977
?	171.4906387603361	282.3409141214915	74.19891047311666	-139.73384260198898	592.5104619657243	4333.5351397584645	1025.5749908118544	4065.429538569371	10.861658154129938
?	162.14858194852894	-16.01039568443673	61.20501152763233	-159.1317004679155	617.7867531177673	-1295.863089015638	1295.2582836070221	14515.135702002839	10.627094568805738
?	170.69011897611426	125.69454220974015	66.24232544972077	30.77826229370884	527.7173075149415	-3098.4843786139086	1751.3317759120066	8830.35066826664	9.822646792045308
?	168.43330905901604	-3413.8023795222366	62.74392464231779	-1324.8465089943966	462.8625341870696	-10554.34615029868	1736.7758170203604	-35026.63551823964	12.01709981364595
