rowLabel	avP	dP	avI	dI	f1	dF1	f2	dF2	h
?	159.24478467420576	-20	67.47680913526334	1446.5382890435671	469.97535705096726	21812.530868306996	1685.7926141362682	36601.12761940043	12.12638992965227
?	-1	-3204.895693484115	72.32691445217836	86.37783713905435	1090.62654341535	12305.825925733474	1830.0563809700218	2938.237661853418	-0.06375609813323171
?	-1	3358.1616273845752	71.79570099221606	71.88742232891369	1085.266653337641	-10241.696217490346	1832.704497228939	-1204.3762798546045	2.1134198239926048
?	166.90808136922882	3227.8735117979713	75.92128556862404	-226.94129028598573	578.5417325408325	-11656.332265285657	1769.8375669772915	-3219.0064288570384	5.510451186068762
?	160.39367558989852	-3358.161627384577	60.44863647791677	-802.5122276492334	502.4500400733582	1660.0879545533558	1671.7541757860872	-1011.1681775860782	9.002807441769704
?	-1	-3227.8735117979713	35.79567418616238	-310.6188860238783	661.5461302685003	4083.7999362016726	1719.2791580979876	467.151094007918	-1
?	-1	4463.329598333732	44.91769217672286	813.976642635921	706.6400368834418	-4910.435668013828	1695.111730486483	-8965.223029204546	3.819323511707746
?	222.16647991668657	4347.672147461713	76.49450631795843	680.0974935678935	416.02434686780896	-6141.331271290776	1271.0180066377604	-15946.312001700995	15.430336630946362
?	216.38360737308562	-408.0804123539373	78.92256685511752	51.072450552997296	399.57347331890304	-475.50287215429546	897.7961304014335	-1785.808080160919	26.890269920564883
?	201.7624592989897	-613.3164536640062	79.04812884560829	-70.90344921524748	392.2492032600942	-1839.0888093340748	1181.7276026297145	6238.127397781867	22.616148013260972
?	185.71778468988532	-522.8217949787581	75.37739439435515	-93.29021347124146	307.6190328521993	-1059.8381637366222	1209.7025002905268	4308.20730511548	19.73201881259388
?	175.62136955005178	-465.04288309850057	74.38361817204621	-135.72768388979102	339.25729507326304	707.977982681113	1397.1379678854887	2127.1666826726987	20.11092192420612
?	162.46564053496027	-3532.4273910010324	68.5910101998656	-716.3385736929744	343.017931986255	3712.507176216029	1316.0608344241618	1386.8972663529064	19.22422979472355
?	-1	-3269.3128106992026	38.56668948739746	-349.2378838311393	524.8826538840647	4277.246084744086	1466.482831203134	2906.4627304653113	-1
?	-1	3813.09332712102	51.129116008308614	734.8681117716548	556.8802362234595	-3232.728326445297	1461.3839709474275	-13323.519567270727	-1
?	189.65466635605117	3463.1767442236896	75.31009507598023	365.9143746431041	363.24623756179966	-3940.9301459185585	800.3068528395971	-5751.216895527563	15.15244325620067
?	172.15883721118465	-388.55953759715896	69.42483474046384	-38.31028957764854	359.8337289275314	1725.3446905443304	1173.8231261710491	3229.8281744993524	16.888098973152246
?	170.2266894761932	-154.4655992337026	73.3945805970978	8.350435797542836	449.51347208901626	1249.3081466507863	961.7982615645649	-4205.700599954053	19.880599856577486
?	164.4355572494995	-194.0064205529397	69.84235653034098	-565.3385448311973	422.2991362600708	1848.78964512417	963.5380961733463	7815.759396335936	16.900793865739132
?	160.5263684485462	-3308.7111449899944	45.12765335553791	-490.4181017331766	541.9529543452248	6236.694550732934	1352.586231381362	14867.280045767035	-1
?	-1	708.3172020093774	45.32145144368218	635.7754845393287	734.133863796717	-162.61675215559748	1706.902098461697	10976.24298092689	-1
?	195.9422285490151	3722.986024880628	76.91642758250437	509.3557308696559	533.822116737445	-4204.168250374562	1901.398380427707	1366.8586878340864	7.486359658533283
?	185.14930124403156	-3938.8445709802986	70.789237987165	-547.1096713873153	523.9254512779887	1513.0090791158486	1775.2450328534014	-3267.2668923341207	14.799222876059638
?	-1	-3722.986024880628	49.56094401313858	-330.88774156108656	609.4725706932375	5363.639534927056	1738.0350358110009	-6859.641886808884	8.608917558956616
?	-1	3381.6749067511205	54.24485090911065	419.7427735222597	792.1074280243417	-2376.250484780662	1432.262938512957	-10016.516276635708	-1
?	168.08374533755617	3245.9242000579025	70.54808268925159	-83.89814019880198	490.66004645420423	-6169.831757549217	1237.209221979215	-1738.756744016899	12.308105783012769
?	161.29621000289526	-3381.6749067511205	50.04994389917055	-431.8805989919	483.6158401468806	3945.987638303578	1345.3251013121119	8258.970628995769	7.340831806998129
?	-1	767.674217259772	48.95405273965657	166.97924684833055	687.9594283693833	5999.540499428078	1650.1577534290038	298.03624376924716	2.8171060287733654
?	199.6799208658839	3904.89651242775	58.398906241587085	507.9586776910165	783.5928651182848	-3406.040605261418	1360.2269135005743	-13205.962202753864	-1
?	194.2448256213877	-368.2819512586931	74.35198662420741	202.97717511556112	517.6573981063123	-1879.9535873736506	989.85964329131	-808.7931293685908	14.673149088167293
?	181.26582330294923	-3904.89651242775	68.54776499736515	-239.67803050143326	689.5951857496021	10197.144182881311	1319.7872570321447	13277.090826601863	6.023971159494263
?	-1	-3645.3164660589814	62.36808509913574	-296.5057824709696	1027.5146072503783	2499.8557239695674	1653.7141846214038	6656.555035898539	-1.190058967862159
?	-1	3496.5183572063684	53.722475873816656	147.22320720594084	814.5879719480806	-9836.499231039194	1652.615008827072	-14061.211339981679	-1
?	173.82591786031858	3649.1207539826605	69.72924545943279	342.21452816943935	535.6896456984182	-7567.534096699683	950.6536176223192	-12514.610289480086	4.127695752431452
?	181.4560376991332	155.98213031182397	70.83320228228864	39.40270283626372	436.21126711309614	-3826.1532498538895	1026.884494353067	7552.448272688519	14.518551759294947
?	181.6250243759098	-94.01869907066376	71.69938060124598	40.87369807075614	344.38198320572354	1048.7873101777168	1328.2760312567455	17093.685467259875	26.231849554049848
?	176.7551027456	-359.0330866478532	72.87688718582645	-25.423238839523187	488.650632621982	3243.804137156805	1881.5687677160615	-1767.0174159359415	15.906488132821039
?	163.6733700435171	-310.40665144639405	70.42821865926982	-45.58720597776524	506.57219006356394	-347.9617648623261	1239.9251604599483	-12412.236470106798	14.415172208744181
?	161.23477017328028	65.52858882356412	70.59752688693818	7.073756889810448	471.2525443788657	-3520.434140337583	1260.956944210721	8111.429180316465	16.65071904905067
?	166.94979948469532	273.04473325285	70.78190650376034	-19.319731532209584	330.55048304668463	-3707.632277064429	1645.496619475772	9407.465010096272	16.4105630283689
?	174.88700683592273	346.5078917943425	69.63154031032771	17.67652878170089	285.8709305256449	33.24936362585516	1731.330194715533	7215.316928564983	22.654834793367094
?	184.27519407441238	-258.6875074131601	71.66573294284538	-207.93249288246986	332.2129512279774	-434.19678725418447	2006.2624659040198	-8020.311806519008	20.979111086741003
?	161.95263146526477	-489.15847754632927	59.23491566620425	-155.40196252005214	264.16109116293575	617.7981419069339	1330.314604389584	-4319.8101454125635	7.4933912735738755
?	159.817270197096	14.082708063698469	63.8956348168428	202.86917135188247	363.10285832332397	2162.306573486613	1790.2719586333924	8850.576734660008	3.9930085189870357
?	162.6567668684497	-3216.3454039419316	69.37837423379834	28.066284662974496	372.276419837266	11065.749988342857	1772.8434411225828	-3415.5287766537126	15.865294417921563
?	-1	-3273.1353373690054	65.29894904999152	-117.59559137218473	916.3903577404649	10359.034124993765	1619.4955198007074	-3190.9600530666444	-2.4903366604350654
?	-1	4448.2341507859255	63.498594665189124	56.563274486955976	890.2281260869523	-5113.342006517628	1613.2954384692512	1329.5679926958157	-3.3735847208158076
?	221.4117075392955	3879.139552118658	68.12711277433931	252.45682626285762	660.7232574145844	-9893.315718897537	1685.973919435498	5313.997862797802	-0.4965318642895509
?	192.9569776059322	-857.4035076953899	76.12143597833196	158.34579535312002	395.5623401420773	-3738.0177152471047	1878.9953316091403	3637.806103754323	13.050211937613238
?	178.54153215452615	-537.0162604545359	76.04440254199528	-224.161933602391	473.82237165222983	-215.70312891134753	1867.8642246232134	-12848.691138738974	13.385606870838478
?	166.1061645832055	-263.5684273505266	64.91333929821245	-219.08596686690962	384.77718369650995	-292.8899335022071	1236.560774672194	-13764.521328770883	6.718044935118604
?	165.36311078699987	13.441617578570847	65.09010419864984	133.85360472669097	459.17787497711953	5340.971255794341	1179.6381581846717	2096.5601319803573	11.33905201930939
?	166.77824546213404	-2.780518845146399	71.60601953454697	86.52536580081548	651.8257464862261	2480.3331415605508	1341.3887812712114	7619.832840280915	10.285900137622823
?	165.22408484474255	-25.39480483961663	69.4163724886906	-138.34128859520908	583.1945320551466	2871.643400256072	1560.629800198716	7226.715680169676	9.141751705739944
?	165.5085052201532	-3324.4816968948626	64.68895510478654	-33.70901543509985	795.4079164990292	8680.508959312623	1702.724565279694	5048.15350884347	-2.907938129421604
?	-1	877.6850404833814	67.73092171693561	1.1081733141421108	1017.2199800207762	-956.0868743599156	1813.0374756408887	-852.4260047499214	-2.1034056034747426
?	209.39275724432213	3916.3894783528317	64.74436377049365	143.61004515574814	747.6035727810336	-12050.257977019077	1660.103265042198	-13965.532248814052	6.277496544792326
?	194.8194739176409	-621.1863564662802	74.911423974723	124.4029449531216	414.7070811698245	-4384.876743680295	1114.7608632001886	-7415.504895137282	20.202626152108174
?	178.33343942100822	-3916.3894783528317	70.96451101814971	-59.20124582897749	528.3597355970196	4186.359037281332	1289.3280202853352	13746.944954288663	12.323349838491675
?	-1	482.07119946352634	71.95136168327413	-115.20514461838742	624.0250330338904	3629.570483817685	1802.1081109146194	6660.666062185556	0.7568550333631616
?	202.43699939418445	3712.7815808250634	65.20425378723036	-8.638258119616781	709.8382597879032	-2692.8954043638323	1622.3613233946119	-16330.531265342	1.3383996634909403
?	184.6390790412525	-646.027582398338	71.51944877729329	25.271543668250533	489.38026281569927	-4203.591747142773	985.5815476475223	-1631.6413210900157	18.067568350612177
?	170.13562027426767	-291.99733417677	66.46783097064288	-110.86828186256054	499.6586724307653	1925.114615636636	1540.7792573401114	11191.022576724294	12.29714517303135
?	170.03921233241405	21.4673931599004	65.97603468416529	165.52671755602094	585.6359935975307	1795.8989517733887	1545.132676483735	5079.530665619618	6.243746418956452
?	171.20898993226268	-268.86845406573497	74.7441668484439	-89.3612831659782	589.4536200194344	-3067.7482024457863	1794.7557906210914	-1806.4466842608972	12.43211035324759
?	156.59578962912735	319.2518932881313	61.50797052586639	-359.2962947629446	432.24858347524196	2363.5521343814835	1454.8103422706904	2147.786686274561	9.455407095389173
?	187.1715845966692	507.47875670580254	56.77935211029673	234.70162306553743	707.6312267385082	1490.1210971122152	1902.145124934819	6576.38665057451	-1
?	181.9697274644174	-185.79715576673217	73.24305167914322	343.723172313529	506.75463833085246	-5986.48816487079	1783.6296747994147	-13667.2013253289	14.463827527850572
?	177.88172680833262	-153.9796296178025	73.96551072597312	-17.240437606598736	408.3068184949698	-2569.5119382239773	1218.7850586683765	-15717.855172118065	16.510403652927426
?	174.2707459835273	-134.44961138709735	72.38102979881329	6.515718074842619	378.27904141965405	2458.328194275152	997.7369161935143	-1993.5590376534972	17.847324158507504
?	171.15924623897777	-107.35377008608661	74.29129662971525	5.615800567897244	531.2232282087269	9.099661645169622	1119.107106785702	12542.450774431369	16.141166809042808
?	168.90305747922298	-33.37180959194951	72.66181982720815	-20.462249850960532	378.73402450191253	-3031.9407243871087	1624.8594549150805	19876.517099170967	15.589358499071176
?	169.4906557593803	-206.45495083689144	73.26818413716723	-158.49226563641935	379.62619198937205	-1445.8637287519055	2112.9329617442468	1705.775823253313	14.150031126919313
?	158.58030993737844	-265.6198814043675	64.73720654538721	-295.8511712566321	306.4408380643175	-666.1360655355771	1710.1482460777459	-14956.898683904481	13.993675159795577
?	156.20966168916198	633.1636742941691	58.47562557433567	223.2569343007085	346.3193887125933	2462.745117875483	1365.0880275490254	6130.791139288152	-1
?	190.2384936520868	1008.6011190159044	75.9000532604226	379.247113697322	429.57809395809124	6815.192326077092	2016.6878030421524	9108.587816514242	10.469204008030177
?	206.639717639957	833.9055812028375	77.4379812592017	1.559953848496326	687.0790050164467	5868.508977456934	1820.5174183747358	-4278.515217367087	11.95118608917405
?	231.93377271222852	1158.9148185971706	75.97805095284741	-141.9640301058106	723.0035428309369	-6072.445536904925	1802.7620421737988	-1690.1241350736623	10.695291019288184
?	264.58545856981533	861.46139238083	70.3397797539112	-117.617954702702	383.4567281712015	-7829.99974981782	1736.011211621053	-368.901210388532	16.1867831996801
?	275.00684233126987	269.95288004896435	70.09715321771233	-119.07012836150884	331.5035553400473	3556.912803344642	1784.3169816543723	-1969.7325897543967	22.126745933035203
?	278.0831025722635	-5520.136846625417	64.38627333583578	-538.0533669054746	561.302368338433	7930.414582063177	1637.5245821333335	-606.8179524731999	10.542890161851915
?	-1	-5581.66205144529	43.1944848724387	-345.13727583714353	728.0242844432047	6029.2953041203045	1753.9760840307124	4622.361043364024	-1
?	-1	0	47.12940954397867	76.41617731515224	862.7671335444471	3407.8516654619293	1868.642634301534	3489.3203705465235	-1
?	-1	0	47.0152937381963	-55.937969408632625	898.4168677163005	898.5351350739197	1928.442102558038	-840.5934866971695	-1
?	-1	0	44.332511073547046	-121.4481825831038	907.693890298143	-1479.675971955099	1826.6129599666756	-1641.7988514495541	-1
?	-1	0	40.94288460904113	-198.83525745306443	824.4330691185459	-5614.522734761865	1846.3521599855605	-2160.6630688548044	-1
?	-1	0	34.39074820089386	1.8061849247797632	626.9677535600507	-6122.899711586018	1718.5798065239358	-3192.885629413197	-1
?	-1	3590.9898247784445	41.03319385528012	628.652972893045	518.288083539246	-6933.85806665776	1686.7078785149013	-1649.5565286836577	16.204992603340994
?	178.54949123892158	3479.326197023604	65.823396845546	610.4409363747009	280.27485022716394	-3738.5057822838016	1636.1019800897532	-1934.4850226919448	18.71467271409232
?	172.96630985117957	-240.04761679311827	71.55524067401505	-113.2649834618982	331.3627944250566	713.2703077962915	1589.9836273803044	-7535.578928706072	16.320723963457304
?	166.5471103992657	-3479.326197023604	60.16014767245111	-726.505172965044	315.9383656169784	2663.3332353059886	1259.323033654451	-121.94002698010578	18.440170397726114
?	-1	-3350.942207985326	35.22998202576298	-349.81862739666263	464.5294561903556	7623.598384063408	1583.886626031299	3761.9986310307327	-1
?	-1	5419.868389752721	42.66921630261804	644.4345606402152	697.1182848201474	1394.0468812839679	1447.4229652059869	-13249.71379840517	4.533849810650429
?	269.9934194876351	5686.784739454656	67.45171005777362	737.1199065415832	534.2318002545537	-7805.26079036153	921.4009361110429	-11831.486130522257	6.151924921766464
?	283.3392369727318	-50.02875381937219	79.52521162969707	-69.3223890844089	306.8552453020723	-4748.856231828786	855.8486586798762	224.66223913735428	23.108847870229432
?	267.4919817966665	-5686.784739454656	63.98559060355319	-872.5732573082337	296.7889886631153	5078.447703644857	932.6340480679106	11680.225280036324	17.44097096442857
?	-1	296.49596259851245	35.89654876428554	-137.03054370503187	560.7776304843143	5964.50118076074	1439.8599226816903	9447.788399686455	-1
?	282.31677992659206	5339.953837713515	57.13406341830162	719.1027679202864	595.0140477011512	-4939.26518513066	1405.0234680522317	2381.878216747263	3.383313494712669
?	265.9976918856748	-411.51507296457714	71.85168716029973	334.4460155105367	313.81437122778215	-1874.1290772476598	1558.953833519053	4801.130761907729	22.313573681649537
?	261.7410262783633	-131.5613081090287	73.8563641938284	-149.77009191332624	501.3075938387685	4326.607648838342	1645.0800061476173	4378.506745789384	12.707206892210674
?	259.41962648022337	-5254.820525567285	64.36318256463345	-558.2750900544364	530.1447536696985	814.3790223451316	1777.8791708085214	1890.9207012332013	5.582589368625877
?	-1	-5208.392529604486	45.942609691106675	-28.37272158759599	542.026544956025	1466.9183079759644	1739.626041209277	-2217.5378884717734	-1
?	-1	0	62.94454648525365	517.4247490404636	603.4906690684965	3863.1794671003354	1667.002276384933	-3956.251646299261	1.1249858214810002
?	-1	0	71.81384714312976	185.54686698563367	735.185518311041	4838.722687642913	1541.8134588943146	-2154.0078580254826	-3.3921205256573743
?	-1	5582.844592232754	72.2218898345353	16.554638831613662	845.4268034506413	-2104.4500177053174	1559.3018834836594	4772.75684809067	-2.9859690787078534
?	278.1422296116367	5441.798651825861	72.64157908471044	-19.857728785959594	629.9630174257756	-9588.20060832568	1780.4513012988473	-69.9553738003308	6.446931763783097
?	271.0899325912921	-5582.844592232754	71.22900339523733	-638.7988076068389	366.016773034359	-1881.7237083199072	1555.8041147936428	-3601.454037924849	17.773220206048713
?	-1	-172.53448062973752	40.70163870436861	-203.81932575113552	535.8768320097805	6000.244673734912	1600.3785994026055	2365.3912896326246	-1
?	262.46320855980525	4615.321007752551	61.03803710768059	757.89517782045	666.0290067211035	-2234.45246398329	1674.0736792752737	4885.40803433243	7.48207648095609
?	229.7660503876267	-1547.5670028467696	78.59639759539098	125.08933647341594	424.1542088106164	-7964.722443071024	1844.649001119226	1305.1970407527688	15.38407412436143
?	185.08485841746705	-993.1838268432445	67.29250393135136	-281.4487425699672	267.79288456755376	-4526.012398321876	1739.3335313129119	-234.210574202917	13.180613993597595
?	180.10685904546466	312.5283297083138	64.52396046689268	95.36814584902379	197.8535888945234	53.606562722175305	1832.9384724090803	3613.817985750851	15.194162537479224
?	200.71127490288268	240.35043110133614	72.06091122380254	-32.23596894712938	270.4732127036625	11957.203493843064	1920.0244306004538	-2109.3390733712504	21.94692897084044
?	192.12438060053142	-4034.225498057668	62.91216201953621	-289.00711134350394	795.7137635866744	12754.292674181155	1727.4715187405181	-5500.6242656690265	14.639508630995806
?	-1	-522.4650925032894	57.61055565662739	66.54688548081306	908.187846412718	-2696.5636166071845	1644.9932173170034	-8725.226636415073	-1
?	166.00112597536705	3277.18823092298	66.23950629357685	178.5627866850941	660.8855827563157	-7402.1304264426735	1291.210186919766	-13032.738152050779	0.1838651044612495
?	162.8594115461484	-3340.0225195073526	66.53869499088206	-221.73908447374183	538.0813250905857	5049.6593177658815	993.3563097144668	4958.566652301028	13.781147679386756
?	-1	-3277.18823092298	55.1525520698898	20.524526512792892	913.3685486446088	9086.827269309015	1539.1385195348166	13729.786334538001	0.15337450404241645
?	-1	4624.668888067761	67.5649213165217	253.88083827322836	992.4226885560348	-6299.578676027479	1679.8456264413644	5211.794667409026	-2.115019038619068
?	230.23344440338724	4590.005389066945	67.84659398355117	152.6687966166588	598.389614843236	-11567.318857109703	1799.728252905267	6816.572559031149	5.714767534146492
?	228.50026945334642	-630.0073308124172	75.19836114735462	-97.66143855779382	414.05674570055174	-6427.0015131545215	2020.6742543929206	-6127.660928794957	18.06864573754283
?	198.7330778627665	-686.0167363215841	62.9635220556615	-121.89434043923498	277.0395391855111	-1487.1538485701735	1493.3452064655203	-4576.829563177533	12.18088686273539
?	194.19943263726734	-209.17859804131086	69.10364412539289	161.32409300769098	339.69905327204333	4411.748345892423	1791.8327762340448	3787.204567830945	15.170474702017458
?	188.274147960701	-3903.9886527453605	71.02972670604602	10.31218477480426	497.62695648013147	11200.363249993847	1682.7054348570668	-1188.4196834881002	10.03452708773691
?	-1	2.878369353293816	69.6192533641331	-121.18711021177333	899.7172157717337	6859.775111972552	1732.41179205964	733.0891098894361	-0.4278406721574049
?	188.41806642836568	3587.5786266285913	64.97037119545738	70.3535447311381	840.6157120787578	-8444.823725566623	1719.3598903515385	-5568.057362626561	-0.7875375759662928
?	178.37893133142893	-536.4066188496914	73.13693060069	-48.8009958782813	477.476029493404	-8276.54406119107	1454.008923928313	-12930.254337362312	12.02841202910271
?	161.5977354858812	-325.4990717050242	62.53032140154332	-44.58386879944287	426.7885090192058	19.174398246954137	1072.8471734834252	-7538.688850292714	12.224547034390838
?	162.10397774617778	-270.18782758376386	70.90773716071786	-163.65699818845528	478.4347494057517	-181.66246343171858	1077.0744814136785	1155.49900535208	13.392057050106223
?	148.08834410669306	-3262.0795549235672	54.34747149212058	-704.380850457118	417.7053858476199	3924.5796045931015	1130.622123751029	10400.28167082086	11.227806822407825
?	-1	-2981.7668821338716	35.688694637862085	-26.633727167959574	674.6637296354061	3563.641546487204	1597.0885649547197	13323.582723132224	-1
?	-1	3533.0099105577706	53.01578513372261	706.0273477879485	595.8874631719795	-6823.356308986098	1796.8012599076378	6966.4925324348105	-1
?	175.6504955278879	4043.221338899695	70.99006202725938	432.9341548744952	333.49591418610237	-4273.426394509274	1945.413191576459	2037.0571895736457	12.860344845367106
?	201.16106694498404	680.4417488115321	74.66249287744729	-37.89353668716543	382.21614344651647	9370.662267714071	1898.6541193863197	-5813.883407679689	15.452904257174927
?	209.67258296846438	-4043.221338899695	69.09538519290112	-191.71169196203505	802.0290275718043	10407.427844327545	1654.7190211924756	-1923.8361988174734	-0.33843867212457135
?	-1	-621.02829533536	65.07690827934557	-124.26408803752766	902.5875356628919	241.31616246495554	1802.4623094454464	-4652.211343627344	-4.558697788296157
?	178.6211682016965	3426.173540412569	62.88218079102476	92.2426886646699	814.094835695052	-7944.924533151183	1422.1084540111092	-11919.856694601263	2.5460878561447924
?	170.30867702062784	-345.53016708444386	69.68904271257905	121.30274510166373	505.3413090053342	-5877.018322163656	1206.4694747153853	2589.9206874408674	13.511546593522857
?	161.34465984747436	-323.10517625650334	68.94731804610792	-46.58647865530286	520.2439195868702	-444.2455321444395	1551.604488383152	8548.38039514218	16.218568123423786
?	154.15341820780273	-120.98655274997995	67.35971877981392	-56.26024566366843	483.1290323981123	-4142.366198857569	1633.8884944724928	-4720.08881251313	12.545994926481939
?	155.29533220997538	201.67170296201746	66.13430576292451	10.129847323951005	313.1256096439925	-3173.1279752322075	1315.6000477574964	-8569.837906	26.99807566428576
?	164.23700335590357	498.8894268077974	67.86621114601147	116.95159072648535	324.4726336365025	2505.7650581043968	1205.3965991724942	1513.500816118527	18.00291254825172
?	180.23980355036517	547.4987104847636	71.98188529924876	97.32817280776266	438.4138625492119	1982.2635003819064	1391.2750885634225	5416.638271116404	15.986543104662289
?	191.61193888014165	331.8858718367057	72.73261978639958	-0.42127912440520426	423.5858086555975	-1991.4720187775335	1476.2285127283135	5472.938345913713	17.09734820612552
?	196.8340971422004	346.9600302890036	71.9608213430285	63.60041089089884	338.8402616103356	-1428.7252453269825	1664.9220058591072	-4688.887581246789	18.45908970300629
?	208.95994039459177	-63.27492036632941	75.91264033094451	-44.59738601608636	352.1495463892486	-1385.0063178603596	1241.7841336659749	-4060.4945905258737	20.752805221760433
?	193.67035112388393	-779.7284514363342	69.73095204222419	-197.11411233216282	269.58994571731785	518.8249274960954	1461.8972763328143	-2883.222828299005	19.2783563427609
?	169.9735178227752	-415.4083221764174	66.0569347143364	149.8155159362855	378.0907927640533	4056.8711336885403	1097.6229922510252	-3904.153857915599	15.50181707523428
?	172.89993501506314	-81.18665125770832	77.22172783903844	156.69647060074738	472.43350240174414	1406.3761248090218	1266.689583437035	10204.088202020193	16.740927069408265
?	165.9141852598898	-313.52835739103057	73.89175824437375	-200.22653247687302	448.4095990045041	6460.734311076106	1607.827402352033	5781.5238362598875	16.73053035354884
?	157.22351714551166	-3338.2837051978076	67.21040121519482	-171.60508705963937	795.4702179555483	4398.6228132353035	1555.7657752500284	3345.9944884569295	-0.37565860965837683
?	-1	-3164.4703429102447	65.31150389139181	-72.4077178585743	668.3407396662685	-9869.835658818538	1775.127126774879	1483.2636923014622	-3.839356517068849
?	-1	2386.647412362648	63.59001532226612	14.345060903983773	301.97843501462313	-6628.187193435867	1629.9289598651012	-16944.5894133613	-1.0208923082071328
?	118.33237061813199	2236.38063663641	66.028756936591	-24.179395375553497	336.93137999447634	958.0391673556551	927.897656106817	-12465.739032067857	6.728270483526406
?	110.81903183182011	-2386.647412362648	62.38104555348845	-217.5998736042154	349.8803933824057	4422.392504081414	1006.6420082617105	18475.068308533617	6.139200988395465
?	-1	-2236.38063663641	55.14876325638026	-189.29242352592763	558.0510051985463	4658.07839809259	1851.6510715334946	13507.390104198128	-1
?	-1	0	52.9164243771921	-465.648262949647	582.7843132870344	3988.65169740554	1682.0115134716145	-4162.87572177399	-1
?	-1	0	31.866350108897997	-284.5052691378561	757.4835900688225	4165.154269638166	1643.5072854447958	2413.2420119963895	-1
?	-1	0	38.691160920299346	202.61162392689485	791.0420267689419	278.1414093773706	1802.6736140714336	4126.336981448418	-1
?	-1	0	41.996931305242704	59.499926975329274	771.390660537691	1477.9211983962462	1849.824134517216	1163.9784747903736	-1
?	-1	0	41.6661572690658	-42.67794083409168	864.938086688754	326.8007863403408	1860.872537810952	481.39722620935345	-1
?	-1	0	39.86303426353809	-71.99306203848576	787.7306998547083	-3151.9791405700093	1873.893995827684	-562.9537794666987	-1
?	-1	0	38.06650416714146	-114.44423889545499	707.3391296602513	-2226.3907112970583	1832.7248488376167	-3800.3441620002063	-1
?	-1	4080.451163222618	34.14082231876526	616.251317607078	676.4111642898538	-8972.241859674763	1683.876787727671	-15595.796238396284	-1
?	203.02255816113382	4461.131726238332	68.8790700474958	902.7674424980535	258.7270366765067	-7113.625400279743	1052.9350369177914	-9025.462821647441	13.138873399130118
?	222.05658631191974	1085.1975733481156	79.27919444366857	174.0525241288794	320.72989427586157	5055.577664086201	1232.6036466452924	10668.240828419834	20.70937884429797
?	257.28243682854037	139.78466990978092	77.5816962539399	-238.32244794067637	511.5059198808204	2824.3963053171146	1586.3470783387907	23238.329703263822	18.74212996343132
?	229.0458198074089	-5165.648736570734	67.36307204663459	-705.4280474974491	461.9497095417193	-282.24684672703967	2394.5201318085	7417.332449092277	3.3141488164759094
?	-1	66.0078479741363	42.31029387906694	-146.72249649094573	497.3935775444682	-1623.907295749252	1957.2137007934098	-12768.196983931766	-1
?	232.34621220611575	4490.631457771526	60.026947222087195	638.9279714551178	380.75434475425556	-4681.6214069624775	1756.1102826119027	-12986.504208700606	8.35743044383721
?	223.5315728885795	-472.37494637262	74.25669245182328	222.552608415677	263.312507196341	-2793.7604115307104	1307.8884903583703	-16229.07784529329	26.198058946634593
?	208.72746488748442	-177.64757318340773	71.1545776428712	-64.65223868187643	241.06632417771806	-427.7929512397988	944.6563903472267	-7805.928475199499	27.263830143973326
?	214.64919422940898	721.7002683986613	71.02408051772942	39.14899765506762	241.92285963435077	1501.1487940677457	917.5920665983898	4629.562586952461	32.02758059317393
?	244.812478307418	1389.150364771262	73.11202752562461	82.63824498887625	316.1237638811064	5292.734662361206	1176.134519694853	4854.042318973799	21.512989338699096
?	284.10671246797307	1220.0670229956509	75.15599276717329	40.10700150898458	506.55959275241486	5075.1570980482775	1160.2941825470832	-738.9759092750078	17.804587945136813
?	305.8158294572014	464.0450917458795	75.11737760107387	-191.79393018786197	569.8816187835239	-1201.3750604897098	1139.185724231102	-640.2995431328463	18.464385058105574
?	307.3089670552674	-6136.316589143941	65.56629625778005	-498.48013289685866	446.4908397279285	2404.4037636425855	1128.2792053904404	8289.540486891583	17.23574525321551
?	-1	-920.3329299634248	50.19337095623058	-179.7959895712478	690.1018069656549	3850.928118306889	1553.6627485756871	5367.282342583891	-1
?	261.2923205570955	4754.534657410078	56.576496779217536	550.7576234670107	639.0372456432757	-4636.4848591914315	1396.6433225196388	-3994.477006316258	-1
?	236.72673287050725	-941.3834324710407	77.7312521295815	270.4509720978244	458.27756400608	-3853.907624287401	1353.9388982598714	4009.006604593926	13.549857355189511
?	214.22314893354277	-4754.534657410078	70.09904538410895	-199.738270263139	446.3418644289029	6529.249218999888	1597.093652749338	4388.341426822318	9.869448502159788
?	-1	399.5288155493188	67.74433861642442	-62.713615426286786	784.7400249560791	7681.555931370069	1573.3559696009904	2999.236847922769	0.541836372173235
?	234.199589711009	4072.684746609479	66.96336461279456	112.41169782243628	830.4196609974118	-6354.183121107684	1747.0554951454785	-3757.918193412826	-1.7513758232555374
?	202.63423733047685	-906.8862582961153	73.36492350754631	-394.2692403150409	467.03086890069034	-2989.2475875456225	1385.4600599303465	-4214.7123406142955	12.717751253964645
?	188.8552767962026	-4072.684746609479	47.24990259704224	-659.2993530063146	680.9572816201286	2354.7843896205377	1536.3198781147607	3403.2752246704895	-1
?	-1	-3797.1055359239976	40.39995585723011	107.75769899076582	584.7700883817189	5419.235766916763	1555.6238211638733	-2276.7004558437834	-1
?	-1	4715.424704723385	52.637787546580604	434.07920662855383	951.9190699659706	-1113.1280382758882	1422.48485532257	3884.076077497411	-1
?	234.7712352361726	4502.756951860089	62.10391618865811	451.4046538172954	529.1136864679237	-12186.65371622138	1749.8276250387466	-3025.225171199006	9.648649320049284
?	224.13784759300765	-467.9961386606478	75.2080202374457	251.02540762841184	342.586384154893	-3807.5291836437277	1271.2235967626175	-3443.2637010078324	21.620976280058546
?	211.37142830313988	-804.0065445480905	74.65518657007888	-163.54363184201696	338.7372272857346	-1064.8737896058146	1577.6644399883526	4868.716165876321	22.38783859446959
?	183.93752036560255	-638.0162779340049	67.03083864534473	-184.7404861560795	289.3426946746015	-1517.3153149626103	1514.659405056437	2443.7789528329376	12.261656136640735
?	179.47061440643918	-201.59488922208365	65.41816226227478	108.90441609033319	262.871461537603	1001.5005364734549	1699.8533876300012	6229.052853130382	13.763756889560836
?	173.85777590449823	-329.1748035714078	72.47605944986147	161.8484011613148	339.41772149827494	1507.2696052851145	1826.1120477129605	-1010.5177509460502	19.97849916014083
?	163.01187422786856	-545.4854213517162	73.51058232034063	-215.76907915855136	338.2349418018598	2262.183663817021	1649.327500082698	-5110.688825429811	20.143936370980192
?	146.58350483691203	12.122100266744097	61.687605491933745	-254.65460182526238	452.5269046891276	7668.026524120531	1570.5776064414663	-250.91607341682547	15.932869574457902
?	163.61797924120577	437.8025420771946	60.77785222907733	235.10491763553821	721.6362680078918	-2119.271527959509	1636.7816964118565	6298.225849097696	1.9401124452919871
?	168.47363194077207	3.309239982989946	73.44285137371082	267.60416060485886	346.56332829115064	-4021.2298545719837	1885.4888988963555	4550.470200726562	13.060046600860014
?	163.78344124035527	-286.93017863087664	74.15806025932047	-331.9417190632183	520.5747752792897	3213.193473202448	1864.3052064481878	-4128.130233843117	10.83277600136211
?	154.12712300922803	-3295.6688248070586	56.845765420549675	-786.2711385506481	507.2230019512753	2478.4069424027202	1679.0823872041967	-4064.766276490192	13.038703538233143
?	-1	-3082.5424601845166	34.8445033317875	-1136.9153084109773	644.4951223994275	-10144.460039025362	1661.0668926236754	-33581.64774408346	-1
