rowLabel	avP	dP	avI	dI	f1	dF1	f2	dF2	h
?	142.05656837630409	2690.391691462331	75.35903795697722	1434.5659105271536	507.7027390708333	7320.006521606652	917.6928163211611	22957.508675558554	12.703788755119588
?	134.51958457311656	-275.6968731154308	71.72829552635768	37.80237570242036	366.0003260803326	-1956.3498208541796	1147.8754337779278	6671.384826823862	9.31082662911464
?	128.27172472053255	-166.3150901677201	77.24915674209824	-131.62014153781593	409.8852480281243	1167.2060168530659	1251.2620576623542	1577.205838586396	8.346687939420578
?	126.20383006473055	-2585.4344944106515	65.14728844946689	-526.954376774728	424.36062692298594	8517.8823406674	1226.7357257072476	6654.998498732018	8.238544364415528
?	-1	7640.393825461307	50.901437903361845	-55.97913490296379	835.7793650614942	9132.632629331802	1584.011982598955	11382.63561214657	-1
?	508.2235213377958	2590.252260300979	62.348331704318696	309.37975954081503	880.9922583895759	-10576.14846334423	1795.867506314576	3406.173319753835	8.843599574252522
?	128.5126130150489	-7871.139991682816	66.37042588040259	178.7458941809459	306.97194189428285	-10392.588793976553	1754.3206485866467	-6693.691783033589	6.9326944132721335
?	114.66652175365505	-445.9270223440576	71.28562641336599	168.38681657322869	361.36281869074844	2479.647527584759	1461.1829171628967	-13646.078424038576	4.447966302805711
?	106.21626189784604	-193.3679901807654	74.78976670906403	8.601717441923144	430.95431827352076	1567.2140054447646	1072.016727384718	-8960.959953916738	12.459831538615672
?	104.99812224461678	-2144.3252379569212	71.71571228546215	-513.4748606951015	439.72351896298665	-904.9343012854902	1013.13491946706	5240.792448889516	13.081516272544624
?	-1	-2119.9624448923337	49.116023674308956	-615.0441800368876	385.70760320924626	6400.519798963291	1334.0563498291938	11328.710179542812	1.2754484097399579
?	-1	2267.471040248183	40.96350328361774	534.0281807139246	759.7495089111515	3256.1026639325264	1579.570428444201	168.43614427366887	-0.9996256724249435
?	112.37355201240925	2319.512909467554	75.8174327100052	683.1937384805832	548.5127364058727	-1080.8327340364294	1342.4781570428772	-5512.696408899578	3.632947557021116
?	114.97564547337781	240.60528354824163	75.12319020764693	-8.079937140967381	705.7078722093299	4949.455644556577	1303.935607999222	947.5644389616028	11.582931652517455
?	124.40381618982134	1460.4464802673108	75.41343585295684	-5.788768988389274	795.9855186337018	1090.2095480606126	1389.8563789909574	3393.049686546307	3.9693314557100288
?	187.99796948674341	1658.8668782951913	74.83375175822746	-57.878455299584694	760.2183496123606	-7063.457569615654	1473.5880923265374	1778.0068232095784	2.885900592550337
?	207.34716010458098	131.15325035492947	72.5195130879776	-398.72694778206204	442.81264015291873	-2777.84569151622	1478.7567201514364	2706.6207726874813	10.212789554037318
?	194.5556320044899	-4166.943202091616	54.897404369124345	-221.61310360496452	621.3260650365495	6678.612691429835	1608.9191309609116	3240.5503247514953	-1
?	-1	-3911.1126400897942	61.438857907729364	120.79464066015905	776.7432747244108	3714.9436675453117	1640.7842363890113	-63.47070607630934	-1
?	-1	0	60.9371364021323	-152.8502840379061	807.0732484138152	2539.2219501732106	1605.7455956570961	1220.6394410918044	1.9444408222056766
?	-1	0	53.79634370583407	-470.09677176621	903.7043722330711	-2665.3365611581557	1701.8162084436015	2552.5885509032264	-1
?	-1	7070.0249500772525	37.43229781382178	301.6841076699403	673.8064203559073	-10398.274124396243	1733.3750232022576	309.1178607145136	-1
?	352.50124750386294	3053.515418287991	68.8805490893311	846.1819112515817	383.79066601325843	-3733.02371178016	1717.2721014793271	-3626.9156645518538	6.515753311981778
?	151.6757709143997	-3832.7213381456436	79.74139337640091	212.7265370248231	487.1552347668992	5445.012300193687	1552.0292399746647	-4129.862096348071	9.814563420776011
?	160.8651805965806	209.19728421851724	79.51687594057226	-342.05895285596466	656.041281022943	5195.633069829084	1510.7789966619234	-2031.4322049231923	11.950115678789995
?	162.13563512532556	-3237.303611931609	62.63844573360266	-566.1490742480546	746.9368882583536	7598.29333292796	1450.457629728505	864.748473989188	6.500535929055589
?	-1	-336.30817894617536	51.20942222816951	51.04478362407302	1035.9559476693414	-4711.12039500634	1554.0164203613829	-6978.06496384467	-1
?	145.32022617801678	2732.3508949151574	65.19068491480631	445.30570396215984	511.38086850803643	-11328.870837749831	1101.5543815362712	-10801.592931143587	4.958048474353892
?	135.61754474575798	-223.56518645165673	73.47470742627752	150.4307593682141	469.51240578184934	-2812.920103046989	1013.9367738042031	-1040.097034177833	14.16915767776008
?	134.14196685543394	-83.44328998780149	72.71222288321702	31.83846081314354	370.73486335568685	511.7886517820473	1049.5495298273795	-2297.906276267891	17.058094134701225
?	131.4453802463679	-76.18496281708865	75.0666304669347	38.62126085468841	495.1018383709517	2120.6341841904864	899.0414599908085	-456.0382274601166	13.48012583377334
?	130.3327187145795	-74.19584423682572	74.64328592595145	38.568521602922736	476.7665725652113	-791.2769959866835	1026.7476184543737	7095.272143918502	12.282519540516956
?	127.73558803452661	64.52128891359388	76.99505654708084	31.730176789278033	455.5379885716175	4454.092439633162	1253.8050671867338	6061.836676819902	10.014301057412343
?	133.5587831602592	609.7072286283577	76.22979476541535	-57.502132218119705	699.4711945468696	5791.720773231374	1329.839452295369	3368.6135545318725	8.625955952285572
?	158.22094946594453	866.3108320843791	74.11994993617485	-182.041003325951	745.1240272331864	-5516.784535015584	1422.2357449133276	-619.3196958696575	5.9784270421652925
?	176.8743247644782	315.9679401216047	67.12774459911779	-35.26368805434626	423.6319677960901	-7029.239671993717	1298.8734675018861	-6012.1408544067335	11.936742935662684
?	174.01934647202478	254.10480755575668	72.35676553345753	191.10202132361832	393.6620436335003	-510.41079987508124	1121.6287021929907	-8225.914719596744	13.83236195135935
?	189.57956514226603	80.14557792764997	76.68284566529871	-195.38623375842133	398.11142780233604	7056.406047876542	887.5777315220486	4211.154366149986	17.104988864645627
?	178.02662536840728	-3811.5913028453174	62.58745384553646	-405.13330146114333	746.4823460273277	12535.094856187196	1332.1864205004902	12057.245097620953	8.917600508504606
?	-1	-3580.5325073681583	56.42618059224153	-62.76095315707558	1024.8661706116964	-1872.0520328105815	1490.4399864030968	-4304.243596110561	-1
?	-1	3219.0926993609105	59.44940618768269	410.01857770332197	652.879744386799	-9148.125928658277	1116.9742406949629	-9902.67968295895	2.0143552849042208
?	159.95463496804496	2982.7224223672297	76.92710947740756	321.0788040973846	567.4598741787842	-2296.9727235644827	995.306002255151	3541.512369409651	7.117307080759035
?	148.13612111836096	-476.0942204600218	75.50334639255186	-95.34342145561203	538.0311082085752	-3700.5262788752298	1294.0498591654448	2152.988853612754	11.510951609625073
?	136.14992394504395	-256.92670480601214	72.15993840462697	52.843213324693366	382.4335602350233	-1086.1546864031145	1102.9554449357884	-2590.0706804403035	13.74469315732625
?	135.2897858780604	-140.14088494995002	78.14550705878652	72.98007896309369	483.7233738884197	4190.220094847959	1164.54632514343	4443.561502642335	10.166087437455385
?	129.14287969754648	-262.39693373085834	75.80894235278164	-187.8769506760802	591.9445649774206	-2849.462648882212	1325.1335200679043	735.4699473676491	8.589107345278821
?	122.16993919151753	-122.80229541570763	68.75165952498254	-60.551973533869656	341.2502414443096	-5367.1132575331585	1201.3198225118124	-7443.978851127466	4.86789350268974
?	123.00276492676112	-168.5482647577078	72.78134367608817	99.5399726688229	323.58890210076356	2118.2341560582786	952.9345775115323	-5218.429220471744	12.583178306206047
?	113.74252595363217	-218.2789835662995	73.72865815842367	-26.163051264215746	447.16194924722316	1591.4302991393595	940.3983614882261	2651.7404565183147	11.795899929504275
?	112.08881574844618	-78.3803438450559	71.47319111287739	10.60903742135711	403.16041705773125	-85.3771115973487	1085.5216003374476	673.6567446899268	10.630092194186272
?	109.82350876137939	-91.56045510927702	74.25911002949152	-204.48246408390278	442.89309366735574	4376.922701538042	974.0811987227223	2375.695081023691	17.136518257166188
?	107.51079299298235	-2216.4701752275955	61.249067908682285	-275.8634682168302	622.0065521346326	11341.186724386336	1204.3063543886317	9239.481767584817	3.4566553108550124
?	-1	43.102564117322274	60.46593661865006	263.4085354933651	1009.9524298866705	-2705.5952376328873	1436.0552871019615	7186.060933970378	4.123677444953377
?	109.66592119884845	2023.7495441027952	74.41949468335049	219.710056666133	486.7267902529887	-10736.918889933824	1563.6094010871493	1377.3982178261717	8.969579043353718
?	100.1874772051394	-2213.318423976977	71.45143945195667	-358.9452814512141	473.1064853899812	10098.553544799128	1504.9251979932699	1988.1052416753143	7.790510160962126
?	-1	-2023.7495441027952	56.47223061078985	-189.18800555895527	991.6544674929432	10500.596094644417	1663.0146631709147	-130.22523934062565	-1
?	-1	2389.379579609041	61.992039174008944	428.52207007133	998.1362901222002	-10434.307482771928	1498.4139360262386	-12583.840133447942	0.440980969997375
?	118.46897898045161	2804.38538096673	77.89833411435627	312.7265599190981	469.9390933543486	-9977.574324834766	1033.8226564985198	-8940.019902300368	9.338267582029264
?	139.219269048336	1095.921851054373	77.6283671699638	-8.811475723876502	499.25757388046367	1108.511318891572	1051.4129409112218	473.07220428467815	9.23887124179749
?	173.26507153317007	1181.552322039611	77.45776032816245	-105.71691798753315	525.364659298927	1077.2909527588881	1057.4762667127536	-1001.0162427543572	10.889102310976552
?	198.29688515031634	2467.3428279707164	72.34252127058716	-423.80199979177354	553.1221215184079	4927.213356811973	1001.3621287735041	1881.8337151880426	13.404096150225115
?	296.63221293170545	-3985.937703006341	56.26766033857385	-203.03641212192417	771.7253271395248	6106.160174345377	1151.5679524721554	7371.279634177344	2.6721142437146588
?	-1	-5952.64425863413	62.19070066449098	60.661785106388564	858.4301302356756	2257.033433199746	1369.92611048237	8139.596862075416	0.16029234134131656
?	-1	0	59.300749593893265	-70.23849478704929	884.5769987995117	-1557.1661954883152	1558.5477955759247	3374.3399025839863	-1
?	-1	0	58.67877592513853	-184.20217899311433	780.5718204612601	-3730.0536136627575	1538.6431056115687	139.32523740148147	-1
?	-1	2267.9473809351193	50.09064064423758	-266.7332904854619	698.0743181163745	-6771.603102940353	1565.5140574459988	-1935.8414952869612	-1
?	112.39736904675556	2490.26453468987	45.342111400865484	485.73499391323224	441.9916653142437	-7841.294904577719	1441.851030847221	-5508.260531804796	7.665531341147004
?	123.51322673449305	320.34595133002995	74.37739033989911	606.8743459749561	306.0095728874899	-983.7101312890594	1290.10103085576	2876.5263839937243	12.298947671853572
?	128.414666613257	62.928069109417144	75.68582869961318	-250.36455979452828	392.8061587497909	9957.82237611271	1585.6773500469067	9839.521538403	11.565553624813841
?	126.65963018996389	8002.899810781262	61.85916235017274	-184.46579732589507	803.9006916931237	11926.572014101745	1782.0771077759082	4107.1118515878525	0.7567396169698435
?	528.5596571523187	3726.677058690181	66.46253883331846	203.17818521044146	989.1347594548761	-6670.362386898897	1791.0329426262986	414.00342168789996	4.807068543864317
?	312.9934831244723	-7474.974589604828	72.01807161069478	141.37912834372423	470.38257234818	-12753.52458435463	1802.777278860303	-9797.996373057293	8.48552375213944
?	154.81092767207858	-3194.2995642533742	73.53149525050465	117.89226357737432	351.4585302371467	-1601.5307769732271	1301.1331239734357	-14286.775825547325	11.638830572152747
?	153.27850491180413	-36.0438053814694	77.91268478956347	45.69167044666033	390.30603349951895	1097.4699260684763	1088.4384875829394	-4416.524026567801	18.900183545043035
?	153.0087374030051	-3085.5700982360936	75.81607877283766	-265.8270948565102	406.3320265405703	12866.414069340304	1080.3069226450464	8928.928632811889	10.995936251169955
?	-1	44.41407233176237	64.62133004673801	-117.28721859270406	1033.6267369665318	11837.484582521203	1534.8849192235323	7985.81385592775	0.1034656262574027
?	155.22944101959322	3008.394390373779	69.95171784320247	284.5067292353831	998.2062556666283	-13041.854540423734	1479.5976154414325	-4828.540007314054	1.7119701685193305
?	149.41971951868842	-312.3248505998316	78.84666650850711	85.31945577271786	381.53400994534735	-13088.421382716913	1293.4579188578305	-1618.3149008493103	14.69608416139386
?	139.6131984896017	-258.85979185683686	74.21769063183835	-59.68680203684606	343.7851865307849	-8.206584755969317	1398.6818703989672	930.5498950540083	14.568227585818581
?	136.47672992584663	101.24854291307294	75.86232640666482	93.30767549775747	381.1236807075489	2947.490896131175	1339.9854136105307	-5968.677032990361	12.126967729182198
?	144.67562563525533	84.55889210013625	78.88307440672621	16.991633536054056	491.15973133734315	4697.119448850071	1100.2480187494502	-9734.474569272932	9.818917239019848
?	140.70467453085342	-239.65948452711558	76.71190808346752	-114.1898304828875	615.9796531500516	1759.471617261053	853.2616851468858	-7734.49273272506	14.033203461565003
?	132.6926514088996	-2834.0934906170787	73.17358288258185	-444.08213960635595	579.1333122003955	947.4218360251496	713.5233821131986	2084.324980147283	9.036691871505703
?	-1	-2673.8530281780013	54.5078011031498	-230.57786780709503	663.3507449513089	2502.284564039028	957.4779341542496	8607.127757994733	3.575480077880263
?	-1	0	61.644689492227144	58.521527931195216	704.2475404023464	4265.436129763829	1143.8797700129337	6305.183687293302	-0.6314058044233759
?	-1	7815.829676781892	57.43387749970955	-49.292767385434395	876.6225514394996	2589.530507062748	1272.7371185189136	1272.9994620861953	-1
?	389.7914838390932	7648.569290602437	59.18005112295543	63.53479100141209	833.7240657554834	-1819.0529874414	1207.5297431172432	-2261.5713979641023	-1
?	381.4284645301205	-7815.829676781892	60.610617049780146	-196.2984529462068	785.6699020674299	997.687550637735	1159.6585486207089	-455.93106614585554	5.099478222617598
?	-1	-7648.569290602437	49.36512847564513	-439.99526690893674	883.6084432873699	-283.76805616118065	1184.7331898099505	4500.719323562837	-1
?	-1	0	38.61085370433339	269.6833025703466	771.4814992593709	247.0461598695633	1384.69451479885	8162.491372061597	-1
?	-1	0	62.84929360416241	645.9653832322231	895.9607512808481	4296.647447375469	1592.857758413029	5799.037192924709	-2.0170923154166833
?	-1	0	70.90912286594443	193.79192292377962	986.3138716281436	-1046.9737838133406	1674.6463744450843	308.28634611029537	-0.28773643132128335
?	-1	3232.9199059443426	72.53888975035136	184.90938169369323	843.6120620901812	-9456.6640042337	1608.2720757185436	-5739.701750036208	-0.8199103458462032
?	160.64599529721656	3659.2057783607383	80.15459195062906	138.18303111511673	513.4806714164603	-5312.969779560743	1387.661286943275	-5245.806876635111	8.161389762250797
?	181.96028891803627	1230.9103657606724	79.44804130610717	-57.39828761225076	577.963573112145	1732.5245910243182	1345.981731886789	-449.9264936471643	10.412498807766156
?	222.19151358524996	1326.4573119940044	77.28467757001653	-95.84474846483778	600.1069009676759	-1919.9587107855245	1365.1649622609168	2989.8917552119487	11.318812965478049
?	248.28315451773625	342.20676880021307	74.6558038828653	-129.5184893069943	481.9656375728691	-3531.6683493191476	1495.476319647386	4096.612404460994	13.812130911112883
?	239.30185202526056	-871.5872144764651	70.80875310466684	-203.610497663105	423.5234835017191	-336.423469501807	1569.9955824839658	1056.4219546093448	13.235246685960869
?	204.70379379391315	-1533.148934533916	64.47527899971009	-283.3756417521221	465.14446409777884	4734.828631200571	1548.297417377853	-2132.566590430509	9.96897390256092
?	162.64440529856503	-469.914537211755	56.63997101706078	30.172518130413657	660.2649150617468	701.314513666762	1463.3672529624407	457.7364489686459	-1
?	181.20806693332548	-31.715858500831587	65.98390490623076	188.94296672190305	500.2101897811168	-5934.2484079002925	1571.1842398262852	4030.0926597107814	6.824440840730077
?	161.05861237352346	-908.7840970907369	66.0871193531559	0.6805668887764707	363.55249466673325	-3638.7711242176774	1664.871885947979	1495.2441178699662	15.006557380264312
?	135.7688620787888	-808.4605004761181	66.01793325066959	126.51791819663703	318.2716335702336	1676.982133076631	1645.9464457197832	-7067.206281068859	11.777840065182636
?	120.6355873497177	-425.5446457446659	72.41301526298773	190.81352805133503	447.4016013205645	5878.629957248322	1311.5115718945374	-6675.2696231555465	6.722915114979585
?	114.49162979155558	-46.07146538827225	75.5586096532363	-61.329067869738985	612.2031314326487	-1940.064230591945	1312.182964562007	-3610.270247986945	8.286803702768122
?	118.33201408030409	526.9078086174328	69.34656186950079	-23.235060279790016	350.3983897909676	-3282.6840309205254	1130.9980594951908	-6640.943368604347	6.837912301132285
?	140.83702022242713	1208.9356971319598	74.3968566392468	47.65767170075566	448.068929886623	1862.546426189517	980.1357961317909	-945.021100748412	7.44878332748643
?	178.77879893690186	752.7292326850322	71.72944545453856	-272.86441208589605	443.5257111004431	5629.6638221015855	1083.7470044577703	9602.228514254854	11.77946925500854
?	178.4734818566786	-3595.5759787380503	60.75363603495205	-254.84537685666572	729.5521209917013	7640.385384774377	1460.2472218445319	9911.782985126554	6.4730305391760545
?	-1	-718.7888994342151	58.98717661170532	300.53168824545133	825.5449803391606	-3181.467580826586	1579.3361537140963	-4257.461347707151	-1
?	142.53403688496797	2561.8655844369705	75.78022044722457	258.94288032692805	570.4787419503725	-2530.4346966216963	1247.374154459175	-7872.102756910468	2.0695026733131496
?	127.09327922184806	-316.8647166689493	71.93432062805168	-3.7299078341098513	699.0232455080762	2632.4510651958444	1185.7310158685743	-2030.291299789972	6.240111661315355
?	126.69080105152057	63.787460875063516	75.59372505551907	57.21494346247389	702.1012952101643	-1671.9760352386938	1145.8595894696768	1625.8078905211971	8.78265712041203
?	130.28265226560123	-96.24013163103632	74.79506780117536	-219.36733554581244	615.4244437461418	-6316.15586584109	1267.021410394634	6114.611045374981	9.52443122227778
?	121.87879446996877	-314.9319950121901	64.62535827822849	-16.487458051876786	386.29350191811085	-4940.168261359265	1451.5901417384248	3051.13591182295	3.2802162983216854
?	114.53605251499178	-226.506274981738	73.97069489858153	95.20258564928844	368.4160306781795	3136.4728401083594	1419.5782059857809	5618.7562187627345	15.313368777834972
?	110.55348072088191	401.23744569150773	69.3854875606929	-99.02032313641833	543.1171439235283	3387.49263383319	1732.5279526765605	2942.7653315535294	5.238298025025962
?	134.5979247995671	732.0412934125139	69.01967874176063	70.577241047917	537.7906623698384	-2262.970528897706	1566.7164725634568	-2992.40903117856	4.917098351212971
?	147.15554539150747	-2711.9584959913514	72.91434961308873	-515.1110445880436	429.96861747864335	224.72291687222503	1582.907501117633	-1166.282360104819	9.815330071742665
?	-1	186.12472011889858	43.264126512358544	22.194713700036253	549.0268082134496	1851.8589732133328	1508.402354558216	779.7475695138091	-1
?	156.46178139745237	6959.124623105941	74.02408529809054	512.0453126673688	522.5615661393097	3503.581069907244	1621.8948795933234	1349.7352864586676	6.405179631568163
?	346.9562311552958	8125.717312957862	68.86639214572689	-442.48653962553306	724.2058617088112	9429.242309003417	1575.8891188811492	1125.1744086098547	3.9614798462030487
?	562.747647045344	-4017.451928297611	51.899758316813966	-73.1114882654924	994.0236815894789	-5669.245826380684	1678.153600023816	3903.6962958007553	10.072753010699472
?	146.083634740416	-8514.165172419589	65.21081773245228	285.9485335739268	440.74357038977803	-11190.573494250288	1771.0739336711863	3246.8470694925395	6.567293283796456
?	137.03938842436602	-2941.67269480833	66.19718499551026	-168.04625301633766	434.49500687696644	10813.376265109253	1840.4959534984423	1249.3421976831314	12.841678539143096
?	-1	110.273148870218	56.80850508163543	66.47868041840435	981.4123836452387	4514.747841407401	1833.5410435553426	-3693.9495228920528	-1
?	142.5530458678769	2636.4423037622723	69.52111901643046	419.20168102772584	660.2323989473357	-9541.964650572065	1655.7984773538403	-8507.191498301994	3.438163155849178
?	130.82211518811314	-346.9509529549414	77.76858913302165	-69.96591046021219	504.3141511166372	-4066.9018349192966	1408.1814686402445	-2231.219236111427	12.107756817490825
?	125.2054982201299	147.84334487020084	66.02282349341986	-276.434055963396	456.8873072013716	4101.5484901147875	1544.2375155482694	1435.8931851153925	5.798759620121708
?	138.21428243162316	99.0078430603743	63.9468863348519	181.15272170915412	709.3915756223759	-1619.873507728231	1479.9761278960138	-3560.4540292840366	1.5340808269702209
?	130.1558903731486	-274.48538618470263	75.08045957887754	204.02635934163942	375.8936318149603	-6293.220739934022	1366.2148140840682	-2688.5710112232214	8.21354235845547
?	124.49001312238808	-162.46894445242532	74.14820430193383	28.237721877687918	394.7305386256759	1860.6445085676567	1345.5475773348533	-2410.9708644107463	11.067753962804096
?	122.03244315052736	-53.881820692844165	76.49234567276193	-19.80575013592194	468.9258572433428	-1774.40945018979	1245.6662708635313	-3960.5350733013943	18.74669417392916
?	121.79592208774588	-68.18963481907356	73.15791679513774	-52.19983936893546	306.0100661161867	-3180.762286382463	1147.5208236697842	-3410.0907367526893	17.507741553660026
?	118.62296140957369	-292.3858515379651	73.88235370431517	-70.90853732760021	309.8877429242202	978.8566282052194	1075.1617340258974	-3641.4552044269194	18.410503805959458
?	107.17662951084768	-2392.4592281914825	69.61248992875774	-628.373945568576	354.9528975264475	2078.631223613788	965.4480634484389	9410.126225677765	10.884677856982632
?	-1	-2163.532590216961	42.46365642588648	-443.8153866103295	413.81930410490924	6252.036844521512	1545.668045309784	12906.447736804339	-1
?	-1	0	47.42172059824134	199.99873386874427	667.554739752522	4130.894673526506	1610.7704502886536	2930.823004806854	-1
?	-1	0	52.463593119323654	296.0525313912942	620.3640377812338	3650.55854529138	1692.2091955501262	2342.2085439720913	-2.925390658019243
?	-1	0	62.224347167806	130.53485047523924	850.0826670170903	3966.045643843343	1727.8808774872577	148.61832315631145	0.294607317204508
?	-1	0	58.990335643085594	-288.11367036804177	818.6663199734003	-1321.6334130087128	1699.6401117079417	-1174.761017214741	1.9690884433037377
?	-1	2240.698041280899	47.818663649403966	-265.334388584271	784.0009963666549	-7091.044579973109	1669.142826626521	-7703.041911463843	-1
?	111.03490206404454	2371.9625610346243	45.72361621387209	551.4508557571973	464.1140909747461	-10404.98418872784	1314.488016134751	-11123.249663729337	10.133632918516351
?	117.59812805173078	646.7138081736605	75.39120643726373	685.8297530648396	263.7517869302647	-1286.7755975117211	1112.980343440056	4178.598759608036	18.364375474765012
?	143.37059247272745	1363.050382278249	80.01510386711395	6.950408158613495	399.77531109916026	3973.706648805325	1523.417954115152	13711.751871535896	8.798314471089173
?	185.750647165643	996.9359833332198	75.7387268451944	-352.2407584730536	462.43711937053024	1441.9212763611786	1798.5679370168484	-4973.688311212999	5.955048852374076
?	193.21739163938827	473.70536750475765	62.403065943461336	43.86541384661585	471.87137491721893	887.1714726542698	1274.733538554503	-6066.468622506144	4.492353875151108
?	209.43591554088079	-124.61840601610491	77.93199753752519	286.52978352884475	506.79569300324357	4206.03713411291	1495.2445058915423	5373.390120627811	9.803229918698152
?	186.98647133858304	-779.0566830898569	76.72955511990352	-304.7280754164961	682.1732316228637	1233.4111961905078	1543.4030445858925	-997.2970767436381	10.813116574230648
?	170.48308138638808	-3759.7294267716743	62.69559376670044	-791.2361712301047	568.4662528127687	4117.805239088879	1445.3796520543606	6406.812289978234	4.4886667028957365
?	-1	7510.910328509164	37.16774655839843	-269.1076965547671	888.0634935773069	5566.3024656327725	1863.743659084803	-187.08874337603058	-1
?	546.028597811845	5901.825131551088	49.240208938962134	496.01397743637756	846.7813760944064	-8249.323699663035	1436.025214885559	-7529.418206899185	-1
?	294.09125657755334	-7970.757419056055	61.968445430217216	470.8203473087472	475.59730859415663	-10930.752056560825	1487.2727487398452	-270.55062660822483	13.790458436402414
?	147.4907268590436	-2327.7367018139	72.78122630439941	184.80041259948317	300.243773266367	-2184.6998164971933	1422.497683555148	4699.593862502136	17.00396427999428
?	177.70442148685876	1411.6287389217398	71.20846606019134	8.097200335708152	366.36231776929736	2033.2298261148326	1722.2524418649512	-10421.926082179914	11.544466422203945
?	218.07216380513034	1119.2618244970924	73.18608632118482	78.39568876052852	401.90526457210825	-562.5355664328104	901.401379446154	-6936.872222986814	15.699298799288533
?	233.6675127117132	-343.5354518442501	75.12825049821775	-462.1459260438683	338.23553944765695	2956.808276572047	1375.4088307156117	12648.353847056429	17.544954441285455
?	200.8953912129179	-4693.35025423428	50.078790018991484	-597.1152631450354	549.7456784007101	5658.662672713058	1533.8190717989733	4902.923604801453	9.125920096167924
?	-1	-226.81577653082763	45.27248734096609	263.5324118585634	621.1686730833088	3750.481104227442	1620.5550109556834	-2446.048617318174	-1
?	189.55460238637656	3830.4899292406217	63.25541061191961	642.965922098927	737.2697336120815	-4510.686376294519	1411.516640933065	-16662.389165515364	1.6603916248579649
?	190.5244964620304	-105.38996561230952	77.42078344591232	281.45726543215613	395.6343542685837	-6869.735353643524	787.4355526799183	-9948.51706615581	16.25022387032164
?	184.285104105761	-423.67222221396753	77.32827388352762	-114.02632956529098	393.7829659299004	48.29660972351393	914.0907876252675	6572.813935299655	12.944376725924124
?	169.34088535133174	-467.2087727971236	71.71946696764769	-4.262911834336986	398.04918475475944	1059.098068823075	1116.0762494449057	1191.4706767833754	7.448080229509114
?	160.9246654659045	-448.2850790126058	77.11512829181076	58.55922643906157	446.7378693710549	491.44463087033824	973.6643214644371	-900.4476622904311	18.00279821495473
?	146.92663140070113	-460.60355075904766	74.64742828960081	4.575961279490676	422.6214162982767	-303.94293517889105	1071.0538663303835	1634.7757560685745	13.296811278147526
?	137.8944879279518	-379.0541971892077	77.3439263557853	-163.74543635355218	431.54072261211013	-984.3692444484165	1055.403109267867	1842.2478876754178	12.997547853088841
?	127.97392154124047	-2777.889758558996	66.46015647192309	-323.2788794256815	373.4029540758552	7813.506669361991	1163.1662607141557	3703.2155078614705	11.638829826297686
?	-1	54.04804063602634	61.179982384500995	20.64169750980425	822.2160560802153	6009.919742731044	1240.5638846609431	1033.1787109963386	-2.083619778642649
?	130.67632357304183	2807.5239033568914	67.49224134741331	187.68543342411934	673.8989412124116	-8848.703547914016	1214.8251962639733	-1479.2082611125825	4.379605864388561
?	139.37619516784656	1817.6788221996665	70.5642540557071	-410.6403984755171	379.78087868450814	-5228.719282044726	1166.603471605313	3553.3001405284353	6.373989233009117
?	221.56026468302645	-2807.5239033568914	46.960221423637165	-322.99438039205705	412.4629771101716	9419.547149498396	1392.4902032903976	3010.4733427523506	-1
?	-1	-2075.038176254095	54.41453503610401	266.08434097727076	850.7582361594347	6071.3886181401	1317.1271387429326	5930.737115658046	-1
?	117.80835587032023	2262.1245211139776	60.26443847250089	418.77129937174146	716.032408017181	-10121.23137773261	1689.0270590733041	11519.402431535327	4.01248772514814
?	112.10622605570049	75.70074064822256	75.35310000469139	330.5740109295414	344.6966672727969	-7448.423403147309	1893.0972603197072	659.8106113013089	13.202298641950748
?	121.59339290273141	1136.9126457168388	76.7931390189782	80.44201943489611	343.6112378598102	156.3571144692549	1722.01758963837	-1422.6286969797163	12.186007457860798
?	168.95185834154324	1533.3757031693003	79.37520097643625	-108.00922014469694	352.51452299625976	1529.9372752295594	1821.9658254707203	-2192.7804257477196	10.700381185161605
?	198.26217806119752	301.2660904421594	71.39267801174327	-312.2209256731997	420.1081016212893	792.5855268501858	1612.3785683509825	-6886.792784293945	14.044540411736495
?	184.01516286365143	-3985.2435612238937	63.76415469277604	-249.28579054081226	392.1437993387696	4061.053431097729	1477.6261862560182	-573.3371416805321	12.867938936513745
?	-1	-3700.3032572729758	58.92838848470248	-31.734011865359523	623.1607731761786	9047.277270529792	1583.7117112669555	2524.210825463661	1.2455849045512581
?	-1	8600.082118352697	62.17745409950804	39.0078933152583	844.5076628652656	4990.634581630899	1603.836727529203	2034.4040582977943	0.5589263684582495
?	429.0041059176409	8851.144299198213	60.87878315046542	-113.36774084764538	872.6925022577271	-701.1081479664167	1685.4319141818467	2133.009271994744	0.33120931526891795
?	441.55721495991696	-681.0413030195986	56.50906705712569	-253.74810708434632	809.4522554669443	-3797.0314841773034	1710.4871911289417	-172.24539774263786	-1
?	394.9520407666605	-861.3101241182428	48.19137779624793	406.9662980497232	682.8409280488593	-8193.437677295757	1676.8196442947146	251.68646291571446	-1
?	398.4917087540042	-7919.040815333097	76.85738195961214	376.02803339550707	399.7803716021506	730.2233886730561	1723.0715142747276	409.45768963304874	4.0280451838974765
?	-1	-7989.834175079971	66.99277946602355	-229.8573735730686	719.3520974825126	10272.780515105953	1697.2925287763674	-1608.2341165684509	0.9905694048122935
?	-1	2330.3887891278746	65.36451328095855	162.45755598310294	913.4193973574555	-6675.632526346284	1642.659808446304	-3335.9211391405443	1.5795148435862836
?	115.51943945639538	2221.2874031378783	75.11565726517881	-65.15694310188316	385.5704711651936	-3458.6744271985694	1530.4964718193378	888.2009601655328	7.990164701956232
?	110.06437015689549	4457.281258735842	62.10666612586434	-134.10956587744786	740.4856759975246	11752.563345510303	1687.0698564545812	3875.6214470012806	6.841022334365925
?	338.38350239319067	4139.143923374468	68.41017897130632	292.7186173478551	973.1986384407172	-7689.386744590142	1724.2775441694046	3289.4955204168887	2.4302755814740737
?	317.02156632562185	-350.99040600547664	76.74259699325731	-128.3813633600501	356.016338768012	-9379.737899773601	1851.544632475428	-1495.1579234840044	10.769382456986921
?	320.8339820929166	-3806.760509995593	61.99111080330373	-128.93239576737489	504.2117434520305	9059.940825742458	1649.5196479952033	-11445.51497136383	7.485081645076251
?	126.68354082583949	-4047.0878271537963	70.29597720488847	215.76670009774438	809.0133800551414	-2131.5218949210102	1279.2688839072284	-14685.334598113894	1.063592339832685
?	118.47959073522391	-2553.6708165167533	72.7794458081911	-643.2388478945933	397.63564870597844	-3267.102225072205	915.2529180894982	6987.705750036899	7.8858464805594295
?	-1	-12.395536727135374	38.134034810158354	-35.191436455199394	645.6582688015288	3868.265693357099	1628.6541714090783	2889.424741658138	-1
?	117.85981389886713	2276.906392865634	71.0198739854311	740.5585479736658	591.0489333738361	-639.8618760747877	1059.724155172407	-9390.777700166653	3.031237991068627
?	112.84531964328332	-154.89675615249163	75.16196220884217	-35.40444667995565	613.665174997789	-2041.8017412507463	1159.115286400739	5377.766846128253	6.636752042377656
?	110.11497609124244	-2276.906392865634	69.2496516514333	-442.195855694231	488.95884631129735	7784.784825540929	1328.6124974788236	10198.81452292491	3.7633462111490723
?	-1	455.00506825691053	53.052169424130305	-56.69199330600127	1002.904416274841	7525.9166300342085	1669.0560125469917	4934.603618416107	-1
?	132.8652295040883	2714.449534406108	66.4150519861332	498.4277917265762	865.2546778130131	-10465.457159053027	1575.3426783996324	-1748.0884404986843	1.0665133672080822
?	134.72247672030733	-2657.304590081728	77.97355901045947	-1328.3010397226449	479.63155832218223	-17305.093556260017	1581.6515905220563	-31506.8535679922	12.606203418120014
