rowLabel	avP	dP	avI	dI	f1	dF1	f2	dF2	h
?	-1	3670.0946137205597	64.46157303866897	1228.0128462467342	902.5518870217305	13048.478841990249	1787.7692454771402	30443.688110530224	-4.18126536325611
?	183.50473068602798	3943.255357496712	61.400642312336714	167.6368765562441	652.4239420995125	-9106.176428132012	1522.1844055265112	-4409.606677331694	1.358752794588383
?	196.1627678748356	477.8920021263012	72.84341686648118	264.5992211653793	447.24306561512986	-3974.1912486812666	1567.2889116105555	1216.7630860391268	9.711930678114348
?	207.39933079234305	71.52409362482446	74.63060337060568	-160.93907107334704	453.7143796654491	7307.462175048605	1583.0225598284676	-1448.064981662542	12.710048095606508
?	199.73897255607682	819.1511518844467	64.79646331281383	-131.1025641254358	812.61617436756	6043.736295057166	1494.8856625274284	-486.3799008815796	-1.1832537266979555
?	248.35688838656537	596.8978335768851	68.0754751643339	122.55323992702105	755.9011944183073	-2478.701897326228	1558.7035647843886	-173.8242310080432	2.1323859555223823
?	229.58386423492107	-4987.1377677313085	70.92412530916488	-111.68644816002288	688.6810795012486	2680.1896281028353	1486.1944509770262	-128.1510991072901	8.403256304027707
?	-1	-2.1319315959010514	62.49115275633275	-127.57987652240959	889.9106758234491	3293.2370055810484	1552.2960098290241	330.44093918498226	-1
?	229.477267655126	4463.995406483099	64.5451314830444	248.68434229270838	853.342929780301	-6168.116666867265	1502.7164979362753	3694.8370710730396	-1.9270603509939883
?	222.19977032415488	-403.27644541142274	74.92536987096817	206.62900150688932	581.5048424800859	-11057.135807983324	1737.037863382676	1529.8283195398974	8.436469548008425
?	209.31344538455488	-547.8548956417803	74.87658155838886	-96.84946849817882	300.48613938113493	-4587.314740811938	1579.2079139132702	-6636.5123011043115	13.058359178724492
?	194.80702554206584	-254.98546188304977	70.08289644605922	-3.664680600901985	352.13910543948884	7033.977356522025	1405.2122483274602	-1529.3013742742173	9.072689098345052
?	196.56417229040238	-42.537616674512684	74.69334752834376	47.966944886848594	652.1850072072365	8986.569856962502	1502.7428451995593	5361.4687240053945	6.5695474997543855
?	192.6801447083402	-101.76296593078908	72.48124369040166	-213.3815563131166	801.4675982876144	-2073.869972683031	1673.2856845277302	3551.589829962401	11.463521403293566
?	191.47602399386292	-384.40990973510134	64.02426971268793	-107.05123251168563	548.4915085730848	-5202.441911671572	1680.3223366976795	-361.8759837555896	9.786953900136762
?	173.45964922158512	-550.1257188785639	67.12868206481737	103.02074592531247	541.3455027040355	1343.8037102259989	1655.1918853399507	-3948.5663385026382	7.554442431244098
?	163.9697380499347	-109.45279513289724	69.17530700895355	74.09879048656784	615.6816940843848	2229.8500330354254	1482.8940197725474	-3923.3784789148704	13.03164893986432
?	167.98700946494026	503.2541505914203	70.83362158914576	58.41919143074643	652.8380043558069	1292.7853242993854	1459.022961394207	133.77429152355933	12.681896079750562
?	189.13244557950574	959.742088366177	72.09626658049088	103.672765057835	680.3209602993542	484.74326289491455	1489.5827343487254	674.9288402722681	8.857233985194174
?	215.97411388324915	930.3045182622288	76.01725984203752	93.80969661938265	677.0751675005527	659.1961976880643	1492.7694034078204	-897.7416495283854	11.184587141826297
?	235.64767149261712	411.86105438308766	76.78675141146	-3.4380906258164114	713.2807701837573	903.7481938296302	1444.6956518723061	-1529.3227108404412	16.32622617057604
?	236.56716660240355	-395.8066478190673	75.8453553107467	-140.98241274591788	722.2625771920342	-2037.514233744585	1416.3032678657983	-2109.1029141531617	16.148109230064744
?	215.85733910166374	-1074.2102078387456	69.7376307741641	-261.23704342907166	611.405058496528	-3896.811402920167	1339.240506164648	402.7033718554454	11.08214868328746
?	182.8566562104662	-4337.146782033271	62.7835031392931	-133.72049763683083	527.4220070460257	4540.511178662092	1436.4384364585705	5733.555720362259	3.8309877490337514
?	-1	312.3711941510672	63.051605892322556	-36.80895931761338	838.4306174296328	5787.181401577081	1625.9182921827612	2604.6102290154	-2.356271855999685
?	198.4752159180196	3781.846392368658	60.94305517341243	137.39970923108035	816.78107712488	-8096.157058881931	1566.6689479093407	-914.4554924394143	-1
?	188.09231961843307	-265.6656947686	69.92159135387658	311.83610326708305	433.62276448553587	-2319.9865780622076	1580.1955175607904	1692.1224130868889	8.862898176652486
?	185.19193117958957	-206.17404039661193	76.5348603367666	-89.63151215290586	700.7817482217695	3040.5854152147976	1651.2750685636852	-3554.0411000005056	10.311151440629784
?	177.78361759860246	114.42859701944191	65.44001574623128	-241.31484250219933	585.6520352462759	-4772.69607184743	1402.493462560765	-6233.791479979922	10.497811897725558
?	190.91336103056167	520.2179255249037	64.46911821165662	109.8094709308801	462.14694462939775	-2275.9341747435055	1339.5854945646888	1509.7983736756382	9.986489516280573
?	203.79451387484767	215.14842948881133	70.93048929277529	147.66361000482917	471.8553265091005	785.575234527643	1477.983381244547	642.7405014252639	12.392315238268715
?	201.67078250500225	-5.870403845539721	71.85229871189809	69.3750369375851	501.42570635577994	3995.5126150404294	1371.722519635952	-7720.171177736249	11.525847679938874
?	203.50099368257068	123.61707414704983	74.39924113965455	-80.67350848003194	671.6309572611222	2053.3953149359913	1091.9748223577342	-1809.1487513659088	12.393292408021221
?	207.85163621235475	-4090.01987365141	67.81862328789649	-353.41893653473585	604.0954721025796	2397.9327348055244	1281.2650820676565	8817.784724072195	11.319059141654074
?	-1	520.810297485428	56.72829431291774	43.87817916233214	791.5275940013985	-418.5141093723037	1532.8640585613443	9358.693485433314	-1
?	233.89215108662617	4386.888396121795	70.0125322460131	346.2886790577983	583.1697666339644	-7469.127395714654	1749.1997563393227	6588.2782633182105	4.070620895699478
?	218.34441980608995	-853.3669692640777	74.04272826580767	-59.29602988335484	418.07122421566544	-3313.1865901955844	1862.2779717272551	-3708.0667293891397	13.747331646568393
?	191.22380262342224	-710.3772796705964	67.04773075184535	2.7079306987528162	417.51043712418505	-334.13148480837066	1563.7964198698655	-2034.4468500903376	4.242080243510557
?	182.8255558225601	-120.35029724668607	74.17812480074531	-145.3713898378436	401.3646499752469	4850.644745710777	1760.5556292227382	663.4930306550581	10.256660022457602
?	185.20628776108794	-3676.511116451215	59.77916125995316	-202.45413084617965	660.0426744097241	7161.984839880049	1596.9710714026185	-1221.0561927817341	-1
?	-1	414.17472526677193	64.05541825843636	197.27614322648805	759.463891969248	-866.242255403832	1699.5028195836517	-1956.0922028517668	1.082014652994138
?	205.91502402442646	3736.1377845981247	69.64296842127753	158.22952452383106	616.7305616395327	-2128.766039187768	1499.1664612600305	-6863.392601472367	6.072864779246331
?	185.80688922990558	-580.452288940472	71.96689448462789	-100.30376576569701	653.02559000986	-765.0290418224818	1356.3331895100346	-2320.2585881573978	9.99914770893867
?	176.89240957740296	-102.01459862819982	64.6277801329927	-10.913416907088202	578.4791095484087	496.95998537069903	1383.153531852161	7536.048722458044	10.831831290383402
?	180.7061592984956	231.86692510895992	71.42122363927348	113.34617240492588	677.8735892783949	-2309.697378168636	1733.1356256329354	13257.967617488013	13.286375982844058
?	188.4857558328509	146.79485476039866	70.29508875323897	-87.40032509334557	462.9942406399773	-6067.692380189938	2046.0519127265593	-2413.86499096789	9.607354235658095
?	188.0459020365155	-47.56407100861583	67.05120738460622	-9.263829292556272	374.48897026889904	-1544.4145526630516	1612.4423760845414	-6433.160248612471	10.715248398015975
?	186.10755228242013	67.53643914050907	69.83189728861116	132.711073090937	385.773513006825	374.2767231567406	1724.3939002959369	9312.861975226408	13.73427363269082
?	191.42272399354096	196.7164329759204	73.68676103915304	106.00644651168192	393.202806426736	241.2815862339491	2078.08547484586	6856.369528509528	17.763134845849873
?	195.94337393121612	45.457443625029036	75.13221961419524	60.78194521948312	397.8375923185224	272.61264060444074	2067.212376721412	-218.85892412332473	19.632511519242918
?	193.6955961747924	-197.25772924143726	76.72585830012719	-20.530912146740054	406.833438456958	1138.969188388938	2067.142528639694	-1401.2542379899019	16.053995421241517
?	186.0804874691443	-353.6214382300427	74.10567400685824	-63.05954466944763	454.7860517379691	2841.720343490011	1997.1496648219172	-8822.437488359747	12.890140725022537
?	176.01452426329033	-3741.609749382899	73.57288106665482	-311.74315137384593	548.919455631458	7670.112618846164	1626.0206542217081	-9145.58176468604	10.747805600579804
?	-1	-3540.290485265819	58.518516438165996	-193.46516604220082	838.2916826802759	5870.844033275987	1539.8705765876168	-1781.5621962600262	-1
?	-1	4755.181744479226	63.89962276454481	361.5077325017893	842.4616572952564	-5634.149533613879	1536.9425444087071	-7896.353510593723	1.3798323944204052
?	236.75908722396045	4564.956806450562	76.5939030632554	207.03700038421462	556.584205999583	-7692.380421976536	1145.052901057932	-1437.9534354348293	9.490963383046637
?	227.2478403225273	-1057.3129820592674	74.2514727837555	-176.62062077360196	457.84263619643093	125.4309202809104	1465.044872636966	14643.144629539021	14.526175531251871
?	183.89343812099727	-1084.0734249796342	67.76287202457533	-238.71518475787866	562.8557520136285	1461.4390113578095	1877.2101325348806	4120.711619701993	0.8155340554387724
?	173.0441690735458	-98.24347476072639	62.31571354586161	63.8053927908515	530.9145867643211	-2727.6930515132135	1671.0804536220649	-1661.111250793871	1.3261273114807555
?	178.98126438296097	42.049699671678844	70.9531416641179	296.68889520222785	426.4710994379683	-3311.0178343328953	1794.1545699951873	7341.239489469725	11.439644958799384
?	175.14665405712972	-240.0233910872626	77.15015830597295	-15.148194567436288	365.36369504767697	1233.9040193727167	2038.1424280955498	1352.6701406581699	16.354845687517532
?	166.98009482859788	-3522.933081142607	70.19573193574608	-199.12795588023684	488.1663004066039	11495.814819479301	1861.7880770280956	-2748.168687521716	7.693568951686163
?	-1	-164.95948276503785	67.19376051196115	11.829502907073149	940.15443602164	610.4101557801731	1900.7339937194645	-4766.127977204582	-1.7019135541582995
?	158.73212069034602	2902.165193104716	70.78720708109974	168.34774111404218	518.6868081956125	-6994.012580783583	1623.4816781678674	-16530.06677215511	4.637217950730704
?	144.1082596552353	-264.4991936416083	75.61114756766322	-6.4550412175404634	590.4538069824621	864.807996954315	1074.230655111712	-12774.379211898951	7.52654528660337
?	145.50716100826565	1320.8291014470144	70.46445502022272	-135.07622718037814	561.927208043328	-2725.163828817854	984.762717572922	3151.217867753146	7.192218415690727
?	210.14971472758577	1614.9019139940954	68.85733620864434	-109.23325491058573	454.19561554156985	-4534.41999587882	1231.7915484993687	9106.853067274249	4.460475288152505
?	226.25225670797013	169.57513428820394	65.00279227469345	-286.0906285035894	335.2062082493878	4828.9166884043025	1440.1053709366329	6419.826140954174	10.906687623923409
?	218.62847144199594	-4545.045134159419	54.55280478346492	-166.07546942968003	695.6414499617841	9138.510385999716	1552.7828555470762	1305.3116494031792	-1
?	-1	-4392.5694288399345	56.699018803209476	51.36285593057896	792.131727549372	5162.935886418591	1505.3709534067916	904.7374339302164	-1
?	-1	0	57.12094757999386	34.4997115285504	953.7882442827128	2522.760535809359	1598.0197272435869	1642.977574369335	-1
?	-1	1674.1685529962904	58.42400437963699	263.00582525435965	918.2697543398396	-8713.421514492107	1587.519832125258	338.73717703177255	-1
?	82.70842764981423	1624.4292157091907	70.2712388427118	298.5230223403338	518.1171685581089	-6862.120846357004	1614.9565860951755	3290.2295878997693	-0.6601301024941143
?	80.22146078545924	1797.5835219240723	73.35015549665363	121.7030168053445	575.1637120219906	-1373.0417348716574	1752.031311520246	1569.991873460832	4.451665265702703
?	172.58760374601752	1813.5881239633445	76.356389682979	-52.60482983126725	449.4650818145263	-3021.4770659654373	1693.4561797682168	-5612.613011829964	5.59185244182076
?	170.90086698362614	-1418.764257454989	70.71991400509027	-106.39803732172349	424.08985872371926	-160.32085924154387	1471.4006609287487	-5284.259780180788	3.3492339455015037
?	101.64939087326832	-1406.1124293652786	71.03648781689284	103.10119873361978	441.4490388524491	5476.801050993743	1429.2431907591783	-2255.269052639095	1.5854599739900692
?	100.59524551536246	-42.23756564392787	75.87497394177125	-46.67460746392879	697.9299112734054	1360.2437408342907	1358.6372082967944	1805.9773337952374	6.735344157138464
?	99.53751259107193	-2031.9049103072564	68.70275744369641	-277.1457469167934	509.4612258941634	486.7439702055543	1519.5420574489399	3629.4413977143986	6.654605940434213
?	-1	2493.181114289402	62.01768659593162	5.148168395012097	722.267109783683	1737.0255982714893	1540.1092781825137	538.3297072178785	-5.044956117127278
?	224.1965683055416	3958.376314602545	68.96016586344702	259.591093341482	596.3125058077376	-6659.5520945031385	1546.4585428098337	-4308.1665037446255	5.471527021722589
?	196.91881573012654	-2594.8458828611215	74.99724126300568	84.33502387746047	389.2895050585273	-4149.473813848309	1324.7009529952832	-7746.584071155485	11.41238230376511
?	94.454274162486	-2133.5733691311007	73.17691705732003	-25.290007477706045	388.83881511532286	5829.393152100843	1159.1293392520608	-8633.600504476415	12.385220675391544
?	90.24014727357189	-134.3772245738551	73.73274088912038	-160.23780695013244	680.7591626635684	1164.14825491974	893.0209277714639	2684.9982882101544	13.58148151935175
?	87.73541293379327	-1824.8029454714444	65.16502670981343	-259.8759010835041	447.04622786130966	225.4012495409878	1293.379253662568	14902.454550354103	5.716872095779781
?	-1	221.188446665767	60.73894583494522	196.08216927984742	692.0292251406178	1908.1318931436397	1638.1436552891664	5426.421545863001	-1
?	98.79483526708158	2758.777371776715	74.96913517380577	255.81196285697408	542.4528225184913	-5004.420545085902	1564.7003309557172	-2636.6206235047052	6.698386449570807
?	136.93886858883525	1622.9031185027416	73.52954397779388	-63.914822176281746	441.80819788632357	-5318.112197699322	1506.3126241139316	-2913.6005328165415	13.150560685207955
?	179.93999119221837	695.4705679287795	71.77339406499169	28.038726701543155	276.54721263352616	-2167.877062781882	1419.0203043148906	7486.086872364043	11.578598693442595
?	171.7123969852741	-290.0591695457938	74.93148031287103	84.9194450374438	333.41434474722985	1367.4396419495874	1880.6169677321325	7364.208995867788	12.347912844926398
?	165.43703271492873	-113.40343855803309	76.01936631686387	-33.70839095072268	344.9191947310053	1129.2514846293507	1787.2307541082787	-10175.377009914737	13.77136392900845
?	166.04222505737246	440.23698868211955	73.2460607653349	6.962589653653051	389.8769189786972	4556.940763244611	1371.8481172363975	-18033.79090735766	13.273288277120447
?	187.44888214903463	605.04898428094	76.36749579954652	54.37534169877855	572.766232893235	-498.38080875521604	885.5412087403989	-4928.314552384608	14.312947085887249
?	196.29467427141935	-125.83356671639295	75.96482785027382	-98.92786313581134	364.95787854093646	-6402.114090299774	1125.432389617168	8415.727194417092	15.737420395813535
?	181.157203813215	-482.33191179481423	71.42110264275597	-95.16424264655575	252.66052837824748	-2010.9796282061873	1306.327568461252	13958.61848229359	14.527251825756924
?	172.17807868167873	-90.04990692494776	71.20661571794605	-37.18106068121798	264.40889713062745	1100.0249288243087	1823.363313731845	11734.680458519479	12.386389535231434
?	176.65470846696763	75.48536656782089	69.56204960869508	-138.42458450775175	307.6617748194627	9994.506800276646	1893.0615913872239	-2025.8334141615233	10.391109605821413
?	175.95234701006976	236.75738515467486	64.28538649255849	-81.7273115301839	764.134237144458	5715.720093088414	1722.0716430237692	-4489.568812915007	-0.2828211810765411
?	188.49257772470133	151.89687216145043	65.4756840321859	-88.76483749687924	593.4477794738824	-9272.277523208868	1668.5831507414744	-5840.854669131079	-1.0229691082166767
?	183.54719061814225	-680.7110137891312	59.84714461771454	64.76028342331824	300.52036098401624	-1788.0614751964215	1430.0289095672163	-11393.072948913345	-1
?	154.4570270352449	-492.2503536800236	68.7136982033518	352.029983910692	504.04470571406165	436.6367662720158	1098.9295032958091	-12542.90731903479	2.5141860403083722
?	158.93467293414116	238.37403587939974	77.44864381324908	174.8989828989594	322.35219929761695	-2998.816670947032	802.883543615479	-5242.983724844676	17.293517862465457
?	166.37572882921484	331.31310041736305	77.45864734829974	-12.651883305975433	354.1038721667106	657.3729220291945	836.7803170535763	704.0526729790511	18.94180669410597
?	175.50032795500925	229.02106624858303	76.81604964795031	-5.057347323267454	355.22084539907655	390.8489688677869	838.0861772644314	917.1639237367991	17.57111767361301
?	177.82678214164395	-3.0758506565342825	77.20577998213636	-21.004842180499356	373.64632061009985	723.1641669614343	882.638513240416	5675.235319930359	16.425593374026437
?	175.34653542218254	-140.55723667214176	75.76580753892534	-162.31151702479679	391.37905374714813	1248.4033935722016	1121.8479432609483	12411.275910283639	14.832545894523756
?	170.79892030803688	-24.948122104446586	69.09020413089655	25.6805620046516	436.0664902887097	-888.2007805102771	1503.2023087545958	10511.834867428684	4.509135925676567
?	174.09912931696022	-360.16136842945303	77.04983563915792	2.291120427885013	346.96901472163444	-2713.6158854314062	1647.4396866323807	-2356.5061875989695	12.080120195158255
?	152.7908518865643	-269.13520085975944	69.2047601522908	-34.582369654199404	300.3856960171399	87.90241931611635	1385.3769993746478	68.6004887205902	5.613802522339092
?	160.6423692739723	212.45120876832308	75.32071715644796	-169.39405603248449	351.36413568744024	1464.9315436709658	1650.8697110684102	-1018.5549551008571	7.366256973678721
?	163.4134123249804	88.24275735392493	60.73505735066661	-177.22486349169918	373.6322732006879	2819.0830306872554	1334.449251619605	-7697.820896357066	4.581845522521748
?	165.05450714166852	-179.26043592844343	66.45947398186303	248.28818669658065	492.3182872218025	4715.779429533925	1265.9786662505583	-3226.807827913933	3.3641876280411243
?	154.45039052855827	-65.70312374758908	73.1494666854956	-219.65831372973943	609.4212446773834	788.6950890496479	1173.108860223909	-1620.5608591236398	4.310270309240345
?	161.76935095428908	-1396.8664322541335	55.476558295376094	-156.18729538777927	531.7530416742848	-2155.33830979312	1184.9506232943766	-445.9147823998517	0.8928671356592262
?	84.60706891585184	-1669.3815614782675	65.34010191610666	236.13246956115745	501.65432918772774	-2335.7875989465997	1150.8131211039165	-6799.304066815118	2.3137297338338105
?	78.300272880376	716.3710205975519	67.28318177343392	90.52499764461008	414.9636617269552	-542.0846503158097	844.9854199536219	-2021.8812235753721	2.7473918086950913
?	120.42561994572931	1587.4617194763769	69.86635179833715	-4.978903071812528	474.55009667193735	2994.0305259634947	1049.7190599251483	10094.217035088104	2.274658646735542
?	157.67335885419456	-2428.512398914595	67.0342366198433	-159.0656522406823	564.6651880251294	6327.885241461706	1349.6962717080253	8491.052493737605	5.727641194566126
?	-1	-3173.4671770839027	61.91306918630306	-186.13027735017306	790.9443587450215	-1775.2968206712872	1474.271684612027	-2582.517334856425	-1
?	-1	1677.52746288793	57.72772275233468	129.15190285261122	475.90034699156536	-7014.696154237691	1220.5704049652045	-9985.447720247059	-1
?	82.8763731443962	1685.2514461932926	68.3706643289336	252.7383279899532	440.2095510331382	-2760.860274970881	974.9992985996759	-6365.7072878494155	5.814421295196461
?	83.26257230966434	9.067418961374504	70.3646391518323	-143.24500693445793	337.8573332430218	870.37186455875	902.2850405727348	11723.482370207961	6.478557029692579
?	83.32974409246492	-1685.2514461932926	61.20841398221073	-125.28784870335487	483.72814426107556	9357.839460216987	1561.1734171100718	17784.016306115984	-0.7966140286607637
?	-1	2131.781479034216	64.10024671666457	187.43846281648453	805.7493062538695	-1456.022725397242	1791.4858558785309	2966.5301819778883	-0.7770829371879277
?	189.91881804417534	3721.843314669353	70.58033712303492	-75.97465097765776	410.9270079912137	-8562.52445541363	1709.4999262089657	-8006.617426965132	5.100964252529754
?	185.09216573346697	-206.6527550469279	60.3015141677817	-149.14500954321707	377.6230834831895	2056.5419702295667	1391.1549845302757	-1388.513918354011	5.020676832348538
?	179.58618029182898	161.6356948607148	63.123086645874096	111.77051659043198	513.7541065026917	4990.076029933274	1640.0742302912654	7664.515947300806	3.2742117328110902
?	193.17395047650268	549.3923552042778	65.89003999730328	106.67572004229224	627.1268849798523	-2472.4870591183035	1774.3807818953146	-2097.758067644466	4.560123587758195
?	207.05579805204277	20.569677107183185	68.45687264798869	41.62581107748296	390.12975354677695	2512.288170408035	1535.1863269090425	-3323.077704949408	4.550859897266971
?	194.20243433186184	-4161.11596104087	67.97133055117742	-13.35165825244592	752.7412935002536	3400.992443043469	1608.2268966478448	3968.49019773576	-0.7553851238556375
?	-1	-3904.0486866372507	67.7892897353664	13.576192983726164	560.1793756989498	-7348.83467596793	1733.6108367958298	4466.876581100225	-1.0294192497405217
?	-1	3916.7612165444148	68.65014020036372	-13.853843469866597	385.2995597018584	-4824.032910065596	1831.5707257028553	-5005.294005989031	-0.4217189929467608
?	194.83806082722003	3797.926452979299	67.09659756187307	-173.2576409555701	318.97773019567086	81.79263203931811	1483.3461364963791	-9180.551652145119	7.930927944042775
?	188.8963226489643	-205.1050321381759	59.98725815258525	-105.74583699841605	389.3891913038243	1090.6064077416333	1372.543143095601	-3578.949508715872	-1
?	184.58280922031128	-3797.926452979299	61.809305711952284	0.16300829768852113	373.50805058275233	4715.309557865058	1304.3986610605862	-3145.5687005035156	-1
?	-1	-3711.6561844062385	59.995408567469674	-90.44823009957757	625.1546691970764	748.5098880261322	1215.2647080704257	2790.5097563380114	-1
?	-1	20.00000000000007	57.28689420697342	-1199.9081713493977	410.9335449840588	-12503.093383941572	1443.9241488774862	-24305.2941614086	-1
