rowLabel	avP	dP	avI	dI	f1	dF1	f2	dF2	h
?	-1	-20	41.61584488619541	928.0544272485741	905.8819091269514	18634.244752167713	1874.3222516653989	34837.65710699356	-1
?	-1	2704.2075117542167	46.40272136242871	567.5176084162815	931.7122376083856	-8461.111982441504	1741.8828553496783	-8347.526501010001	-1
?	134.21037558771084	2406.0150120207104	69.99172530700949	101.69281297209022	482.82631000487623	-7349.067766475669	1456.9459266148988	-772.2678273796234	7.007051424150016
?	119.30075060103556	-2704.2075117542176	51.48736201103322	-292.35905704079124	564.2588492846021	8924.960929072282	1703.269463980697	3986.4558332498345	-1
?	-1	578.7298824379623	55.37377245496993	200.4359961661887	929.0743564584902	6536.192467422263	1656.2687182773905	-10396.176135371545	-1
?	148.23724472293367	2533.814953426914	61.50916181934265	402.46291359334714	891.0684726557151	-6441.454662067821	1183.46065721212	-13332.406779202853	-0.4248392062372013
?	125.69074767134569	-2984.744894458674	75.49691813463728	-295.3067934445158	607.0016233550992	-9746.71148130744	989.648379317248	4497.448247092858	7.942703047385523
?	-1	-2533.814953426914	46.743822147116866	-924.5666145133309	403.7328985903432	1754.5111249225788	1408.3330695667628	12938.671930360239	-1
?	-1	0	29.26858740897075	-66.60314415266286	694.7271796012282	6168.177571519913	1636.5819758352598	6893.797827531977	-1
?	-1	2331.319311177848	43.41366493948372	876.6804407944121	712.1417771663388	-4968.656040246407	1753.0229609433616	-124.59662511395894	-1
?	115.56596555889236	0	73.10260944869134	153.8542601674274	446.2943775889078	-4334.503965523729	1630.3521445795618	-1928.9084758674226	4.0044948127637765
?	-1	-2331.319311177845	51.1063779478551	-302.35381451983744	495.41657889015215	9207.234485423027	1656.5775371499903	-3694.5886048911793	-1
?	-1	2377.9471728041667	57.984918722699454	382.2085068917083	906.6561018600596	4301.323501313923	1445.6227143350027	-11123.034382866002	-1
?	117.89735864020844	2243.6845221123285	70.21680329244053	322.3234154680385	710.4827539558485	-5047.070733348173	1100.4258180066897	-6614.645986210202	2.14985690603694
?	111.18422610561653	-153.1301462873772	74.1010894961014	-147.8606426766143	654.3025651926507	-2319.607840996914	1114.8904150244923	-1662.201994846283	8.074492651006079
?	110.24085132583957	203.40467679663828	62.82377115860981	-272.5779967407046	594.5023619060027	-4806.541098011541	1017.3157182643755	-1343.788873303514	5.44233297996954
?	121.35445994544845	692.1517869839556	60.47218965906615	174.82720083616982	413.97551029207347	-3339.1242632203753	1047.7009713593166	6328.831065326791	12.95081276701537
?	144.84844067503738	624.458389237843	71.5651312004183	280.31865124299134	427.5461487449837	-441.2856361580892	1333.7572715307153	2175.2635748953053	7.589023946155814
?	152.57737940734063	35.35895031023412	74.48812222121573	145.15607558442625	391.911228484169	1055.3466537551858	1156.464150104082	3478.935982352556	19.194396414305835
?	146.6163881905491	-290.6781541456119	78.82293497963963	51.69917639580895	480.31348143274306	5441.197221656116	1507.7040706483433	6363.431188838953	10.515366791636968
?	138.04347170006005	-304.859516987884	77.07308104100618	-84.53879343976261	663.9710895669745	4619.743497172112	1474.6357095460291	644.7309549924779	10.674649935614646
?	131.37341234115488	-230.29339129106725	74.59599530765149	-194.5497176587902	711.3006562913489	-3292.890574943728	1539.9406183979672	2371.5478966566184	11.894352459312536
?	126.52880213550668	-265.8660341590727	67.34559515806666	-174.75992275419586	499.3265608197879	-6351.973745345314	1593.2131043788602	-1808.6392791053988	9.0607920232145
?	118.08011063320123	-206.68778649870075	65.85799916994169	22.34585878013744	393.7019690240829	330.5091079834162	1449.5086544426972	2089.821004589442	14.114869617720466
?	116.19441281057163	137.3512542037405	68.46288809707353	123.78852263668267	515.8520162189587	3115.718032740844	1697.7041546083324	5480.200191415715	11.048749056147415
?	124.94767334338826	653.1274513755278	72.04742530177583	136.3287517615608	549.4878706611253	1399.9819867007443	1723.5186640134832	-202.8314612592065	6.8069084711210674
?	148.85078537934805	812.7900543771164	75.27932568515158	-33.944131734424985	585.851115553996	-40.03225325516947	1687.562581545372	1364.7916933689055	3.9159040446598574
?	165.5871760622441	-2997.0157075869583	70.35021871505458	-818.5148538896615	547.4862579983668	2664.619501042662	1791.7582486819285	2448.160251736847	7.725149733868155
?	-1	-3331.743521244879	34.353582990668464	-697.6598643477729	719.0820906061292	6918.068452257131	1809.9705941322145	-1158.5822401729035	-1
?	-1	0	35.46722549766591	226.11737065104018	893.3896806112236	3043.8597426855013	1733.8291366732833	-1218.7696374315726	-1
?	-1	0	45.65945152322048	231.95166105200806	871.2750777404044	-1432.980689964796	1749.0321122606358	-54.64038385195631	-1
?	-1	0	47.06480855026632	-26.980072798288976	821.7406461129838	-1624.966112569608	1731.0971174806855	274.82927583022024	-1
?	-1	0	44.31044788330603	-88.0988218961449	790.026772111924	-295.5162508401392	1762.7735760521468	349.0137059260721	-1
?	-1	0	42.65986745545907	-75.76371122700586	806.9648335709768	1402.6215643633202	1748.547802776989	-1607.7423081427637	-1
?	-1	0	40.522262321955736	-15.653688974758623	860.15785033009	625.80190027887	1682.3864606450086	-1824.342939100896	-1
?	-1	2464.7231098312286	41.87718300672114	680.3701304285354	838.2549285849203	-9810.420648533005	1657.3306558219442	-2760.2615235345615	-1
?	122.23615549156153	2395.8292370623794	74.54076884338254	759.3892336015431	369.6368179034393	-8433.840920199571	1544.3733844682804	-722.7183914093887	11.7756228661149
?	118.79146185311909	-145.57047185217002	79.84664468679833	56.82144256345391	416.5628825749414	1554.1755950019874	1621.1947362514748	5996.474695514943	10.802690330924019
?	114.95763189895303	-126.86775155300029	77.38184097155524	-158.11085462816195	447.34559765353873	-635.8588713437831	1844.1971192440278	3248.6495538575964	15.761638959566934
?	112.44807427546907	-8.250718581901454	71.94110195539022	-295.07486725284554	384.7699390077522	-2617.7292452487236	1783.6272139443547	-9755.305183997232	11.679309911880736
?	114.54509596985795	140.76834350232184	62.62809760891301	-272.1390057182879	316.459135391103	-1554.9451956153607	1356.431860044168	-3348.468968054306	-1
?	119.48649145058513	270.8163978512759	58.33415166947588	-4.404067309068738	307.02267922698445	66.91299638456054	1616.20376554164	3174.778210486245	-1
?	128.0859158624217	113.53987297703708	62.40789424345957	194.01291579059998	319.80478521033103	1254.8558926809244	1515.1707705684796	3700.1360558211486	16.057276801035844
?	125.16348509943697	-6.231058451303704	68.03479745900584	-37.57697961747382	369.76547386103044	1506.8864140152048	1801.2105683326968	5640.882116436084	16.199904116937102
?	127.77436293985652	413.9970323555506	60.52904526258589	216.91467790705266	395.149105911091	4364.340689445633	1797.2148763902828	-10441.937208704885	-0.5170933179270376
?	145.86333671721442	145.59506511272696	78.88053135435844	212.1601709510532	587.9825083333113	3680.9734851698686	1279.1137078974543	-12223.015639523745	9.694067318498739
?	135.05411619549284	6703.038643396345	71.13705381013851	-688.6757252588334	579.1977801695838	233.34200649541427	1186.0640944140978	4780.9705716009275	12.711093871102458
?	481.0152688870305	5996.627934397371	44.446745091416894	-71.22859960399038	599.649608658082	4387.317096396275	1518.1622364774998	-1748.4739425914738	-1
?	434.8855129153603	-6913.536790474615	67.575623829939	594.3305317174852	798.5636349893968	825.9449199389503	1098.6403972845244	-5397.627361956457	3.5849629143049633
?	135.33842936330097	-6018.624085410817	74.16327167729105	36.53845180992461	640.9468546550294	-6412.797647558295	1248.280868379678	5609.24354438782	9.729946479704225
?	133.95430864482051	-24.566089156418318	69.40254642043523	10.175436029092602	477.92375261148317	675.3022382292808	1379.1025745039144	4156.836842870003	13.006439987477336
?	134.11012490548006	-137.40545888538398	74.67204347874568	-54.391873366499986	674.7119665664933	-71.45454036755407	1456.1227105231774	-75.5882480144558	15.279578372080213
?	127.08403570055134	-193.38878928273556	66.68295275211024	-275.52742538920654	474.3510255931055	-4395.711563490743	1375.3231621031916	-2276.338731007603	10.227599193498563
?	124.44068544134332	62.42810340089158	60.8956722092854	185.91962843204166	454.9263883919569	2411.6351202553465	1342.3057739727976	1606.9977887689276	8.86030226304964
?	130.2054408705959	44.29713417220641	75.97893417371229	278.09200824800797	594.9327816058724	3458.721807410843	1455.6730515416377	1348.7625618589802	12.05387003399267
?	126.65554214995363	-134.32091642977772	74.80027262168575	-618.273832185499	627.8624787624984	-2611.0062876470797	1409.7439020657464	2949.6752185674736	12.365539040638506
?	123.48939504910705	-2553.110842999082	45.06524256443745	-823.6263705376176	464.38246722351886	2633.34762171038	1603.156812470011	6732.821813193146	-1
?	-1	15.489266781993988	33.61895409480501	327.1149145050481	759.5298598480169	1683.8976146502775	1746.3849927254025	-770.888548568526	-1
?	124.26385838820674	2394.294728663826	61.420988289689795	773.7993423766511	548.5773479560324	-5973.585958380188	1564.6123850415847	-8964.592923132346	3.6806501853518965
?	118.71473643319086	-290.15529893311185	72.30892121363743	115.95629158486615	460.8505619290086	-4166.614705962233	1298.1553465687869	-8875.452184301003	11.786405596087839
?	109.7560934415512	-220.59707650800243	67.21880286893308	-257.3473654481108	340.24661265792156	-2298.0963519498155	1120.8397758265362	7315.711275366365	14.461649606337508
?	107.68488260779078	-93.04282970047755	59.44155294123194	95.94179533130392	345.94574433151826	-229.63421292171657	1663.9409103371038	13498.377184871108	12.97115146034175
?	105.10395195652734	-1.4469779872064288	72.01589263549826	43.962638153075645	328.7649020118358	2.0435964238208797	1795.7586350700892	-108.49210124974017	11.567955724148458
?	107.61253370843046	509.9480884796726	61.639684848885715	157.75835193778477	346.0479241527093	1085.9497642437832	1658.5163052746168	-4449.476984436507	-1
?	130.60135638051088	608.0833033432477	79.90381023238747	267.37432282564293	383.06239022402474	1301.2242271937396	1573.2847858482646	-3178.2856438099384	10.012413011260069
?	138.01669887559274	195.21216287214895	75.00840099016781	-328.3502194385071	411.10913551239605	2190.540101601276	1499.6020230841204	-2576.6950789775774	14.994633069625536
?	140.3619645241183	161.79499495555604	63.486299260462175	50.0886881917889	492.58939530408816	1287.2800657485084	1444.4500318993862	1290.2336130086087	13.775754714878662
?	146.1064486233705	29.322425320456308	77.51283539975725	235.79565971943535	475.47313879982124	1334.6895983356765	1564.1137037345507	5803.3044731564705	14.097718990059429
?	141.8280857901411	-188.30113852748877	75.2760822464339	-153.20380346522168	559.3238752208717	-1238.836940137223	1734.6152555572087	-1875.6847012224055	14.45577522184
?	136.6913916969961	-253.04888595676948	69.8526452264962	-106.48704609671493	413.5312917929603	-4111.084622786276	1470.3294686734307	-6728.611376624591	13.189261785367302
?	129.17564149230267	-255.36232074312954	69.95172994159817	13.594382081560687	353.7696440815587	-1994.346243926798	1398.1846867259803	2242.305741827394	18.55253038353743
?	123.92327565983967	382.9738564962164	70.53236433057423	71.14105374238474	313.81397959662075	537.9882848716633	1582.4447557648	4962.932666101223	18.652156294725746
?	148.32433431711343	1404.3804097172629	73.5087826287174	106.80180966688492	380.66905832514175	2273.9795754945194	1646.3313200310406	6483.252239201493	8.377540889183297
?	194.14229614570257	3910.0099474105027	75.87245481391845	-245.34603250379877	427.5129583713463	1614.1698061644956	1906.6073677248735	1782.374052526995	9.995158712863844
?	343.82483168763787	7662.323057673494	61.241481003527504	-240.67250464566868	461.37754863336625	8108.0185713300425	1735.45002265739	-7129.738251584934	-1
?	577.2584490293759	-4091.5021228484884	63.83882958163506	214.22535404123812	832.913886937847	-132.20779594359604	1550.120455145628	-14794.037077926752	1.6793904432750835
?	139.24972554521418	-8936.313306832242	71.95274870558937	153.56112781121237	454.76715883618647	-8306.871643089318	995.748168761055	-5111.3163577737805	13.283587852325848
?	130.44278368776543	-379.9924331973491	71.51688597219565	-113.83951209458627	417.57030478338254	-1497.2421123540375	1294.55463725694	11417.842029522008	12.78383315130202
?	120.25010388534679	-116.71345400780991	66.26077310086008	129.0901737638531	379.90505321848485	3942.3168973022944	1566.6402702371533	1562.0847914631267	2.6652383280097216
?	124.60711098737495	-16.661061246737237	77.97139466038829	-233.25680198435404	614.6861496484966	2805.7662635667584	1372.658876830096	-2420.4382772690674	6.5847753728476395
?	119.41705082300993	-2512.142219747508	54.59793300164242	-936.1241333828506	520.1933663968223	5153.5192197934275	1445.6183563737004	8142.9919864791755	7.147333291541775
?	-1	240.13163022756913	31.165187991245922	53.71052576305379	872.362110638167	1912.5929060526641	1779.8084761540533	6026.227769053679	-1
?	131.42363233438834	2331.73555919781	57.2834592897951	877.663474193114	615.8230116994552	-4683.451830385105	1746.9297448263833	-6100.986649781934	5.06263188704027
?	115.58677795989007	-348.81079555523326	75.04836170090147	266.87481382978	638.1895191189126	-546.7149109318094	1474.7591436649577	-8859.083706589721	6.030623924253643
?	113.98309255662674	4.549244732039897	70.62719998128405	-211.24512415284175	588.4872661528648	-5755.134196412997	1303.9755594968988	-4898.803855303994	11.039117030438407
?	115.81424019649207	176.0368346061714	64.48610549325942	-162.15894290382153	350.43280929826375	-5862.496125953344	1229.8189508997589	2719.769732828659	17.411309996550898
?	122.78493428693528	-2336.2848039298497	62.519252836093	-318.9099363284876	295.3624598551986	-1283.2650265517975	1439.9640461383312	7928.09850379882	-1
?	-1	-2475.6986857387146	48.54060867683509	-625.3181051727318	286.2695579706741	8593.915803309184	1626.2238760896985	6421.566991112654	-1
?	-1	0	31.253347577456527	-347.55983764847724	725.0582500206563	10832.683629417486	1761.0423956939628	2230.780050673237	-1
?	-1	0	31.162616794411292	42.30093513582283	827.9037394415465	367.2152043843143	1737.76287862336	304.1723324743645	-1
?	-1	0	33.36839433424766	54.6865585230123	743.4190102398719	-413.5347863470648	1776.251012317681	-1369.0849045220923	-1
?	-1	0	33.8969447205619	123.75451833304383	807.2270001241933	845.3562247099019	1669.3086333972556	-544.9943390232394	-1
?	-1	2552.006204046382	39.55612025089983	860.4628627974203	785.6868214753669	-5786.071512767983	1749.0012953665191	98.49192076600083	-1
?	126.60031020231865	2308.3325005888487	76.92008786043276	704.73151196327	517.9234244857952	-1961.846241469639	1674.2332294355556	-7158.706813948441	3.2453652224796325
?	114.41662502944203	-337.2171590806477	74.79269584906321	-233.9728726200428	687.5945094018853	-964.8942223566269	1391.0659546690983	-12800.276899823726	7.904955719842659
?	109.73945224828633	-106.44086630471416	65.22144422943066	-234.4222666646071	469.678713367964	-6696.86239784257	1034.2193844443716	-7473.209594036545	6.458315420686086
?	109.09458171420634	76.2957427319631	63.071582515832894	-49.49833509915127	352.7513895097579	-993.7443984188782	1017.4054749672724	7873.03201229172	-1
?	113.55423938488447	-86.17127356884257	62.746527474473105	201.8813433359108	419.9914934470203	3395.5234023286116	1427.8709850589562	12895.588392228945	3.665067256592824
?	104.78601803576423	-283.3138355539761	73.1656496826284	22.698196350750177	522.5275596261879	1211.0499394828717	1662.1848945787174	3467.4301865145057	8.67521408760967
?	99.38854760718571	-68.4951911571181	63.88143729201061	-37.770363949143324	480.54399042116364	2097.2909437615413	1601.2424943846809	-4421.6676069546265	5.485698938990434
?	101.36125847790834	-63.77972520986839	71.27713148517124	-94.05819854389469	627.3921068142646	1752.4049625557136	1441.1015142309868	-4447.917926667789	6.301587125468803
?	96.1995613466923	-2047.225169558174	59.17852736481589	-599.371538873153	568.164238548949	2116.8154623509654	1378.8465980512922	4947.391203776678	8.009671988789872
?	-1	577.3051618673089	41.30855454151369	335.03334872633593	733.2328799318125	2134.617614104303	1688.4710744198198	-7032.050149602575	-1
?	125.06481944005765	2637.0274958175382	75.93019480113263	561.3294388999942	674.8951192541638	-2876.3915676469296	1027.2440905711646	-14937.21586129789	11.141459787007054
?	130.85137479087643	263.8420867849087	69.3750264865133	-106.41157982367115	589.4133015494665	-704.5259161829088	941.610281354928	646.2236088969144	8.959687156404819
?	138.25692377930304	86.34132528158463	70.60961580994909	86.65174562109857	639.6688234450185	704.2550271045868	1059.5552710160102	8223.549177233697	10.865825742370006
?	135.16844105495565	-208.34030304994957	73.70761376756822	-97.09881817648784	624.6260529046957	-5105.480618059886	1352.7877402166114	4160.3352250263115	12.135554319792751
?	127.8399086268056	-246.74245108533685	65.75467490112472	-338.8520558469171	384.3947925420251	-5725.942952257398	1267.572032267325	1040.7153893024033	14.293320938326655
?	122.83131850068885	-47.57813285575725	56.765010975222424	132.72610754951975	338.3289052918268	4066.627258452217	1404.8235096817314	4279.018749029012	-1
?	125.46100198401774	19.413866635580415	72.39098027860068	385.0528493089541	587.7261554646352	7292.925638801822	1481.522969718775	73.0102068917952	4.652187576353167
?	123.80201183246787	-129.95063467235656	76.01765344067006	-193.4088896231486	702.9751872319166	3534.7642386290445	1408.474020026321	-2895.0109650188338	17.063654979313192
?	118.96347025039994	-2496.0402366493663	62.72053579744328	-421.5541182393506	764.4643673960868	680.754274617948	1336.7724214678337	-1875.752895692019	7.39435116211931
?	-1	-224.34779992995595	54.939947528702604	-92.86756340321266	737.0129009628139	-5424.93919902078	1314.6863752417205	3106.6943108161804	-1
?	107.74608025390218	2194.100747042784	58.077157627282666	293.07769733444377	493.21740744504876	-4826.413300567291	1492.1071370086422	2218.0012140098447	-1
?	108.70503735213882	148.70402619363003	69.59383239542474	317.9927327663499	495.6922359344502	187.62659823398232	1425.5864359422123	-1895.127373237517	12.985337301392486
?	115.18128156358365	711.1383091307047	73.9767942656001	116.17873926214214	502.59873735674785	655.669810064187	1397.3507683467667	-4969.917694748459	11.397170424395384
?	144.26195280867393	814.7654721598972	75.40276935853183	23.45470815013763	528.4757264376594	976.7061122366534	1177.0905512047902	-4383.738618864024	9.930971313436238
?	155.91955517157837	-56.93682665423998	75.14952967310698	-323.57527343342326	551.4340429685803	1977.4916080314372	1178.1638374035663	2790.371095658671	15.448438979955167
?	141.41511147596194	-3138.3911034315784	59.22400568686072	-695.141891217105	627.3503068392309	6573.832299356084	1316.6091059877233	7891.164059671606	9.285830857477299
?	-1	-2848.302229519249	40.39243511225185	-150.30708055100317	880.1256579363834	7230.587782336002	1572.7220403871452	4510.015960892099	-1
?	-1	11277.173047523384	51.70865165931059	515.52233728126	988.8796959560298	1616.4630348156322	1542.1099040323274	-860.2090427135485	-1
?	562.8586523761671	11054.207096206386	66.16855197631476	336.22970682596224	960.9488096771647	-448.60143847127506	1529.711588251468	802.4843608952762	9.167959676183243
?	551.7103548103173	-725.6054568145877	68.52013700060864	2.128639625855165	966.4496240324661	-2133.314092261945	1582.2341220770911	1462.32509273953	8.235751952657298
?	526.5783795354379	-2719.866573781406	66.27498395760752	-18.592235956641115	854.2831050640679	-2629.443575734911	1602.8278428884441	1401.1833217133294	6.601695496282022
?	415.7170261212475	-2163.4129882692396	67.59052520277659	-77.02371971095785	834.977445245721	-574.1826414484624	1652.2932881627573	1132.7090556752223	10.397791683311663
?	418.4077301219763	-90.8738734240129	62.42379797205964	-402.5939556647347	825.5739729916448	-382.54667391218527	1659.463295672205	1056.2636162396977	9.064689846208786
?	411.17333245004687	-8388.154602439556	47.460827419539925	-273.9603471570659	815.8501115501118	-2413.7418604123486	1705.106468974742	1578.0188489434943	-1
?	-1	-5718.177843160614	48.72578061420639	591.558118387882	704.8868799710278	-7261.599939795921	1738.3642381193795	-4286.0158892788895	-1
?	125.26444029201717	2345.727141924234	77.03873333893392	558.8007714070976	452.77011456031704	-3242.475296110156	1490.8056745107983	-14163.441115224392	2.2391889193446084
?	116.28635709621128	-257.8811072448568	76.66581918456117	-59.792598814318794	542.7631151655206	1924.5703581768487	1030.1921823581624	-12123.685834266733	9.56987782650234
?	112.37038492977437	-118.51491499604762	74.049103398218	-597.5783889210875	548.9986324691591	1211.1493881163753	884.6213827974639	6117.3183875264285	15.596443920231206
?	110.36061134640892	-2267.4076985954957	46.786899738506904	-762.2057890309325	603.3205845713392	6256.079521937283	1336.0581017344828	16313.601960565446	0.271588521511508
?	-1	-2227.2122269281863	35.93881394667151	338.0173437707861	861.8026085660222	6914.317402814392	1700.3014808257333	1810.449454186375	-1
?	-1	2547.0307678344493	63.68776692704615	771.8795817198253	949.0364547120576	-8395.647474005498	1426.5805744438012	-4531.099343443123	4.276581507158178
?	126.351538391722	2311.0739586140307	74.53279303266264	297.58027094827077	442.02023486574876	-10113.406950827797	1473.746513653578	-150.82221570012788	3.793140573998884
?	114.55369793070112	-314.9678413560048	78.56678047445963	72.53019026021943	443.3661071706695	38.12099314410957	1419.0394636587948	-639.926743466001	15.085682065615876
?	110.60314632392182	-104.32714593599977	78.1593025456736	-20.063111438515264	443.92628452295423	-200.01612389882965	1441.750176480278	2623.0530602738145	19.754268333796457
?	109.33734063390115	19.716960975856708	77.56362490253387	-117.46623594466924	433.3653009757281	-2075.7531465010647	1550.192116672485	-3647.7612541322505	17.167102183092997
?	111.58899437271465	326.30492331952297	72.28599074844016	2.1424333142530902	340.13862719790137	-2327.4998381797823	1259.3621137736661	-9934.922955850123	11.234666116362735
?	125.65258679987724	597.5379774245637	77.67074656824653	147.02328943261074	316.99030906673937	1044.6245358827016	1053.4459688799807	-972.4691999749109	17.006720422023182
?	141.46589324394273	407.1446408564006	79.63715522007067	25.68295267007793	392.36985399203627	1838.5663522637888	1210.7386537749207	7594.637065299703	14.931078753726187
?	146.0098188426972	-151.8934938898786	78.95489420175042	-161.98895905255966	408.9186266799285	-84.77630159029475	1433.1778221449645	11503.06204587156	17.603182162250977
?	133.87121854944883	-2940.1963768539545	71.53770726744271	-440.814762697995	388.13103891252155	3971.5735646352123	1785.8917560684968	5597.88935556128	7.202715064345799
?	-1	-17.807271339001495	56.91415606685075	-105.09607279079952	607.4973049116884	6126.917963318765	1713.0722899230275	-7985.302706223607	-1
?	132.98085498249876	2465.4168184949535	66.28290362790276	347.43720577594144	694.4769370784587	-2913.981934328326	1386.6266207573178	-10763.515364262474	3.1663971079555275
?	122.27084092474725	-561.055628165706	74.28601635564776	123.14366154429409	461.7982081952726	-980.4623981790531	1174.8965217099058	-6273.84675162918	8.512237362231993
?	104.92807357421356	-393.1469088849076	72.44008670511744	-12.52675014141663	645.4538171695062	5384.739130142436	1072.93428317586	-1393.5976318495755	5.1502614904715776
?	102.61349548050194	-49.68278478451584	73.65967884857693	-160.67499055393	731.0351647023934	-1960.7775828508127	1105.2166401174272	2969.6601924640495	7.305917038412405
?	102.44393433498777	-2072.269909610046	64.40633717742097	-618.0930465484762	547.414938026966	-1449.7002882774457	1221.417292799062	11062.39393921546	4.676811646348124
?	-1	-2068.878686699763	42.75502652115323	-97.32670653967551	658.5501502885214	5137.33877151911	1658.3363370781983	8340.397388629479	-1
?	-1	2717.9579377127134	59.54000185043721	575.6611655843163	804.2818766029205	-3912.4546741492945	1638.4371622305343	-2942.0916635252265	-1
?	134.8978968856352	2649.265989798343	71.53808480036895	232.50886921757083	462.9274165810574	-8285.284133766692	1511.2317539019375	-1953.5031443806727	4.8519393418517724
?	131.4632994899167	-34.35802241555178	71.16544531131571	103.34528489596673	390.01766991458743	-2644.4674326307145	1540.762005011501	-4302.506308294889	8.380348380914573
?	133.1799957648576	-82.43481250767191	76.70534904516727	158.1026192757787	330.70404494952214	1416.8060338756122	1296.1064384871938	-6401.554031328219	19.320525149089075
?	127.34155886453311	-309.6011467456611	79.07057627510461	-275.0849619038226	460.8579716083678	1568.1929695399504	1220.6843034450912	1714.8423058696123	12.079545695780453
?	117.69993842757461	-2566.8311772906713	62.95110094997619	-400.7956581116201	409.1136934265194	3030.0367377100933	1381.8485537806741	-911.9316695500525	8.515635646330608
?	-1	-2373.9987685515007	59.03079336952368	198.70738028740732	612.3598084938719	1287.871196483336	1175.0877199675888	-9406.664935592138	3.6378626040519286
?	-1	0	72.88646996434652	-312.48868764158016	473.50725325068595	241.00737171376153	911.5153070010689	7715.356587578058	4.377650172455399
?	-1	9650.643265396304	43.406358987444726	-219.17642125622683	624.41017707956	9123.565266956482	1560.8555493464903	16859.767972595735	-1
?	481.5321632698135	7253.001752186357	61.927648901535214	436.10647128989683	929.6855165985085	-5278.857966380758	1754.5037056308527	6908.146923853421	11.361602290723043
?	361.6500876093166	-9650.643265396133	65.21168255193949	17.124046487409473	360.467278760523	46.97684438322928	1906.2628955391601	650.5101945410069	8.827834392492965
?	-1	-7253.001752186228	62.7838512259057	190.6710044079601	932.03435881767	15107.936216667638	1787.0292153579035	-6769.803167519371	6.84086343708648
?	-1	0	74.74523277233763	217.02275033131417	1115.8640895939157	-882.8727902207231	1567.7727371631868	-4287.195054379161	6.315126822552791
?	-1	2180.4955966016732	73.63498874247156	36.45633488128174	887.8907193066332	-8327.23414920668	1572.6694626389424	-1581.7337225159465	4.279585221908242
?	108.02477983008521	2632.627364306801	76.56804951640174	10.381071746679277	699.5023821335757	-4205.4712150266	1488.6860510373883	-1769.810240176814	7.912335119715945
?	130.63136821534192	1065.8939827569159	74.15404232980553	-131.70988516387308	677.6171585553002	-3377.1548295763473	1484.1789506301004	1114.7935121799924	2.7775098957958844
?	161.31947896793176	623.3482585199268	69.982555258208	-308.2906378907366	530.6446406547559	5904.221172558518	1544.4257266463887	7575.311927744644	9.87897925350908
?	161.7987811413387	-3246.389579358589	58.739510435268485	-272.0033301969904	972.8282171832303	14645.076393805053	1862.944547017338	7117.354033393548	-1
?	-1	-1290.9205521911313	56.38238874835828	118.4866566689013	1262.898460345019	-11688.679915345869	1900.2934283160712	-9728.56998457795	-1
?	97.25275353178122	1735.4074044532115	64.66384326871363	209.14147949518437	388.39422141592854	-17965.919814606117	1376.5160477884335	-12500.590893903003	-1
?	85.77037022266181	530.1596425543692	66.83946272311765	60.4271901851257	364.60246961470034	26.995899292582706	1275.263883620912	-4843.025272432805	6.594571289352603
?	123.76073565950006	368.80149869195935	67.68520277796996	50.727006972215484	389.7440163805577	3106.9634435534035	1134.3647841667898	2470.0765488039465	11.517943114655532
?	104.21044515726004	-2495.2147131899656	69.37581307172846	-108.88562119444204	519.9506417923727	7222.1457965631835	1398.7677110611112	6733.244923947036	6.066527284967514
?	-1	-2104.208903145171	62.24092171824778	-184.21468938293552	750.851306208722	9456.261869117678	1471.0270303641464	-58.82226760609599	-1
?	-1	0	60.16507860258155	-190.27753859616539	992.7637352482633	4403.599082230508	1395.8265976808063	2726.6858372280262	-1
?	-1	0	52.72704478843938	-259.3641025697292	971.0312603202506	-2997.6916970853476	1607.3613222255497	5193.136864091574	-1
?	-1	0	47.19687347409491	-84.85997595145669	842.8791503939938	-5285.002836992544	1655.4834408853887	2010.0259466148632	-1
?	-1	0	48.484045990866484	129.76774808352388	706.7811184706196	-925.6754554592617	1707.8626195562942	666.4001417724236	-1
?	-1	3562.263264819182	53.685260878271194	577.3899020806651	796.59537762103	-1407.7555805163802	1688.8034479740104	-9562.245981652068	-3.430538873632289
?	177.11316324096163	3384.4123566267112	77.35354109490015	391.5263789964588	636.3933394447996	-7242.334030895975	1229.750320473684	-18062.593349810497	3.8718262909058367
?	168.22061783133796	-268.5341668700359	73.26157982809441	-149.72155179425002	434.4786760762261	-2947.3400815916048	785.6737804834727	-6135.034847085883	15.510256487539433
?	163.68645489745964	3.492154500630086	69.86746350518754	38.92264342031952	489.0263353652173	4134.180970584493	922.9985781193856	4108.096505196705	10.949373993937453
?	168.39522555636947	252.9273100513039	75.20771199911042	138.94338821701072	641.1877246054537	2994.4399216868674	991.0786057433109	3324.434113944281	16.660050533476532
?	176.332820400025	235.03853071843145	76.81463291603818	-65.4296951039148	638.7483314495628	821.7586681389454	1089.220283816602	7884.0139588565235	11.218163032792178
?	180.1471520922912	-96.53610305024334	71.93622724391463	-616.9603597098507	682.2756580124016	254.96716280774402	1385.2793036861426	8931.571823664954	12.549096164710551
?	171.50601524751278	-3622.9430418457728	45.966614930545205	-675.8194923725598	651.4966895899502	4016.540232803547	1535.798874999856	7859.8579547495565	-1
?	-1	-3450.1203049502064	38.14525262528616	381.65142902242167	883.1026696525818	-3263.1676487391464	1778.272201423626	3951.69386150529	-1
?	-1	0	65.04918638166656	85.63513436907348	488.3383071529905	-8958.189327097878	1733.3835680751233	-677.4364712885102	3.1906086854723097
?	-1	3138.2366034644533	42.4270093437399	-51.47239525014127	435.1932032976815	2908.8073169090553	1744.4003778592	-27.98230475540055	-1
?	155.9118301732249	3076.7044511709923	62.47556661915946	653.7093783025626	633.7786729984454	314.29650971063785	1731.9844528373533	1548.287848656906	2.3968168894604105
?	152.8352225585518	73.48465066669245	75.11247825886849	183.27038755217794	450.90802878321364	-4870.181119262628	1821.8147702920464	-4502.25299581346	16.78236337193416
?	159.58606270655957	142.1979164250129	71.63908599676849	-73.3943251196204	390.2696170353105	-1884.4734321345088	1506.871803046677	-6517.834381355204	14.741386462894443
?	159.94511837980255	-392.2506149629562	71.44276200288742	-237.8776123642024	356.68435717648686	464.1586313513144	1495.9230512242816	-3469.057780001859	18.246840838270536
?	139.97353195841148	-3218.902367596005	59.7452053785582	-392.6311100015674	413.47754860287654	10558.95163381717	1333.4189140465817	6310.907031073881	12.81743221671421
?	-1	307.50200003781134	51.81120650280877	257.93982034750235	884.6319388673529	2203.243198789996	1811.4684027779801	4001.410293654128	-1
?	155.34863196030227	3011.5825439028995	72.6421963959335	458.90708666144974	523.6397085423779	-10775.31586880563	1533.489428729291	-3973.7052693872038	4.384591389122128
?	149.57912719514712	-226.7916564373589	74.75656083588159	73.08896651766655	345.8661454270638	-3367.669851400718	1612.7831393086171	5120.492603648377	10.447978781228485
?	144.00904913843416	4549.56916521471	76.29664472181688	-237.18006107334776	355.2562159723396	9545.033182516892	1789.5140589117134	5182.7173074230395	8.891326750497136
?	377.0575854558858	5814.853649171186	62.89755778221403	-182.3265915239838	823.1178045529152	21602.126152137902	1871.9190046797728	1966.404671505815	-1
?	434.7517315969976	-7541.151709117609	67.18031514561756	-1257.9511556442628	1435.36252357925	-16462.35609105807	1887.8342924870055	-37438.380093594926	5.52826994706719
