rowLabel	avP	dP	avI	dI	f1	dF1	f2	dF2	h
?	-1	-20	65.4492107466925	1392.8169373492747	928.490212509081	11269.116036626676	1768.2916783113212	31612.676103888578	-2.812869434734328
?	-1	0	69.64084686746374	76.40881753107664	563.4558018313338	-7529.283977638881	1580.633805194429	-926.5960489478539	1.2135521436642371
?	-1	3760.853703439903	69.26965162324633	85.34220784269249	552.0260136271369	1177.2978081148922	1721.9618758639285	-1200.5469124459428	-0.40574266200772763
?	187.0426851719952	4071.6130433857898	73.90795725959836	166.91542218686922	622.3206922370785	-108.7476556501588	1520.6064595721318	-12138.670635762026	0.8521910223855258
?	202.58065216928944	369.49296845542113	77.61542273258979	12.425984505814544	546.5886308446289	-2070.4027293255813	1115.0283440758274	-7949.748229986637	12.78095590369333
?	205.51733359476626	184.7697327819208	74.52925648488909	-59.14615450869776	518.8005557707994	-2162.541485515697	1123.1190480728	5240.5597177088985	13.29617116052286
?	211.81913880838547	276.7698048172014	74.6581150071549	11.045276341581031	438.4615565688441	-1733.5968621001102	1377.0563299612722	9450.537749040015	12.024204250909312
?	219.35582383562632	407.641119433821	75.08152030196814	22.840672282923723	432.1207126657939	446.05317030104413	1595.6459355248007	9466.33134203824	7.787871319327834
?	232.20119478007652	275.6397871652741	75.80014862130109	-6.286892692109236	460.7642150838963	1183.8633602735674	1850.3728970631842	5371.012075810623	12.032698565099684
?	233.13781319389003	86.55475888568618	74.76717566736268	-48.59427513092017	491.3138806794723	-1248.6286182540985	1864.1965393153318	-637.457246852373	12.56216540481787
?	236.52893272436083	-329.75321188487015	73.37043486475508	-103.80428211151118	398.3327841711914	792.2748363796534	1818.5000347205655	-1849.396117942127	11.417187688986488
?	216.6501525996465	-4750.578654487213	69.57696156178712	-48.21782538859675	530.927622498455	10873.356524670595	1771.7267334182254	2112.4816070987827	4.069078309082164
?	-1	724.7196380276124	70.95954359532524	56.49513749884188	942.0006104047217	3704.3544458208603	1924.1241150755047	1182.4420281830533	-2.448002020607914
?	252.88613450102716	5164.96287130784	72.40171843672921	120.28070313091337	716.1453447894982	-7358.20721974844	1830.8488348273781	-12046.856461218074	0.5971168937860387
?	257.24814356539224	114.37585276718256	76.97357875187092	-92.61101365306266	574.0902494172993	50.77463483250308	1321.7812920146005	-13755.784379648108	12.004727451018665
?	258.6049271393863	10.543985412734846	67.77116775407608	-163.7697363283023	718.6840765311233	2818.364177867624	1143.059615844972	-5306.383039066991	14.019269841771578
?	257.775342836029	-102.44299788686638	68.7850919354558	59.56959594961001	715.0084583106807	135.6815216578933	1056.4621400612507	-1607.2839921651153	16.036063669194174
?	253.48277724504297	-252.23513173184563	70.74964755155658	104.74331939478607	725.468152614018	-3.528576036208048	1062.6954162367163	2547.2370644931357	17.359737987820942
?	245.1635862494367	-392.9337492972004	74.0222579051951	91.05840268607145	714.8320295088703	-1376.2364085945285	1183.8239932859076	2799.054267727704	16.617092096060052
?	233.83608978018293	-691.0343877692905	75.30256768586015	-64.82833226368294	656.6563321842915	-880.8060922987318	1202.6481296231016	3785.411276683108	15.977562984345592
?	210.6118668609722	-417.2757574281521	70.78084129201096	2.608701511265392	670.7917248939338	-3715.967684488179	1373.0945571200627	4712.792021833184	6.888750790166211
?	212.9723019087753	9.088668475698674	75.43300276142342	150.72722324359816	470.8579479598824	-4326.511713352984	1438.287730714761	920.8729252639424	6.675959332558497
?	211.06630028475715	-80.48677944277635	78.31720245419088	37.35545573318657	454.4661392262844	-438.5735826071421	1419.13820338326	-616.207379085194	17.621929154337828
?	208.9479629366365	-106.8906037308732	77.30077554808275	-12.793661798929737	448.92926882952526	-272.61663968938683	1407.4773617605013	422.7988797378426	20.226651071999676
?	205.72177009821348	-180.65864644743652	77.67751936424439	12.103409213099486	440.83530724181503	-88.09219310648805	1440.278147370152	189.3707811331886	20.732668631325982
?	199.91503061426465	-200.49835432247033	77.90594600873773	-9.421070773137776	444.52465917420085	-178.5083518071961	1416.9459008171607	-1265.0937144281932	18.012047007565943
?	195.69685238208996	-125.38995090111473	77.2064658255875	-20.069997208008754	431.9098896514552	-324.0679226226129	1377.0234616487423	-511.3055388456901	16.122168141918255
?	193.6455330692089	-121.50001998059895	76.90244614833729	-16.150415774815755	428.3212630430702	-985.5870518072188	1391.3806238748762	2282.1276071585116	15.241937713975883
?	189.62185138306	-56.81079872126697	76.39894503684671	-155.09113666972738	382.63053706109423	613.0716846938566	1491.129842006668	3496.5173611212927	12.056669651452301
?	190.80499313314556	218.09665714954215	69.14788931485091	-77.32031679070637	458.97484727776305	6155.626141506471	1566.206491930941	5831.735326736702	5.112732252584631
?	200.52668424053712	16.080369668477474	72.53292919731139	-65.36536826780429	690.411844136418	3521.2060243671012	1782.7166083435034	1550.3412501671287	7.096805133912726
?	191.60901161656943	473.2766510701852	65.8796209014607	56.457012828617174	635.0351484961183	-2558.9474008824004	1643.7235544392975	-4783.649653824646	0.9130306934162999
?	224.1905167940464	426.8082071972494	75.35577983874225	190.37855349629734	562.4644740922979	-236.4601207073995	1543.5341256522709	-3191.435965103685	3.41640136543771
?	212.94942197643192	-426.5065063142437	75.39854857627557	-95.38596144090965	623.2121424607483	-68.60605292524491	1484.151756184113	-1605.8546117764113	13.601762268142448
?	202.8651914783342	-115.2433334026755	70.58648176669676	-46.17595343666575	559.0341714460357	71.38387730667768	1463.2413950634502	-3038.4731389679673	6.751848001461942
?	207.18725530629814	63.045975119595084	73.08975090444228	48.73764245054697	626.7813363260822	786.3683577231147	1332.2280992357146	-7263.606572687566	11.43930545166086
?	206.01749023431395	-25.737114336957326	73.02336388922412	12.572557904549331	598.3525893321914	-981.3470658488941	1100.0610664290716	-1140.7488571439344	13.413709294121029
?	205.90039958945027	-218.11220680601744	73.71837879966975	-59.57466048161587	577.7139830336374	-3866.624932997861	1275.1906563785178	7628.564679841118	10.66768176515692
?	195.11187989401307	-389.571521640623	70.04463086514332	-89.71541583450963	405.0213426822982	-6232.361103671902	1481.4893004211278	4261.829948461237	10.880904432199156
?	186.4218235074191	99.22880650290018	69.23260800794427	134.30305431397633	266.095927850042	303.81846298988756	1488.2821538015799	-1384.25976799897	5.407888846888018
?	200.07332021915806	-69.75648420828601	76.75978358084211	3.3599438895942177	420.21226583179254	8217.752312518078	1412.2763120211796	3451.396457716745	11.07164892927089
?	182.93399929700482	-4021.4664043831754	69.40060520242398	-254.21355148442166	676.9835434759444	8674.882327222602	1660.8519766874165	6722.327829781817	3.4296683355331448
?	-1	875.9045234467586	64.04910600662107	-3.3989650015831905	853.9563821929211	-2053.6181320863493	1748.3927035102693	-3630.748951682621	-4.242251842810426
?	226.7292254693426	4224.484180091757	69.23065695234482	236.6567010866052	574.3026368716273	-3667.73527780017	1479.314529103286	-6739.01670990093	2.0372122387161595
?	210.2242090045871	-415.20885976618877	75.88194106095129	77.72527101507903	670.5696183029132	-362.9460027592781	1411.441868015224	1102.8801075099539	9.481676226517875
?	205.96878248103323	431.6036705369883	73.11692050309875	-55.74711845078403	556.1553367336635	-5937.3538425309125	1534.4585344787836	2119.9146458557957	11.07901426308021
?	231.80439253143643	1129.1447414658023	73.0945851384121	66.55074185161847	373.70192617636866	-936.5143516592581	1517.4376003080133	6380.807124524358	9.942557232435329
?	262.42601955432315	1060.34055664242	76.44445759567967	29.775430596132075	509.32961915070075	3138.0911857170904	1853.4988907050003	8105.771967598782	11.558720246904818
?	284.82142036355725	507.09936852619376	74.5833566682187	-47.984895754123215	530.6064854622226	-719.9646218376304	1922.726198687951	-2540.3434453930504	12.109245211142936
?	287.78098798063274	-179.63587572859586	74.04521280797351	24.035892440291576	473.33138805881936	-3325.148354302117	1726.4817184353483	-4169.78821065307	14.38914517257017
?	275.8396265771275	-1057.292376453244	75.78515129023327	-5.34076394745684	364.3490677471174	2281.8648450412265	1714.2367881552982	185.5501861261025	14.49474205732228
?	234.91636915797073	-1118.5040462573716	73.77817461060067	-17.740960270219325	587.4246303108803	4245.463270500838	1735.7592277416534	-792.2520053989985	4.065525763448043
?	219.9144242642591	-267.26623932576655	74.89810327672231	28.4290466307139	576.6222312721585	-1854.7153486091688	1674.6241878853484	-2001.2624903430994	0.8531841432476975
?	221.55305719168246	-4418.288485285198	75.19962694213636	2.914292647423632	494.68886288042216	5862.038173245787	1635.6961032244988	1296.6696383032104	6.2190492990821085
?	-1	76.05099193377582	75.04381790909349	-16.87570724229352	869.7241399344468	1577.8062907802882	1739.4576698005087	1238.6002421798046	-0.22384880339788782
?	225.35560678837123	4376.415660059863	74.35584158002169	-11.972617822126253	573.5791774194363	-10432.075120792766	1697.6261153334888	-3142.334971893058	3.8248744338322567
?	217.82078300299236	-131.0523045903317	74.44518701798718	66.07498932483874	348.12038389481035	-3142.2689132887444	1582.3409212058564	-5864.82307762846	10.48831208896153
?	218.80299155885467	200.66005740853612	77.65959104626361	27.388811002961784	416.46573175499964	2357.1483419812675	1404.3849614520668	-4072.5815082429026	6.557675838454581
?	227.85378587341913	-107.382871513182	75.81462756813527	-316.73805960065675	465.9778009938733	-230.8844253483832	1378.711845793712	1360.6680899825599	16.796335821625142
?	213.4338479831956	-4577.075717468399	61.82268806623083	-503.6536588468542	404.9215104875805	5478.33061576962	1472.4183659511946	4530.927302904109	13.940542213783905
?	-1	427.0073240192822	50.63194462579264	-5.141188899351495	739.8943317823533	2479.330322837967	1605.2582109389166	4272.3852540220305	-1
?	234.78421418415962	4368.832014670902	61.56562862126326	521.1052137916487	528.8880266294784	-5859.123594911136	1686.0376286522953	2686.9665125013585	10.31088012093261
?	217.44160073354433	-389.9418907467358	76.68720531537498	275.9089905865035	446.9381520367976	-1610.179236317333	1739.606536563984	708.4449467441962	14.412993963728923
?	215.2871196468229	-123.66690049622024	75.36107815058838	-43.879836265479796	448.37906481361205	-335.21653103046225	1721.459875989505	-547.4223296701049	17.629099139267037
?	211.25825570873334	-168.46352766944793	74.493213502101	-149.88379246200705	430.17732548527454	-2667.9295182606975	1712.235420080479	-3251.006000862269	16.532652203081717
?	206.86394326335054	-11.83222284713797	67.86688852748806	-73.13993633017358	314.98258890057764	-2167.106905078782	1558.9095759463921	-5696.900687600139	11.781042769779518
?	210.66664456637645	123.83509926953069	70.83621668559233	171.78410534704514	321.82198023133583	5742.018825406564	1427.390385700473	-3673.9776348230994	12.026270183750892
?	213.05569822682705	-257.75951745554755	76.45609379484029	-216.4558003827394	602.0835301709049	5407.172909633997	1375.2106942052378	4611.833525488276	12.162196606907795
?	197.77866869359912	-4281.1139645365565	60.0134266664554	-402.978360782771	592.1806257130347	895.5137365621076	1657.982061974886	7048.1564349156115	3.203460471304142
?	-1	450.8339715105244	56.307175755701806	112.87840753652131	646.8592169990101	-6707.723990720917	1727.6185159510171	3646.300189330831	-1
?	220.32036726912526	3947.9648281605173	65.65734704328145	271.5567594930668	256.79442617699004	7050.361569813697	1840.2970714414269	3552.5577461385947	6.024362040531654
?	196.39824140802517	-4426.407345382521	69.8850137303551	36.584842140254196	999.3772954896937	10003.018589528718	1905.2464032579462	-3300.1833863309257	1.7829304266316242
?	-1	920.9157715504698	67.48658915029415	31.143445195599323	756.9453556534241	-6671.123675668654	1675.2879021248812	-7343.014760097743	-1.786629886459745
?	242.4440299855485	4579.673630101337	71.44218599013506	237.4700021141564	665.8211117062622	-5449.49541811398	1538.0956652530604	-13152.037961277527	-1.3635544340442185
?	227.98368150506602	-352.7033973664437	79.36008925600193	128.8952177598053	484.4705847477261	-2819.1088518778756	1017.6860040610071	-13468.547050930212	15.237810723200429
?	224.80886011722637	-130.53343212110394	77.8869468781253	-117.31287714628833	524.8656691123689	1559.5855313277807	864.6683127065521	-1563.2105868849826	20.362092696195056
?	221.45700989901084	-4516.177202344544	73.49444539868753	-319.17319400671914	562.4498613141149	3064.486195633685	939.5254747167583	13332.238926878837	14.3006936478948
?	-1	-4449.140197980233	61.9282871777894	-299.65895246184294	678.0899788940526	4586.850171958281	1531.2802590504916	13237.440053021697	-5.05140721986789
?	-1	5534.488976681637	58.51149777559544	199.0019987900537	791.7923699120281	-3232.7043153669865	1601.3974773678408	-5831.894896211968	-1
?	275.7244488340809	6127.683709369676	71.87838711729205	426.5573727401786	516.4547631257038	-8095.596290562482	1239.6855142398942	-15886.754931841473	13.932054682703884
?	305.3841854684827	1430.4647121684245	79.83936641260429	127.96790279323648	387.01255538390546	-2449.8127203890176	807.0597307757699	-8453.30300187697	21.022182598030355
?	347.24768444250185	1057.3615172746297	78.27678225695385	-269.48723181878887	393.9641271062534	844.9577786643768	817.0203641460473	9566.884286286804	23.218116430457673
?	358.252261332214	-6964.953688850062	66.3650048216649	-585.5515195908171	429.26044431712415	7541.531075115638	1285.4039450901084	18472.84095928903	21.71334554829869
?	-1	-3647.6250058357214	48.9992062774131	-291.6003623119754	771.0406808620339	5722.586790151882	1740.6624121104956	6503.809290796112	-1
?	175.87101104042858	3849.6286397585395	51.78498670606618	222.86632412436498	715.3897838247173	-961.7713920101289	1610.594409629913	-10681.72922885256	-1
?	191.4814319879263	476.1193577979441	60.14252248363131	259.5135340848106	722.9521112615277	1206.525687287094	1206.5759506678694	-7765.857611288352	4.282236423131948
?	199.6769789303257	109.30820905942237	64.76066341030666	67.00927506517455	775.7160681890717	135.43103366621202	1222.3015290654967	4088.835230375267	3.214240542051453
?	196.9468424408974	6115.345823464117	63.492986236890026	44.24468271312479	729.7236629448382	-2826.5126539444723	1411.017712186632	7996.824669594454	0.8799034978247953
?	505.44427010353047	6059.973882118849	66.9728975459629	146.35155358993367	634.3904354918486	-1254.4619818430533	1622.142762545218	-356.36696656671245	2.5905249445396272
?	499.9455365468388	-10128.885402070646	70.81056391638668	43.82926419477302	667.0005638526858	-807.1956791131362	1393.1993638582965	-2418.10021726902	3.043219817900414
?	-1	-10018.910730936812	69.16436075570154	-76.44538257108677	594.030651536192	-1470.6414079828785	1501.2377516817673	1500.5407370871678	-0.43153538326673174
?	-1	4582.223767066094	66.98829478783236	26.8928241553247	593.4684934535421	-1696.9368033921721	1468.2264007126546	-363.3396122446779	-1.096153232916301
?	228.1111883533039	5158.765093729542	70.50900196346777	224.18808632104367	509.18381136658365	-1641.9172700888194	1483.0707710695335	-3980.3524621259526	1.9026000074821354
?	256.93825468647617	1131.5632254517493	78.1976991038845	27.10713240779806	511.37262994910145	4198.552521974371	1269.2087776063577	-7120.983178122477	9.36668158526002
?	284.68934962589117	691.0421461833337	71.86435858385767	-202.6988728699881	719.1114374653015	814.0636561210687	1127.021612163411	-783.8791538623791	14.324356665750534
?	291.49036199564273	155.72109804947726	68.06275546038513	-353.99165331268773	552.0758127551547	-4638.569235161761	1230.0148199132389	7559.9670649601285	13.883650609111196
?	292.475404528365	133.62541508945517	54.16477591822334	78.35564915161285	487.18297570721427	-2157.3524049233283	1505.019965411416	3837.4417896413797	-1
?	298.17163275011546	98.20754308923746	71.98053791796576	422.7509306970109	444.2081925089887	2765.6388296490727	1421.8869093953072	-6224.980331542601	10.774354069811586
?	297.38578168282686	-170.59514193605028	75.30232245307381	-114.13687390285772	625.4649171896674	4118.893903691671	1193.770948834287	-4351.085185263602	13.824765562603664
?	289.641875653313	-409.7133309576467	66.2736942228229	-350.0026018034539	650.1528876935715	3018.1354057013273	1204.3326501321278	5262.901678844752	13.355750385887486
?	276.9001151349446	-496.3986318837619	57.80219236290118	-212.7206965240564	776.3716874747332	2598.5095383796533	1456.9160327765237	9347.640354607394	9.866653437337824
?	264.821944059125	-47.832190783563135	55.637659396620116	146.91277637053184	780.0783646125537	-5194.3762070137045	1671.7146678624958	2894.3510214536504	-1
?	274.50850559576645	-248.58687316654115	65.14783118142775	202.92874020769148	516.6528771240489	-3629.7903550231185	1601.6335838492057	-2608.5865224598774	11.152231450674858
?	252.39260040079796	-1146.7647898722153	65.78409640700465	74.19192006650802	598.5888468613985	718.7247404249549	1541.2853417395024	-1092.5474213309865	5.414020254933141
?	217.1702661021559	553.0535129929361	68.85742718475314	137.4197638227408	552.5891141452966	-1990.0246776214	1547.0062127826566	1475.9262011194148	3.522592249903797
?	280.04527605044467	1330.3932723230437	72.65508459814167	106.06980509593352	499.0876129803288	-3199.406610714923	1615.081651795473	-2357.9237172088224	3.5306952259439823
?	283.68992971830784	-5620.905521008914	74.16091743954979	-115.04436994021815	392.618783609551	2040.367350220959	1429.1100269222159	-3550.9238522183423	10.891806922540393
?	-1	74.29624015388781	66.90286610113078	-40.34490430897861	601.1059804913764	4376.516036821608	1437.5354591845564	686.5831943671152	-0.3064663246906679
?	287.4047417260022	5548.690552014044	72.14367222410087	225.96032649827146	611.4445854506306	-832.1301725743122	1463.4391866405715	1384.2130915352395	4.023019390042436
?	276.43452760070124	-153.8840194974176	78.20088242604432	4.867836228156665	559.4994718626609	-561.5470784088982	1506.7461137613182	2158.387865429498	16.050015788287833
?	279.71054075113136	105.90308689667759	72.3870640355087	-133.07097759825913	583.3672315301858	582.3530412123544	1571.358579912046	-168.54538908417513	18.091741768064786
?	281.7296819455351	-113.1057127517617	71.54733354613138	-15.573017594979659	588.6171239232785	113.546399788418	1498.3188443071094	-6327.611798779512	20.3676721794228
?	274.0552551135433	-159.61441093075848	71.60841315575972	5.155561515299515	589.0445515196067	1536.8271924358723	1254.9779899730715	-6653.4309035087435	16.52391875007168
?	273.7489613989972	-297.5857962212114	71.80511162189636	-91.34262997091814	665.4584835450719	-4834.418456613363	1165.6472991316734	2953.8368608990518	16.81979717537407
?	259.1759653024828	-71.03857625113531	67.04128165721383	28.379758426252792	347.3236286889394	-3862.2033452750147	1402.6698330180236	3112.608357617384	8.69344108126636
?	270.19703258644046	-60.716434874952014	73.224099543209	187.03933498271832	472.34831628132184	3697.990603859914	1321.277717012542	-2874.5187256797417	12.909829361994237
?	256.1401435587352	-1097.7023672708458	76.39324840634971	-94.56929155303988	532.2231588819344	3278.9335259235863	1258.943896734037	5438.662144736082	16.08059308416094
?	215.31191422289837	-427.2624090470877	68.49563496555702	-148.79908544110745	636.2949925775006	283.37484948506574	1593.2108242493453	5132.190814827804	1.1827262167257357
?	234.77702310638088	931.3405638498573	68.95329413429437	120.59752596432403	546.3919013561877	-2545.336493832343	1515.5534374754263	2272.5727233949547	3.0952838627098167
?	261.87894241539107	11.193916718316398	74.5255112637732	30.779591595577468	509.0281678858839	-3282.2234146286237	1706.8394604190926	4655.495428630123	13.068158305340797
?	235.3367189422967	-1253.132867732777	70.49227371407324	-182.80354931859344	382.28073062475704	2434.828286219191	1748.3282089069316	205.56109792409262	7.772580579213612
?	199.22229902875245	-4726.734378845951	65.38533379784356	10.790845942655704	630.769582196843	8000.371687862612	1717.1175153152972	386.15509261689704	2.109953098660782
?	-1	1393.274565231041	71.03181601120602	234.82347853670544	782.2993150178862	-2977.725170654117	1767.6359635377764	-1402.4148164933426	-2.3371680136933746
?	268.88602729030424	5119.573229624741	77.12650772467879	55.46203246323918	481.88332366413766	-5500.833322770714	1646.9967744906303	-2231.1394431308313	5.269552992846795
?	254.97866148123612	-443.3871229957434	73.80491763436797	-150.30195911507715	507.25764887935145	208.94185083065923	1656.0789913812353	-4433.8939367519215	15.862073879433709
?	246.71667114051715	-127.21476685983293	69.61140976892496	-15.720176106679046	492.3304162056706	2586.4942941684126	1425.302077653035	-11058.120709562843	11.889342120201636
?	248.6179231382445	194.49900824878011	73.01890882903402	102.81318148746843	636.5823635877716	4374.792352007126	1103.172955903095	-8497.231088896302	14.28986326323589
?	256.4416215529561	307.8250341462495	74.75206884329836	43.68682348404364	711.0700338060261	1667.1337886644678	1000.4405232082214	-2210.089124033478	13.271803807318879
?	264.0091748455569	339.65719943260984	75.20325000323619	24.170147010021395	719.9390530209947	-927.0740979623735	992.6684997014215	980.8101490337562	15.96071359743271
?	273.42448152458655	346.74897447341675	75.96057619379943	-54.02065117195709	664.7163289079076	-2698.9491976893673	1049.481030659909	4224.769785572004	14.388601784761471
?	281.3466235692277	-5488.48963049175	72.50221744463835	-434.73332472653294	584.9915931365268	902.2425144635517	1203.906988980021	8023.746753055471	12.080092777590155
?	-1	-5646.932471384574	54.223909957472856	-376.2608486762809	709.828454631085	4511.205856577644	1450.6683683126812	10372.37964928765	-1
?	-1	0	53.68917501082437	38.381805258789534	810.5518859654083	1898.2222998549787	1722.5259714444016	3662.651817897799	-1
?	-1	0	56.143000220412326	60.36777067784918	804.7395696238336	-873.3270795655502	1633.8009592075705	-3610.2945748180027	-1
?	-1	0	56.70756354471682	75.98716430150573	766.8855319871309	-1337.9930857934644	1542.0112427035021	17.470454804783973	-1
?	-1	0	59.9423584354876	191.51526460495785	737.8399153341607	-2666.6809272858204	1634.6744819478097	1745.491164285401	-1
?	-1	0	66.28332677496468	47.941773512819765	633.5514856228404	-941.5464698084553	1629.285800917772	2527.608815075314	-0.7310259703557376
?	-1	0	62.33944711112858	-136.68589478291514	690.762591843738	20.460416965625043	1761.054922701575	-192.93455245423115	-0.890679508231557
?	-1	4847.48143294891	59.449032035818945	-13.6439767367519	634.5745064711216	-1622.456877029091	1619.6390732950604	-5385.637689620254	-1
?	241.37407164744465	4609.09018660453	61.657248274290986	348.4097012169208	609.6397479922838	-3503.2621292981444	1491.7730382205632	1871.051975481366	-1
?	229.45450933022568	-756.6984684897107	76.86951709666492	-158.85519834166587	459.411400006215	-938.0167587323796	1713.1916720691283	-2831.5885814134353	10.77209207256021
?	203.53914822295926	-4609.09018660453	53.71448835720772	-509.050987114651	562.738910055665	4208.898886087431	1350.193609149892	-4058.9219999596307	-1
?	-1	1377.6994710450717	51.41696774093246	149.4177942354352	669.8563443105858	-1008.8651102811777	1510.2455720711475	5268.401544904469	-1
?	272.4241217752126	5061.83769342951	61.18537806897945	516.0528669313378	512.2956545416063	-8014.193857247638	1613.6136863951144	4453.3409996680275	8.884733878343713
?	252.09188467147462	-492.7025850335793	77.21961108749926	333.62487818786593	269.14665144820526	-4391.442492030825	1732.9126220545481	2661.5499655631315	18.402756763009002
?	247.78899252353372	-222.40161145754962	77.86662197837269	4.829911338798655	292.7235299400658	3651.6015265688743	1746.6911846732705	-4536.79054506117	20.23216797553102
?	240.97180409859718	-423.5568201619865	77.46110665443919	-29.886798451150405	451.7267277766483	3391.107817379818	1506.0730948014905	-7372.472644147928	14.748241356215221
?	226.61115151543447	-388.2981425503484	76.37228205581518	-153.65530367703028	462.2789208090561	252.60063109114049	1378.0675524658755	-3578.02645695478	17.843458127162872
?	221.55689697107982	-153.53853341935573	69.7783414705877	-160.60511952081015	464.3567593312053	70.68451520620468	1327.171771953752	112.13751955858737	22.290554676476205
?	218.9342248444667	-182.3189494802609	68.3420260797747	-1.2830727941522515	465.8131465693663	-541.619227360654	1383.6744284438048	2570.596034897171	21.78644177455933
?	212.4409494970668	-129.66180581158812	69.71418783088009	-80.46323680575028	437.2757979631727	-2885.6077764136535	1455.7015736986102	2645.7143288826915	19.60421274173482
?	212.45113455388733	554.9645416336787	64.3188642394872	-58.49035289038077	321.53275774868416	-1859.875473317246	1515.960144887939	4209.165358997426	11.356121955145213
?	240.18917657875065	862.6143151154778	66.78967018636106	149.3771826985039	344.2820242973107	1764.5351841343866	1666.1598416484808	4066.7271793375776	10.185056775064561
?	255.58185030966106	356.74689942172176	71.78772337441237	157.74580939842053	409.75951695540317	671.152430428116	1719.296503854817	1966.701997325779	13.240755270764714
?	258.0265215498367	-366.41618264118125	74.67696065628206	81.86895077023763	377.8396458187164	-2369.826540149713	1764.4949415147694	2921.3282648552163	15.179930512600532
?	237.26104117760207	-1009.3070786279636	75.88117091292423	-24.4833854122721	291.26818994791796	12391.13839536082	1865.3629170975773	6626.701652221214	10.119308265676757
?	207.56116761843867	-54.84743159485978	73.45279138566846	33.04879625173482	997.3965655867553	5786.325844335473	2095.830024125829	-5251.731163623559	1.4433317475952208
?	234.5186695978591	831.458477915241	77.53361072551097	43.27713669056679	580.5844821646906	-8960.378151940473	1602.7763589164003	-21461.866041460093	5.269392400071359
?	249.13409151420058	-454.9236549488113	75.6166482201968	-321.71020402950916	549.3776579897333	-544.2443514430485	1022.7367220528282	-1453.6190298807658	15.84467767120321
?	211.7724868504186	-5002.681830284029	61.44810052403557	-305.84028190653436	553.3722645925383	1159.5826318419922	1530.0954074223623	16560.908679458324	7.857363607751285
?	-1	818.7131553659842	60.32463412487013	48.83819619548761	607.3567895818327	4626.920048054003	1850.7821560257414	3726.6436757136507	2.2413264984918784
?	252.7081446187184	4894.428299337107	63.89001033380998	289.6768291756904	784.7182669952417	-2470.439465625759	1716.4275912080475	-13704.224103561988	-0.4236840130856301
?	243.72141496685884	-570.4528169752756	74.80847558365485	177.16729875567924	483.83481630054297	-8219.155698155879	1165.5709508476323	-10696.607092046244	11.053410019140529
?	224.1855037699542	-341.9827986214298	72.74837527159407	-15.135282569658058	373.76048208744197	-823.0537920849084	1181.5972366057276	5.2119634871313965	13.211822112896035
?	226.6222750357871	35.1054199399352	74.05171145517194	24.700343681198763	442.68212669629696	1702.7680050537	1165.8315490219888	4178.966358729199	12.82078087315981
?	225.940774766951	-74.34354516401365	73.98339245565403	-24.89560608375875	458.8988823401282	-559.2898644989725	1390.5455545421905	6092.049171562553	13.32723628457149
?	222.90509777758638	125.77097433367774	72.80693115098399	76.50425092884295	414.71763347134794	2724.802025429518	1470.4340076001208	-3932.7947772689445	6.170669067531583
?	232.22932348363497	126.83201608604624	77.80860500209623	44.85054122627609	595.138983611606	2390.1089157959054	1193.9058156787405	-6461.672738711044	12.46688539716278
?	229.24669858188878	214.42206699800104	75.04945821229782	-138.14668629897827	534.2230792611449	-3157.311856034385	1147.350370664564	1089.6350447964305	16.083726097972296
?	242.95042683353518	460.56140480751964	70.90127068714722	-1.5131660433706668	437.2733908098845	-1513.0828504852082	1248.3875679185628	395.4977812226105	11.67299007777442
?	252.2747688222651	-117.66844589289579	74.97379991012929	142.0829899257745	458.5689367368834	1177.950322150439	1167.1252597256948	-5351.79764797289	16.526903353758858
?	237.0670045388903	-576.809600576797	78.00542018343604	20.00236345869297	496.1709069174073	835.4230369780528	980.7976855199145	-1132.3983432741372	16.645151515220693
?	223.43428879342483	-550.2567592790389	75.97391808306395	-15.689425623541585	500.34008858578665	-1416.3601541594599	1110.5053425619872	8653.504395024533	15.632383257963951
?	209.55416657493797	-366.165517948932	77.22094890225895	-166.66210657178786	425.3528992094333	-2282.0472364243637	1413.4729052711473	8756.633586084512	16.690369250958234
?	205.12601289597796	-33.99922829458157	67.64081275447444	-59.154742184645684	386.23772676456684	233.36193260328523	1548.337021866219	1656.6455454746292	12.399039032885499
?	207.85420516020886	-357.261087512668	74.26321179302663	14.09317800244517	437.02099583959773	3371.622525867709	1496.30518254488	-3069.605100049582	11.713941358425192
?	187.2629585203443	-4177.084103204118	68.34547165459671	-165.39866350035928	554.8188530579547	8411.232432508848	1394.8567668637377	652.5726861374913	9.205083989380377
?	-1	1320.1418591671352	65.99327861800855	143.0049574620241	857.5826174650462	-296.86847195602274	1528.933816851755	3600.0880404570885	-0.7003094356302354
?	253.27005147870202	5291.96878340826	75.49571952769801	163.42281179895588	539.9754294601534	-6751.750515513956	1574.8611688865947	240.90679443935755	7.629341267418877
?	263.5984391704167	-573.4611148886368	74.16441920795646	-271.5695007766732	519.9950916893436	-5487.7355571460585	1540.979156573723	-4173.4247840943135	14.825840941232286
?	224.59699573426977	-609.8841802484758	61.91724448886416	-71.27512751534012	265.58865160284654	-1951.5860918857147	1366.189929681876	-151.85279542721457	-1
?	233.1042301579925	267.59649873323286	70.6006628321894	224.32655291395898	422.41578709505643	7462.889570875307	1533.3865168023622	3722.6225724840942	9.98496761396407
?	237.9768206709316	-269.2440943264468	73.13357213456227	-19.345127129838044	638.7331301466172	2690.2900266326656	1552.3210583060834	1261.632809379653	13.29500528419213
?	219.64202544166997	-976.0033382561259	69.63340647569748	-126.27897560767187	556.9302884266916	4736.629008826924	1596.4681572713457	6037.713085378201	10.005989372489893
?	189.17665375812462	-44.50608869966111	66.81962335417859	76.88326640006157	875.5645805879668	-245.44405420261333	1854.2067125749977	-4410.719146144989	1.2019803882864057
?	217.41672100668688	389.31790981110015	73.47756979570062	173.39532837376092	544.6580857165608	-9222.735253396926	1375.9321999640931	-11810.388826212293	8.732607885024072
?	208.6425492486799	-253.75151515895575	75.48938977286676	66.45596321187261	414.427817918114	-2807.1671701875744	1263.6872712643747	-1477.2628316664277	11.549515433347636
?	204.72914524873892	391.6900488430322	76.8003679562943	-15.542856006252698	404.29972720718007	2953.9889341518474	1302.0690583807707	844.6306660919952	10.667081412909093
?	228.2270516908318	-908.0470573638958	74.71224697255411	-82.52001183623885	562.1272646257085	4457.790827960582	1305.918804568975	3757.0715752432684	1.3923732062333598
?	159.32679238054348	-569.3603347268651	72.6743673644823	12.26121867367237	627.1892686052123	-338.6995402583122	1489.9226371429368	5105.659814243186	0.22810049572823873
?	199.75903495448813	2029.3405363160948	75.32530790623774	104.95660916996336	545.1922876127926	-4950.4241624007755	1561.201795281138	-3537.662065541435	1.4042879053791677
?	260.79381919634966	902.1150892127931	77.92219782298054	-101.98291152367486	379.66806048517003	188.29455202255946	1313.0395338658625	-5619.340183090041	5.139431119452754
?	244.86478941512843	-5235.876383926919	70.22616233005392	-206.83867555346373	554.6070152139207	4848.233938203338	1280.234786126632	-554.3440708490938	1.9492409297974187
?	-1	365.23753300251934	67.5802640453072	106.49110025261982	622.0797573953404	-413.948583184616	1285.3223303234074	-3331.61988374716	0.6186171511596154
?	263.12666606525465	5112.987357559835	75.55071734268499	137.98659861661181	533.9095860546896	-3939.3360752233057	1113.6537919392715	-3051.2067464629376	4.833996878082491
?	254.6493678779954	-234.21823818660536	74.47959397613789	-35.43339010658037	425.1129536341723	-898.7017238313738	1132.7619930002584	5143.990841119744	4.27346888332592
?	251.41575415592422	-18.642114147906188	73.77904783735595	46.324780491275895	488.9744998631203	1749.689825605292	1370.8533339952623	3919.0223099770847	4.386020354131487
?	253.71726217060007	9.593389470266379	76.79583300070172	-91.52319572063487	512.5974449144381	914.4391005445398	1328.7131084991154	333.7046245881127	10.237223174108621
?	251.89542362943754	-5094.345243411929	69.20288805132414	-186.73479250172582	534.6964548903479	932.5243973850369	1387.5385652246682	-1755.2125611403403	-0.15659607340280512
?	-1	-5037.90847258868	67.4590933756153	-1384.0577610264631	559.2236647836907	-10693.929097806806	1240.952480442097	-27750.77130449297	-0.8211443572952624
