rowLabel	avP	dP	avI	dI	f1	dF1	f2	dF2	h
?	99.01236522773331	1933.0394202551797	68.88879389959834	1296.4936515664078	740.174922976071	13525.126165168462	1213.4444119732811	29365.35993748678	8.176858751309139
?	96.65197101275899	-2000.2473045546662	64.82468257832039	-61.80823908336379	676.2563082584231	4016.2251830209243	1468.2679968743391	12608.45117574457	0.7419318561381796
?	-1	7862.934420652316	65.79838194543015	104.6770584829687	940.9861821271172	4215.623513545184	1843.8669707605097	8408.206193000338	1.6340922748070963
?	489.79869204537493	2026.1609939094492	70.05853550246883	-14.572137652991731	887.0374839356824	-4985.403214105312	1888.6783065243562	-10904.711368985289	4.033407480631984
?	100.30804969547243	-7750.6477284091325	65.06977506278057	-50.96037906849803	691.7160214218517	-4495.113610216889	1298.6314023112454	-19445.048735223652	0.5434087882936944
?	102.26630562491843	-62.04013395909898	67.51051654904393	-46.95047582810788	662.281803424838	-4029.349939072423	916.4258697631738	-3099.7361838405195	6.122224238276766
?	97.20604299751749	-174.18753551843227	62.72225127137517	-130.5146630641936	490.2485244682306	-2643.352459489086	1143.6445931192195	13398.721952036516	3.438256391574459
?	93.55692884899682	-111.1607172660189	60.98478339583425	-63.13263912822323	530.1141804503837	-1723.9496135027189	1586.3619673649994	11314.983375065929	3.028601489426145
?	91.64800713421654	-1891.1385769799367	59.56561931496401	-139.8798188582862	404.05104379309466	-1944.8383832394761	1709.3937618725158	-1264.708718172997	5.1669178246186265
?	-1	-1852.9601426843312	53.99079245291994	-118.91048539241953	432.87226128840996	716.2527927055477	1523.1265314563495	133.07003848039588	-1
?	-1	0	53.620095045343035	36.28438039285992	439.86368342837204	5131.636923637572	1716.0472637965356	6980.413796963801	-1
?	-1	2019.488943279955	55.80501147256294	346.45688041189516	689.4541074702888	5429.583668799853	1872.14722130454	4440.647863170981	4.2930411035028975
?	99.97444716399784	1913.0911943659987	70.94293906593781	351.2005829764382	711.3428668683649	-5169.457480521409	1938.0796569550848	-2473.7813922686314	2.5258897490948398
?	94.65455971830002	-2019.488943279955	73.36504062138486	-300.3825355794487	430.98123344421816	-5108.229446623251	1748.4581516911082	-4783.488381823504	2.8629668124825893
?	-1	-1913.0911943659987	55.92381228696536	-331.4433284466092	455.93139453720215	3856.5088207149506	1698.9052378639094	-681.6807821843935	-0.42738456448170725
?	-1	5898.249990977336	56.79287419905439	235.63253669348776	623.8066744799659	1142.8457907911277	1714.3741125818885	16.61036962314482	-0.23234218976319665
?	293.91249954886706	5974.034268854322	67.70543912163976	-14.329758503541813	513.0736840767586	-4729.517121649942	1699.7357563450666	-831.5151938935644	4.920721835498951
?	297.70171344271637	-5898.249990977336	56.0763862738773	-135.63831954480793	387.33081839746853	813.9017335088231	1672.7983528872103	1288.6931999516798	-1
?	-1	-3587.4383857427733	60.923523144399354	351.3792994817119	553.7687707521998	400.93803646028584	1764.1704163426507	6480.982156708691	2.105571307483091
?	118.32979415557752	2865.690244706571	73.6453512479629	186.80354004043946	407.37772022048284	-4188.597185012996	1996.847460722645	4107.516552037328	4.541602834746842
?	142.28451223532835	-2386.595883111548	70.26370014642131	-415.8971171091634	344.33891150155023	472.62411055853437	1969.5462439445168	-3750.358457645531	7.471704253328946
?	-1	-2865.6902447065645	52.85049539250472	-390.439697254267	431.0089257484096	2470.0384976143664	1809.3295378403684	-4150.787760748341	-1
?	-1	0	50.74171528370795	291.43323832804117	467.84083638226866	8991.268805521424	1762.0068559070996	596.2450984795981	-1
?	-1	7061.024542186371	67.42215730890679	272.97768177179455	880.5723660244812	3232.922627840198	1839.1417927643483	4147.504597055209	1.3377692972297712
?	352.05122710931886	4617.56396302075	64.39059937229769	-145.23613218513972	629.4869677742787	-8853.574614110292	1969.3820857598603	1423.855641702738	3.6502429785952053
?	229.8781981510377	-4761.664253415549	60.1603506996498	-109.21942899054916	437.89363531896623	-4028.0972612286473	1910.3345748494853	-2872.302929928789	2.648737275631581
?	113.96801443854119	-4617.56396302075	58.92962792277022	60.7620806280388	428.08210471284616	1541.795371667624	1825.7669392634207	-2022.9095012641237	-1
?	-1	-2299.3602887708216	63.19845473105174	32.2213962214735	514.9834039023475	3668.876523020865	1809.189099786279	-1129.9285818937224	6.093790219549355
?	-1	0	60.5406977338439	-76.68581699605333	611.5259308638896	5585.068059923469	1769.2705101687345	-2833.936322274937	-1
?	-1	0	59.36416388124907	-134.06796478759975	794.2368068985212	2919.520303116853	1667.492283672532	-3284.0557673512485	-1
?	-1	0	53.837299494463906	-283.98583062306903	757.5019460197324	-3285.913323277104	1605.067721801172	-1552.942330763693	-1
?	-1	0	45.16487235009561	-64.79084771591894	629.9411407346659	-2108.382899154199	1589.8451671343473	-1978.9842425129682	-1
?	-1	2016.2384085007343	50.597757108667956	439.4901058681383	652.0828010620223	-5445.653176047087	1506.1185096755235	2845.5252686779177	-1
?	99.8119204250368	2118.4688618031437	67.13937764350254	496.4786079073667	357.65848193231125	-5287.261534036748	1732.1214305682433	10308.250654465395	6.555206732112512
?	104.92344309015728	52.643372490403756	75.42168750403631	176.6887287476389	387.71972436018467	4996.530768232849	2021.5310423987937	814.9424082444414	5.2875141328244295
?	102.444089049557	-2118.4688618031437	75.9738140808845	-8.842628459390475	607.4850203439539	6980.686441671471	1772.8685509804654	-8254.417494327356	1.2379307653339393
?	-1	-2068.881780991138	74.97955608106679	-254.12917378511983	736.7540464437585	2031.6294071730345	1608.8101676824256	-2921.5582308202665	-0.044863490953195154
?	-1	0	63.26735539162849	-441.95383349210306	709.0664907026057	324.5503181259389	1626.790639439452	228.02197112137472	3.5235031295006576
?	-1	2325.285730313824	52.88186440646162	16.40799024034534	752.9815623500555	-1538.0095791514314	1620.2112662384943	-11192.2068706689	-1
?	115.26428651569131	2239.3815244745138	64.08775490364576	141.779223712634	632.1660117450341	-1796.2294714489117	1067.1802959060064	-4241.062902029086	6.055132302647763
?	110.96907622372528	-44.52022722644004	59.97082559209329	-2.552272698961824	663.1700887776102	2658.6340167645953	1408.1581211370408	10166.727766088325	0.8452052506656163
?	113.03827515436932	17.785677218854296	63.96014126869767	140.8735010667396	765.0977125832634	-2453.5085219050434	1575.5166842104209	-2006.5108757876876	1.2509517792329121
?	111.85836008466799	-2280.7655030873943	67.01450064543025	-247.6634402105225	540.4946626823585	-3410.810522993255	1307.8325773476568	-3528.948018915011	2.7213122215498746
?	-1	-207.24115907074963	51.57696925817159	-81.49048401547816	594.5571864336013	2870.958053802611	1399.069283264671	-125.79529251734174	-1
?	101.49630213113055	2038.399562870631	62.93997644465635	324.54130279710057	684.0425653724885	-3611.39545535881	1301.5428127217897	1913.0574092764869	3.086793504756243
?	100.91997814353118	-71.40055758581636	67.80403439802656	24.756197065312993	413.9874136656614	-6680.605182654181	1494.722153728495	12176.531616289423	4.644030210548286
?	97.92627425183974	-2038.399562870631	64.177786297922	-393.6423159869665	350.0123062397807	1548.3282127307584	1910.3693935362587	2263.6462422559944	7.279765011833443
?	-1	-1978.525485036802	48.121918598678306	-217.38351686085187	491.40382430219904	6051.293434632718	1607.9044658412943	-4855.67886176926	-1
?	-1	0	53.30861045487944	261.6625351164162	652.5769779714155	-1092.9116424334409	1667.5854504477966	8463.73168954962	-1
?	-1	0	61.20504535449907	52.60339462381357	436.7582421805272	-401.21632821227337	2031.0910503187738	2958.6519143857836	3.254181383607976
?	-1	0	55.93878018607011	-159.60949323449697	632.516161560802	4855.576812793739	1815.5180461670852	-8310.02942075432	-1
?	-1	0	53.22457069277425	151.2947642641866	679.5370828202133	-2960.5751175672394	1615.5895792810593	-6520.179752857084	-1
?	-1	0	63.503518399279415	209.2426549126711	484.4874056824405	3313.8898480845073	1489.5090585242322	2333.8241751145497	4.185394944318005
?	-1	0	63.68670343840777	-63.12875352152412	845.2315752244381	6591.219350215373	1732.2807880367864	-3018.205853701981	4.821494034895466
?	-1	1772.0285235615618	60.34708072320322	-35.691052066377566	814.048373193208	-6018.090079050854	1338.5987658391336	-10351.60255401508	-0.2605798492858029
?	87.60142617807777	0	61.9021508350889	-231.19663279861226	544.3270712718964	-5084.613714812417	1214.7006603360342	5243.539904229078	5.8361026150211
?	-1	-1772.0285235615618	48.78724908327265	-123.72287550779093	559.8176874525881	4423.228867099306	1600.7757610505867	8856.993493009577	-1
?	-1	2269.397079332162	55.71600705969937	573.6374893963207	765.4885146268609	1521.6439500304714	1657.5503349865114	-10369.041302732994	-3.191002134043972
?	112.4698539666077	2198.801908431433	77.46912355308858	378.9428402911816	635.8998849541114	-1901.3004363114032	1082.3236959139388	-9708.147401170138	5.017993522065098
?	108.94009542157126	-84.93282007946364	74.66314907425839	-229.4175014660706	670.4234928112911	-662.239975346995	1172.1429649280062	5256.759159743093	12.576710994568154
?	108.22321296263453	-2198.801908431433	65.99824847978509	-491.7475812973476	602.7878861867617	-515.808844578225	1345.1616539010924	3265.2431804741154	5.7907335891774805
?	-1	-188.10088349662362	50.07577000939109	-138.32836461131868	644.63305058238	-3252.8308558673975	1335.4051239517114	8617.369417528033	-1
?	98.81816878780339	1898.9780388611332	59.08183024921918	228.64935881285743	440.14634339339244	-4509.304613041771	1776.0301247774926	14067.599076610963	-1
?	93.94890194305633	-131.97541444149226	61.50823795003392	83.18015766329368	419.16781993029224	-520.7027137077564	2038.785077782257	6125.647237534239	-1
?	92.2193980657288	-88.72143876787166	63.24083813238385	34.542898168112096	414.1112077080047	-181.9604713448184	2082.3124866542034	1199.367061511575	9.939543673644993
?	89.51283000466276	-116.53849610568541	63.23538285843952	7.329444155254973	410.06979636305135	140.81237723745568	2098.7534308578356	-595.2158200778671	8.85264800794707
?	86.39247326044455	-93.85951574641102	63.6073103401466	0.8050237338054018	421.15182656987747	502.96765123508357	2052.55169565031	-4554.825448483351	7.429147568796451
?	84.81985421734223	-13.013241264289992	63.27563404512979	-91.33669269235573	435.21817892480544	-399.909357237249	1871.012158433669	-7991.672060456955	6.6391154881174375
?	85.74181119723005	21.16584030156709	59.04047570552883	-94.844678588097	401.1563587080151	2597.780828520222	1652.9680926274639	-5384.592905136206	-1
?	85.87814623242058	604.2023134522175	58.53340011572496	100.09319334264767	565.1072203508161	6003.778073775235	1601.7825131768595	-1385.5045074196964	-1
?	115.95192686984082	562.3199587662867	64.04513537266119	375.63344561782276	701.3452623967758	-1588.7743231512457	1583.6928672564793	-9803.710658879207	2.6550903376958703
?	113.99414417073481	-208.09054631534894	77.31507239661603	92.41853347177543	485.6685041932541	-5007.035792061958	1111.596980232901	-9649.281674878446	9.547038916371122
?	105.54739955407341	-181.0510282391929	68.66606204624995	-309.27838971864327	450.99347279367873	-1397.64895411028	1101.2287835125587	3312.5376790140654	5.130477143479049
?	104.9415927587752	-158.89869058640272	61.85115291068392	-252.53738164571166	415.7860564877403	164.20622482976742	1277.2238641836036	2528.93733758533	6.71693224775118
?	97.6024650247533	-2118.8318551755115	56.03919296396441	-246.44153039294824	459.2037840351671	2564.4644753519083	1227.6756503918248	3651.519580414501	-1
?	-1	197.2326863256545	49.529076391036554	44.220812419669514	544.0092802553353	854.1156137309005	1459.799843204328	-3915.7880831458265	-1
?	107.46409934103599	2141.2188660872184	58.25023358494788	137.90925451290312	501.90956472171194	-1893.234620420426	1031.8862462345342	408.97064934346565	10.247552867631013
?	106.06094330436053	-2169.2819868207275	56.424539116681686	178.9385130152417	449.34754923431433	-70.28460391963134	1480.2483756715012	16106.970565668706	-1
?	-1	-2141.2188660872184	67.19715923570993	196.3996359854231	498.3953345257304	7075.828237504059	1837.2347745179666	5276.126016613299	2.076264660325674
?	-1	0	66.2445209159528	-43.770597561298686	803.138961109516	8460.202455553248	1744.0546765021652	-4108.137312741543	1.446051859235732
?	-1	2051.6181294878193	65.008629357645	132.55525734350974	921.4054573033912	-3009.3180425558053	1631.8279088808902	-10366.332263704731	0.34687612413734314
?	101.58090647439059	1862.1196364911564	72.87228378312827	-41.92039803658205	652.6730589817263	-8253.759324122255	1225.7380633169305	-7430.241314160825	2.882804273408067
?	92.10598182455749	-170.38294060407966	62.91260945581591	-234.19670244587135	508.71749109728	-2436.3115420412505	1260.3158431728502	4982.787181254029	1.711556796995509
?	93.06175944418663	-44.449025970851196	61.16244866083474	107.49311969418027	530.8574818796642	-1276.5276434282919	1474.877422379631	2070.8563680620346	-1.3330833992408735
?	89.88353052601494	-96.51720678545507	68.2872654405249	17.858620087514574	444.89110892586564	-1773.6373976687305	1363.8586615759516	-4672.975201987613	5.888523550033394
?	88.2358991049139	-1817.6706105203052	62.05537966521047	152.7734560903573	442.175611996228	5411.343450734304	1241.2286622802512	-4146.07994823985	7.026551661142369
?	-1	-1784.7179820982842	75.92593824504274	83.60215607041256	715.4582814625799	9149.865032184644	1156.5546641639598	5747.800643058078	0.5245548049514658
?	-1	0	66.23548746873108	-402.61549874407524	899.6688636054586	4818.540251908625	1528.6186944331541	9306.169467433494	-1.370510981877329
?	-1	0	55.795163307839054	-131.9282037206496	956.3852940580102	-3586.21183024898	1621.8631375356329	5340.595346544843	-1
?	-1	2049.573397001559	59.63907728269862	206.9852689539488	720.3582720930102	-10559.455050910898	1795.6484617603953	2441.4622501945673	1.7617549862174784
?	101.47866985007758	0	66.14442675553646	-230.54670022403582	428.41254151246716	-3467.6651209085535	1743.9362500453608	-3077.496874963278	6.519568323116869
?	-1	-2049.573397001559	48.11174227149687	-260.58964111205364	546.9750160475832	5475.569239483857	1641.773618012232	-2228.290382509334	-1
?	-1	2737.076325725822	53.11494469993382	274.8254632629526	702.191003486659	-3179.6631972427085	1632.5217309198945	88.42565100433635	-1
?	135.8538162862906	2687.0745911712593	61.853015434644455	140.81208214597575	387.9918561854483	-3180.0583944707296	1646.1949005624488	-2998.5457238103404	6.143612757527927
?	133.3537295585625	-2737.076325725822	60.155548807232584	-13.222783827507147	543.1880837631231	10565.237104345963	1482.594444729378	2608.9452133137956	-0.8019679465908857
?	-1	-2687.0745911712593	61.1918762432691	-0.40579074741984444	916.2537114027446	3484.8419579226434	1776.642161228138	2165.39481306634	2.378717251051721
?	-1	0	60.13525926986159	138.8752333039563	717.4301816592547	-65.70537945996898	1590.8641853826946	-3496.7098758494953	-1
?	-1	1951.3149058474955	68.13563790846689	102.70360288172108	912.9684424297461	86.55239007977374	1601.806667435664	-9070.531823554165	7.228944403529835
?	96.56574529237443	1847.722441925756	65.27043941394763	-64.65177350493002	721.7578011632434	-6615.877181554539	1137.337594204988	-9668.385995676288	3.379522569560487
?	91.38612209628747	-134.13862374609712	64.9030492332204	-60.93608184801262	582.1745833520204	-4242.242613284284	1118.3873676518513	9121.043992661544	4.708418594567704
?	89.8588141050696	-83.09941838184672	62.22363532154701	66.29509797718693	509.6456704990299	-3035.9119339638305	1593.3897938380635	15428.131327564124	-0.11624961277509747
?	87.23115117719514	-1817.1762821013983	68.21780413207974	-206.20705544106843	430.3789866538294	1058.499861626888	1889.7939340300547	4332.145746411672	4.358042948274163
?	-1	-1764.623023543909	51.91328254949362	17.405374285041606	562.5706635803741	3844.5054348708245	1809.9970811586463	-6226.9122649009605	-1
?	-1	0	69.08807284633181	245.17760777682628	622.6042583973699	6295.538705203773	1578.4483207850078	-5577.46553403788	1.2563405606389535
?	-1	0	64.17216293833489	-49.64335683494415	877.3475988405617	10493.15622944188	1531.1238044567533	3184.265579603027	-1.5250043063336671
?	-1	2183.2233164419813	66.60590500458461	31.472276686772997	1147.262069869462	-6376.641112632594	1737.6615997651586	-5121.5288656402845	3.6814357181083373
?	108.16116582209868	2086.6210174837324	65.74577677267354	-118.780969874623	558.5155432089331	-13362.486429509374	1275.04736117474	-4462.586388149231	4.015758561423512
?	103.33105087418626	-2183.2233164419813	60.666856510853485	-12.86525927430181	479.13774839399576	5347.882924906513	1514.5322803576978	8671.609383494073	4.561869052384249
?	-1	-195.6929554981907	65.10251380895845	209.55954681811167	825.9096894542578	2403.2322361135202	1708.627830349442	-5584.488115667925	3.50245090608253
?	93.54640309927676	1782.524533364206	71.14483385175903	5.9552966556217015	599.2993601996714	-5510.779394120002	1235.3078745743026	-6899.813738321656	2.1128246415079084
?	88.12622666820998	-98.30948849458117	65.40027864173953	3.5444970900715713	550.3707197482587	-2043.9363935447232	1363.6371434333605	10286.49723132764	1.8188616282567125
?	88.63092867454772	-1782.524533364206	71.32205870626261	90.70541867267569	497.10254052243556	4239.806169617265	1749.6327361406827	6290.993296591632	2.313261675235574
?	-1	-1792.6185734909607	69.9355495753733	-15.464180281757988	762.3610282291212	2697.39474683174	1678.186808262941	-727.5497922347521	-0.3177635081085694
?	-1	0	70.54884969217471	-123.24922978825926	631.9722778640221	-1555.7353240395728	1713.2552465289452	-897.3143947205867	1.0292981845990483
?	-1	0	63.77308808596036	-379.05633592373	684.5742620271428	258.28571693395907	1633.3210885269118	-1490.6561531737368	0.09791494005786977
?	-1	2170.1435871480694	51.59603289598828	120.96371443287978	644.88656371072	-495.3654152528856	1638.7224388702587	-11859.534712850596	-1
?	107.50717935740307	1987.3236395631818	69.82127380760433	243.5837841851854	659.8059912644986	2770.894990672269	1040.344352884384	-4775.440181878988	6.143760150445136
?	98.36618197815874	-2170.1435871480694	63.77522210524751	-93.74991819059834	783.431313244333	4208.7348647596955	1399.95042977631	10823.750995040447	1.8502526209036312
?	-1	-63.90535033636348	65.13377789807443	146.84475539685303	870.2427345024827	-5293.0908718248365	1581.5319026364045	896.1595484511404	0.2835484322254671
?	95.17091446134057	1945.105508465668	71.11745987509013	-168.89634899686686	518.7767696530921	-7937.549860048218	1444.758407198867	-2362.19551800113	4.190797878032255
?	96.25527542328305	59.81668371523533	56.688960448231114	-114.43112047292813	473.3652415000732	-3137.1907200084706	1463.4221267363484	9157.606064726411	-1
?	98.16174864710233	-1945.105508465668	65.39590385144375	-86.08668556644889	361.9172336526691	1699.85009260862	1902.6387104351859	2068.818145929643	5.38068433655338
?	-1	-1983.2349729420537	52.384626169908685	37.38837791728414	558.3577461305039	3326.9267857884647	1566.8630340328302	159.03159584763728	-1
?	-1	0	67.26532274730795	219.42643993533486	528.2635729420917	1723.2082938709407	1910.5902902275677	3846.3202355414114	4.397489880078189
?	-1	0	63.35594816667539	-78.71600886799328	644.5181608240506	11097.367209909857	1759.1790458099001	-5220.376047617342	0.8669534615780157
?	-1	8167.904298600352	63.3295223039083	120.46568947972631	1083.1319334375826	-985.6777783624478	1649.5714878467015	-9014.698995354502	-0.0511626791852006
?	407.39521493001615	8443.30145166243	69.37923264066168	34.63709059721649	595.2342719059284	-8626.455469876715	1308.4440960421766	-2381.646922203508	2.16672041867683
?	421.16507258312004	-8167.904298600352	65.06137683376912	-121.94550385885648	651.8091599437483	4312.46071630476	1530.4891417365266	10861.706515386039	2.215628996657951
?	-1	-8443.30145166243	63.28195744771888	67.71505618953536	810.8573077211656	5837.2375855945875	1851.5294218114766	8973.60750017121	-0.7236601398775948
?	-1	2117.9869842886924	68.44712964324587	275.60097500108907	943.6710392234767	-5350.284222214374	1979.1695167450855	-3900.603065287114	3.152404660644661
?	104.89934921443425	2264.2674228633377	77.06200619777329	122.75756808619762	543.3430966104479	-5605.093913302359	1656.4992685471216	-12035.112622163331	1.819539950256339
?	112.21337114316648	254.4923470254799	74.58500804755573	-213.75202964787425	663.4163435583597	-1005.9783661679263	1377.4138856369211	-5840.893543500668	3.807943036171225
?	117.6239665657082	-52.6148084756223	66.37440471537961	-252.964463964417	493.04417830205176	-3286.799837432721	1364.4545913720892	1402.1424960566997	7.2498705385339175
?	109.58263071938538	-2372.4793313141727	61.93678484933493	-376.7726677758731	499.07635168672425	1986.2403082471556	1447.5210104397559	2423.709810080945	6.7019847848480225
?	-1	-2211.6526143877154	47.53577132658602	-142.5370775943197	592.3561937144092	5093.573056146258	1485.640081876136	3053.3307879795047	-1
?	-1	9087.947301065622	54.80993096961897	393.6214958856699	753.7550044940363	9082.014318174553	1600.1875498387305	6361.738032609287	-1
?	453.3973650532795	9043.49689271738	67.21684612086945	259.1250508923252	1046.4569096231353	5847.322283476977	1803.7269835065993	4684.985144306641	1.852952702212806
?	451.1748446358674	-9087.947301065622	67.76618351423518	-83.58269111402238	1046.121118667884	-1632.6614202076726	1834.4368070540618	1744.7386286572616	2.5195615813612613
?	-1	-9043.49689271738	63.037711565168344	-302.9179230837622	964.823838612752	-3758.757798908841	1890.963914939462	1585.6218631864124	0.2708441643828119
?	-1	0	52.62028736004712	46.96153955354023	858.1832287224427	-6833.576360769211	1913.717900213382	208.8000651692899	-1
?	-1	0	65.38578854284535	249.5872206880715	623.1450205742926	-8905.966672779958	1901.4039181979265	-4755.83475147162	3.899306121217497
?	-1	0	65.09964839445065	42.55569882258883	412.8848950834464	2515.325259735041	1675.926162639802	-1252.8966918691913	1.636993235732767
?	-1	0	67.51357348397478	95.8835285430107	748.9112835610442	1787.8234384569084	1838.7590836044672	5423.90944425381	2.0122561678552944
?	-1	0	69.89382482160117	38.02528085335168	502.2760670062915	5132.6009203148715	1947.1216348524915	3082.095836676587	5.643649704789345
?	-1	2837.8606662141246	69.41483752664236	39.923827662919535	1005.5413295767869	2446.6749229468574	1992.863875438296	1298.28469128066	2.198223975242439
?	140.89303331070573	2745.9633597548104	71.89001620474714	8.564180978705766	624.6098131536339	-12181.488940556776	2012.0358694165243	-9046.366186758241	5.259182648943449
?	136.29816798774004	-69.78961791947451	69.84304657557765	96.64422413670741	396.4668825489502	-808.4194605290219	1540.5455661003855	-10002.72053577299	10.737085540639182
?	137.40355241473202	62.00648536544315	76.7222274115825	18.99590372286276	584.188840127183	4083.392159151085	1511.8998426278765	-1835.5781055889904	7.97996891247783
?	139.3984922560122	56.73610855857666	70.79284176172078	-300.22550994225605	600.6364905065037	-2896.5329130403416	1448.7666608209363	-3591.106906515378	8.96442112874846
?	140.24035784266084	-307.78113015993705	61.710951914469746	-261.6045094371952	439.3621944751664	-3563.9244245363125	1332.3444973021083	-4724.752595531129	8.367635193944262
?	124.00943574801539	-389.66726837392963	57.71261628986107	70.83473683077384	422.4402692796887	3287.4492764275	1212.5290310443806	-7677.331599453198	-1
?	120.75699442396443	209.5325311868051	65.25268875600843	166.91392694807536	603.7346582965408	4971.515613356349	948.4779173294497	-4744.048191491514	9.52599456436235
?	134.4860623073556	247.91899489837024	66.0583126372648	-116.35355933934447	671.0160499475053	1856.5489622260222	975.3266214698058	5839.617391568054	10.16835102586845
?	133.1529441688829	-723.835438666911	59.43501078904122	-157.8793263210592	696.5621064078416	1406.8100447765623	1240.4587869078514	13623.452500471602	5.305010447231519
?	98.29429037401019	-733.2150641279441	58.16434632121187	138.4291145642701	741.3565521863332	-6234.645460836107	1656.4992464933835	3911.279588341236	-4.756253718603717
?	96.49219096248582	-1.337408803855458	66.3564665172547	-96.62825517789335	384.82983336603735	-5904.57919917594	1436.0227663249125	-3122.9222475715433	6.556393562193562
?	98.22741993381742	322.03119395903315	53.33293356231722	-86.36384823293855	446.1275922275372	519.7028105149009	1500.3531341148068	4651.673941907077	-1
?	112.59375066043742	336.5497383904651	62.03827410560779	196.44271841722187	410.8149738917823	-1799.920825703751	1668.6064634202655	7953.4706248336315	4.116169182804154
?	115.05490685334061	-89.52258088442423	63.15506948317828	90.02328747446104	356.13155094235	1899.3234703160874	1898.026665356487	5962.41150150627	6.367218614977179
?	108.11762161621623	25.515020728234482	66.53943847933083	246.096629882168	505.78114740758633	441.11998997630326	1966.727038495578	-428.4092617430285	5.295273013641171
?	116.33065788975233	381.06406350705726	75.45990097728664	219.51437509365832	378.18755044116506	-1224.7357448184944	1876.6062022693357	-6538.528062654944	4.9398631665366874
?	127.17082479156936	301.1393160862539	77.5151572340139	-91.95320545284585	444.54436016666074	1855.8174252515912	1639.8006353628261	-5468.687357745225	10.981323884523853
?	131.38762369406524	-2563.416495831351	70.86224070464428	-322.1351787780055	470.97842170374594	3870.200209291448	1603.1718343820705	2435.2502272854936	6.788977185676856
?	-1	-2647.752473881267	61.40839829511339	-160.02692530838047	638.0543706312359	5409.404469239414	1761.5631467271025	3173.4037468262527	-1
?	-1	2059.6650395633246	62.86089443922514	221.44124195796945	741.4486451657205	-4407.67367537937	1761.8420217233854	-1244.940818278365	-1
?	101.98325197816769	1963.6006773694126	72.48046039301202	147.4318254474281	417.67068686226423	-6685.556888789348	1699.3161058131834	-13481.853282800885	5.141866037266626
?	97.18003386847202	67.73113805800693	70.23248571159665	-75.97602524172237	407.17080072624833	-271.4244362396546	1087.7493575833316	-11764.830606239526	11.534177748097926
?	105.36980888106808	121.52755325586295	68.68165913092585	-67.35326105222687	404.0994650502813	5748.44705623294	1111.0745755011988	12812.55910041702	6.452114027665603
?	103.25641153126526	-2127.3961776213314	66.86482265898526	-42.020947908268596	694.5931535378994	9457.502857627886	1728.3773126041917	14370.364328499878	4.116325544776039
?	-1	906.537047784275	66.58061173551239	-32.07456432225638	876.9746079316823	1660.3936224650934	1829.5927919262028	3393.029728131716	0.2783138300382586
?	148.58326392047965	2952.50616158516	65.26109444287242	85.1134995293426	777.6128346611553	-10238.473542898166	1898.02879901078	-164.22948924013093	1.1280114924015496
?	146.6253080792601	-141.36172802267734	70.83628671197958	180.31937478773727	365.0509307867667	-7174.707727139501	1821.3813174641962	2351.6002225977886	13.545193990400367
?	141.51517751934568	-376.7262896780753	74.27706318225941	82.0180837543671	418.8774483041751	3754.9278281838147	2015.608810140671	-7426.392042806168	12.353112073592902
?	127.78899359535606	-476.46152875603184	74.937190899698	21.634250249288957	552.7973221959601	4686.406734912895	1450.0617153238825	-16868.500015022517	5.127130249578363
?	117.69210108154375	-285.4910161579604	75.35877569472387	-38.23122660282027	653.1977850498232	3022.356074745499	1172.1838093895333	-6156.895938533898	13.5704248119935
?	113.51444278745784	-219.92581172597113	73.02562956955696	-86.79964517214405	703.9151259332372	1776.2012513550437	1142.2169183971832	-598.3542825290539	12.970311881541562
?	106.69581049524504	2613.0417853799363	71.01879343611661	-129.6173970730014	742.0078476175767	721.0107601689185	1142.2660952630802	-129.96069045736746	11.21923594450126
?	244.1665320564565	5315.06966395593	66.54475971590679	-124.25724844835707	739.9656639416836	36.021025547751776	1135.7188838743148	-286.5495289567075	2.9669299640151943
?	372.4492936930453	-751.9380607773117	64.80593101369867	52.46885390048288	743.8088988949643	-443.8811893152575	1127.9386188152446	-222.04968577200955	1.7468441981238403
?	206.5696290175904	-5251.222745862397	69.16820241093097	81.14447051420511	717.7716044759204	-2588.5710070584396	1124.6163995857141	2713.1441145443137	4.915414523353347
?	109.88815639992175	-1948.113960646758	68.86315453940898	15.604641599409836	614.3803485420405	-3400.0237730781005	1263.5958245424622	6715.314138480094	8.381325186225181
?	109.1639309852511	-2217.7631279984034	69.94843449090148	-41.23195228612785	547.770415822013	3494.334422162065	1460.3821065097236	5629.173688420289	3.167373907013192
?	-1	107.61574493542741	66.80155692510256	-7.156899874089686	789.0970696501462	-1849.4691001240753	1545.0545089634807	513.2212127324938	-1.0200114111512537
?	114.54471823202255	2259.499103301312	69.59058949719699	-64.05323418584908	455.2969608158079	-7464.1354317631185	1486.0431671463487	-419.7245817172765	6.691695452800468
?	111.97495516506721	-190.91256304681835	63.59889521581006	34.90368092053025	415.89029806198494	-493.3873572866922	1524.0682798776165	3447.0476386825667	9.464376306362125
?	104.9990900796815	-123.55972064729622	71.33577354322352	234.609528877671	430.62759295147293	-529.6147589954926	1658.3955490804794	7885.317848297129	6.591784999696383
?	105.79696913270232	42.857630440323035	75.32937165969378	-13.189982084860599	389.40956011220993	-1195.7061612404175	1918.3341722924786	4723.977043487135	8.083254969274876
?	107.14197160169768	-98.24303674003292	70.67627443898049	-310.1127038424222	370.8422848894512	203.372110775694	1894.5944012548396	-5396.738180023332	6.445265269665763
?	100.8848172957006	-62.821552989917066	59.823736467572445	-90.54825585675515	399.5781656509948	806.1072071835837	1648.4972632913082	-4939.013963322457	-1
?	104.00089395220178	87.35609421229431	66.14886164614266	256.1980103875857	411.14764524863097	444.6057351937446	1647.6437030887132	-94.43843719054578	8.947707813555358
?	105.25262200631538	-92.5678009113302	72.63363698695191	-12.139380230351376	421.8084524106823	95.54702948088311	1643.7753414317808	-9453.055340176508	9.02719354020336
?	99.3725039066352	-63.08802655247088	65.54189263462509	15.36711021964272	415.9249967226752	1351.0651158006922	1174.990936079881	-7374.9474024137635	7.757546542283351
?	102.09822067869179	-2007.4500781326756	73.40199249793406	-2.7443281879657953	489.3617082007179	7451.22054306674	1275.0279713110874	7752.823537929375	3.672309511690205
?	-1	-2061.9644135738063	65.4046762252268	-103.7461250301231	788.4860238760175	9717.389050862694	1562.6321129763553	9114.785623254018	-2.9350757239830334
?	-1	2083.694228764237	68.21468624642783	118.76639190838718	975.2311607438595	-2820.7957505821364	1730.7672524737948	-784.2867351459361	-1.1744517570054227
?	103.18471143821333	2025.1593179405866	71.34299582064624	-16.823124675748932	647.4462363469087	-3368.460390335242	1523.417776219058	-1103.4475234626032	5.414711902062939
?	100.25796589703077	-2083.694228764237	67.37353001264037	-20.790913237833582	806.808141227095	5442.7765557448965	1675.5948763006638	7515.730816479375	3.8382414622113115
?	-1	89.00131581632324	70.30345015875454	28.83608057522638	919.5850641341574	-2464.9735347877995	1899.204317043032	-6717.195856152639	3.0455211320927082
?	104.708031687847	2037.5270575866875	68.81533404140171	-155.2697867973166	683.5594644877033	-6591.304595908516	1339.735083493027	-13823.850480430196	2.3809863662332313
?	100.87635287933583	-2094.16063375691	62.5399608188886	-1376.3066808280146	590.0198343387269	-13671.189289753871	1208.0117930215124	-26794.701669860162	4.481281680162996
