rowLabel	avP	dP	avI	dI	f1	dF1	f2	dF2	h
?	185.18925303789717	3637.831228895625	68.91949933367222	1207.895325748281	432.052297567178	8453.35215165951	1115.0803445222098	25835.650376722846	11.138924750141374
?	181.89156144478125	-3723.7850607579435	60.39476628741406	-260.17082838163117	422.66760758297556	6443.918490093706	1291.7825188361423	9121.76894685951	14.27291878677142
?	-1	-3657.8312288956236	55.91095791459066	56.131560312378475	754.2482220718633	8766.778418802593	1571.1687918651853	11846.420792507097	-2.967123142903132
?	-1	8174.467724254627	63.20134430303298	419.4766329345739	861.0065285231053	-5982.536610140186	1884.1035584614974	3747.0989143231063	1.1839821808285032
?	407.72338621273127	7608.827224832369	76.88478956131935	-39.868475320122066	455.1213915648541	-8938.079033436245	1758.5237375813406	-4109.806093925796	8.388268518538206
?	379.4413612416184	-8174.467724254627	61.20792053702688	-259.8514042759863	414.1025768512932	3921.6614343431465	1678.6132537652077	-3439.875708496612	13.215118500326895
?	-1	-7608.827224832369	63.89221934752004	172.3798105686882	651.2044632820114	9620.732970974497	1586.52995215651	-422.06230618396614	-3.8483639450513576
?	-1	0	69.82691106546129	127.18113397660008	895.139225400018	6679.906014126966	1657.5101384560094	-511.8860476502688	3.6539258863502275
?	-1	3708.088503972644	70.25127604635004	131.23609447313984	985.1997639883596	-3013.2301188980596	1560.9356497739966	-5534.268837904939	-0.3451677536221324
?	184.40442519863217	3520.149277849861	76.38871578911828	-76.10455895941074	744.477719455115	-8342.255492313128	1380.7966965607625	-5713.540228935918	9.425772682648603
?	175.007463892493	-3708.08850397264	66.4460480983795	-403.2905706269323	568.0869893727032	5414.416953922073	1275.2586383272007	5543.754867574007	14.566746950644239
?	-1	-3520.149277849857	56.224187257771646	-308.9005321945035	1015.1985671512189	10719.523449314564	1657.984439939463	6709.002186805827	-1
?	-1	0	51.00102148865432	24.81108830551532	1104.0631618384318	-3066.164240450432	1610.7087476674924	-855.5342753895176	-1
?	-1	3754.966027391414	57.46474167304741	369.4965065488372	861.8903551286971	-12784.11580003328	1615.2077261699872	-447.15865724786414	2.633503616417673
?	186.74830136957087	4484.75208120957	69.4758468160962	256.59841551138305	464.8573718367672	-7097.503969383918	1588.3508148050992	-231.63521319213467	8.519017876632047
?	223.2376040604787	7832.313002925889	70.29466244861658	-99.01350371008468	507.0151566595009	9712.829338442836	1603.6259655103804	2403.8339986262304	9.12527879424182
?	578.3639515158657	-4484.75208120957	64.52517163059196	-272.8073471173676	950.4988387589094	8179.078875752577	1708.5425147364108	2312.8095632105283	3.3482161601513893
?	-1	-11587.279030317302	56.654295092748185	30.055765413299838	915.9691004471301	-3936.902769774966	1719.266443670907	-2056.6530947301026	-1
?	-1	3860.2883703813914	66.02795990125695	429.2651854367647	753.6537002701609	-4516.892044389845	1605.7098599999056	-6506.2867762057285	-2.3646342075508504
?	192.01441851906975	4006.989234940472	78.11755436458644	198.30282314190183	690.1244982276377	-289.69358723946056	1393.9521048606202	-5931.843399660296	12.549661355902659
?	199.34946174702335	763.416013585762	75.94310105835203	-53.75675403814649	739.1690209081879	-69.24943460006483	1309.1176900168912	-2917.9968876823177	14.664726401932432
?	230.18521919835788	1411.3477771096068	75.42971666267911	-31.870011679707176	686.6620264976344	-7178.651815700958	1248.0522604765042	-1097.2950908187286	11.360649157340237
?	269.91685060250376	799.350854081399	74.34960047436667	-443.3202524328745	380.2364301231397	-2162.312130262092	1254.2529354759547	5221.715973331875	18.30342428502312
?	270.15276190242787	-5418.33701205007	53.26370404103537	-381.0723010363041	578.5464199845297	10648.906300072349	1509.1380591430982	8476.117670831074	22.36581718935721
?	-1	-5423.055238048552	55.295985422551446	320.58085548010126	912.6817451267576	7368.310333258823	1678.0588190175088	3761.74284154327	3.345730989812644
?	-1	0	69.29274681504045	252.97297066136045	946.9619366474713	-750.5314561182256	1697.2252012202619	43.00917324079361	4.363263010592009
?	-1	10681.10809568957	67.94463395561948	20.319198809245318	875.1551723208463	-112.25947403807812	1680.2092776795484	1509.4114434709477	2.7077731515138983
?	533.0554047844789	10716.809948962758	70.30870675550271	109.2786475180434	941.3489629455673	1642.2693457794694	1772.6957733938093	961.015475764274	3.2105298830971143
?	534.8404974481384	13.072329201195304	73.40856633152166	-4.967842142110608	957.2686396098198	665.3541360921685	1728.2600514677622	-948.1499383454585	6.008912790829169
?	533.7090212445387	-10716.809948962758	70.06031464839718	-90.1653245353153	974.6166697501758	-490.9795484075921	1725.2882764765363	-646.3676241866591	3.101998194618205
?	-1	-10694.180424890765	68.90030010475589	-29.069970688206272	932.7196621894402	-1137.139360208786	1695.9416702584292	-555.3610715341843	3.446842733638628
?	-1	0	68.60681611398687	-25.139110592640158	917.7597017397364	-976.7184930908061	1697.520222899827	766.1386068203494	3.548032615282371
?	-1	0	67.64334457512388	-28.035579647886355	883.8837375348999	-833.0240990531562	1734.2486005994467	580.0583041163685	3.2567717138728747
?	-1	0	67.20503713159255	-38.790246152421695	876.1084967870786	-874.0550147494574	1726.5231381056456	-278.05956743622096	2.354071205028796
?	-1	0	65.70383226750279	-73.10634341738528	840.180986797427	-558.0673243576935	1720.3456222276357	1194.278083430794	2.834765693833443
?	-1	0	63.54971996072328	-152.77581692938924	848.2051305691939	1599.1946814688058	1786.2370422771853	1509.3313010181541	2.04994526544038
?	-1	4568.8007420119675	58.06504142103332	67.39254608325575	920.1407208708673	-4293.570620355129	1795.8121872785434	-5782.707005613596	-1
?	227.44003710059857	4397.5686671036265	66.91934726488607	327.9360595758406	633.5265995514372	-4880.929188264702	1497.1016919965052	-8960.388287846092	5.924109361065629
?	218.87843335518153	-313.38110980874063	74.46184439982537	-408.6945775129718	676.094261457632	-262.8811878166332	1347.7927728862385	-323.09086222743616	14.830424869317948
?	211.77098161016153	-4397.5686671036465	46.48461838923746	-538.2696876677115	620.3825401606056	7069.413096464944	1480.9471488851334	4937.205759611483	-1
?	-1	516.9991756328808	47.54836001643989	315.14133110872734	1029.564916280878	6229.158135598313	1594.6530608668118	4233.719086554949	-1
?	237.62094039180548	4543.776723017675	62.24168494467377	601.2510258148798	931.8404469405201	-9761.848021966307	1692.63310321288	-291.14850532225876	-1.8376217935353691
?	226.18883615088293	-602.3827394543939	77.61091130718377	160.79039124730159	541.4725151825643	-9552.017086951004	1580.0956356006989	-2585.155066896855	13.187391241760334
?	207.5018034190859	-465.33592665877444	70.28120450703882	-184.7304973419319	454.2395925929716	-17.02174402426869	1563.3753498680378	-6207.519553736514	12.466089630022962
?	202.9220398179443	198.25200594489118	68.3743864400872	96.93408266764413	540.6214279813509	4933.773490922944	1269.7196579138742	-10230.704643838684	10.616624681725005
?	217.4144037163304	298.56010306618253	75.12790864042101	43.256294086872785	700.9282671391179	3199.0583297025637	1051.8401176761054	-4352.751653792795	15.766602010109542
?	217.85004497125337	266.7537262866254	70.53720114443084	-248.27270725364374	700.5743444664785	-4028.142057631091	1052.0820752242353	5074.221925216243	19.279054996220836
?	230.75209003066163	-4377.000899425083	62.71427327773887	-319.49774867637785	499.52116425756407	2149.192714398567	1305.5512139369166	11975.251221890872	11.795085242061907
?	-1	-4635.0418006132495	54.562313710612	-211.04376704083694	808.0339801864064	8099.651368617822	1650.8446363187768	6011.767984360011	-1
?	-1	4656.613595794798	52.16208492569706	304.9218103527283	904.5037326884537	-4307.42942934017	1606.139613154916	1450.8892233111153	-1
?	231.8306797897391	4680.613924983011	69.80840422824836	484.99601368377114	592.6625087193987	-4246.817157843772	1723.3890974843323	-6028.71959623364	2.165049330993273
?	233.0306962491497	266.84364200813815	76.41188560988553	116.79042512505346	692.1628747962659	2155.454929856679	1304.7036333432352	-14033.239866629741	10.70708611415341
?	245.17286189014595	692.0042073317139	75.64792548450102	3.207145417450488	700.4352552122323	-5217.094911754593	1021.7271041528477	-6368.1913363986605	15.391756271917052
?	267.6309066157353	373.5629968848686	76.57224288075805	-219.18273113800004	431.30812920853714	-3324.019186352546	986.2940665233033	11284.519111295976	18.451902051024387
?	263.8510117343893	-5372.618132314725	64.68878892760105	-358.4565375483993	534.2342958946056	9200.083134632456	1585.9530597176445	14576.959530547992	12.877565548138485
?	-1	-5297.020234687805	58.64941600333815	69.2195640932692	891.3122859401583	3376.04165298375	1715.1420430507003	1868.4886453206466	-1
?	-1	0	68.1497671322645	-14.930992434963084	703.0363785437925	-7058.166499887432	1679.3774919836765	-503.9741450257242	-0.23937358128511654
?	-1	4419.257168768268	57.90286638159	120.7467883860592	538.403960945788	-3167.6643056326225	1689.9433357994142	577.6333698221399	2.520180823787876
?	219.9628584384126	4245.166713542971	74.18710655156744	137.97687014695916	544.6531632621619	3839.9949882173405	1708.2591604747834	-40.48232168062455	4.739942589342716
?	211.25833567714778	-4419.257168768268	64.80170988893794	-188.2018993046189	730.4037103566543	7186.361179391875	1687.919219715383	-154.48016544865877	5.733017857658334
?	-1	79.55397876012768	64.77701158633653	213.52847130804312	903.9712222317544	-1660.9127272231367	1700.5351522023504	-905.964401991067	-2.10044563761789
?	215.23603461515415	4139.934474489447	75.47813345434005	101.11013351497469	647.3580739954978	-5878.264211607689	1642.6209996158298	-3186.352154572694	2.8500868430422397
?	205.99672372447162	-253.37247829757166	69.83251826208524	-202.3275712775471	610.058011651371	-4272.784907119421	1541.2175444737163	-8913.892698429027	10.470157226244636
?	202.56741070027562	-2.6809165392478556	65.36175489046273	-88.24645008741814	433.71882863952743	-2255.6945285427323	1196.92636469438	-2206.6777118336663	20.877282169409447
?	205.86267789750923	-7.117439368471448	65.42019575771435	-55.77424168150037	497.27328522423477	1623.088844777301	1430.8836588820334	5854.240009839839	13.560507118787735
?	202.21153873185204	1229.227667624991	62.573042806387726	-152.17038475362185	514.8732708783922	-2221.5530836318553	1489.638365186371	2641.1684206782643	16.171842635639372
?	267.32406127875856	123.7933149007391	57.81167652003329	247.82859301434075	386.1956310426424	1440.367058411792	1562.9420799159461	2681.222487422147	-1
?	208.40120447688898	-1432.533987268868	74.96447245710472	256.5475426369648	586.8916237989815	4970.283395900303	1623.6994895574778	-1674.2241127342018	8.397776410281379
?	195.6973619153154	-4188.024089537795	70.63905365188148	-615.109968927108	634.7098008376566	-954.0919010261894	1479.2308742792363	-2799.5939132300336	14.150358912641877
?	-1	-3933.947238306322	44.20897401074943	-727.6523904397418	539.1870287476722	3734.9219207102665	1483.7197938959766	3702.9225330670984	-1
?	-1	0	34.25643412989452	178.38411599246277	821.4558968731693	7273.512645464282	1664.3770009325906	2247.177775512395	-1
?	-1	0	53.12817981037254	502.64569605079663	902.8626610208851	6646.190417843771	1596.078682671596	-3967.6696813001086	-1
?	-1	4971.728282035444	59.388718932434266	177.94982347496136	1153.7654177653567	-557.5296889739408	1465.9935168675859	-7659.037588855849	-1
?	247.5864141017713	4830.791743281139	62.02567098412057	332.91761757207996	874.9861765721881	-8412.176932222015	1213.1268032288049	-8609.394501486757	5.4745247641733785
?	240.53958716405612	-6.730812641263266	76.0345998110382	276.27612192163156	733.1565711542575	-3052.6063179963894	1035.5237917932495	-3997.5921308180323	18.154029420306117
?	247.24987346970815	361.93633956126877	75.8394770802021	7.188317484200607	722.3558606723692	-4384.126734202052	1013.247196687904	-3901.7324061754107	20.374739764892432
?	258.6364041421195	467.6402845146219	76.39401568524824	9.26542356939368	513.9502344441556	-8584.204548229234	840.4371714844797	4851.954958634725	21.53324070428409
?	270.63188769543916	143.16160098884262	76.30274825867178	-350.5033984906438	293.14563326090905	4664.671273467512	1255.8449446196394	17433.334545815615	21.514375173663037
?	265.7944841915616	-5432.637753908803	58.868845760716106	-323.9291326840461	747.1837981175304	11232.828486682633	1712.1038987752572	9616.717720980503	11.321789859946525
?	-1	-1173.2240109881566	60.106291624469534	360.2612433862595	854.7870575950387	-4951.611285801971	1736.6808306686628	-1318.8782320363318	-1
?	207.13328364215397	4044.705869045655	76.88190793002902	-58.49193588962769	499.60323382743275	-7776.429269420557	1646.1599871734409	-286.15357888229585	4.79384215984728
?	201.23529345228204	-4162.665672843094	57.18169482998816	-680.512468891959	465.9655941240123	5328.148017384843	1722.373151724548	1736.684417004132	10.073908807560132
?	-1	-4044.705869045655	42.85628448543119	148.96254753209516	766.010634696674	5010.365212112339	1732.9942080236472	-746.1806241491266	-1
?	-1	7769.784503211524	64.62982220659289	556.5385627779502	716.4838547296283	-7203.426898007491	1685.0641205170919	-2004.7611159565738	-0.12102523575261573
?	387.4892251605748	7333.437291386817	70.6832126243286	67.49118093285769	405.83928979630065	-5464.430643630994	1632.7561522258188	258.75362360187046	9.731246502303646
?	365.67186456933956	-7769.784503211524	68.00438125323576	-169.9241784178294	443.26232254807957	13778.83504227363	1698.0018016971853	47.06505204273543	11.59028542941774
?	-1	-7333.437291386817	62.18700370343716	-27.32633285369938	1094.7810419099796	10935.1142909766	1635.1094048279556	-3397.0917691755253	0.21816006227001533
?	-1	3672.88774567983	66.6380646105508	256.5101535705406	990.0180370969077	-9389.819428152207	1528.1472132384097	-9048.245751792498	-2.162409587825736
?	182.64438728399085	3387.4213641069787	75.01251138196415	108.66843187669001	625.290070502371	-10918.335964663655	1182.6971172383323	-10395.132670171659	1.7124031876680759
?	168.37106820534834	-3672.88774567983	72.07148620438528	-629.1504955279805	444.1012388637269	-429.2939871566197	1008.3905797298286	3815.003285847556	15.411309800399808
?	-1	-3387.4213641069787	43.55498660556523	-246.14631390615688	603.8253711445401	8297.565963162886	1373.4472815307095	7644.03175812122	-1
?	-1	4003.6380848282447	59.76417050907748	520.6756780571574	858.9795370218698	3251.63152936208	1390.5921676358882	-6134.160129208421	1.7003892581695816
?	199.18190424141153	4005.7348660378966	69.58877050842301	264.37690238211525	766.4069476126435	-3028.81296518404	1066.7392750702895	-7805.199287491321	3.903712937280461
?	199.28674330189412	-16.03428042449542	72.9830156281832	-195.11214614082544	707.5388887626683	-1365.463698819333	1000.3322032613236	6195.633138664915	19.214333016001618
?	198.38019022018676	-4005.7348660378966	59.83316320138177	-323.57586790764145	698.1337626716771	4425.215588704837	1376.5209320035342	12820.872799548104	12.18390274908997
?	-1	-3987.6038044037496	56.80422223280118	-319.20287802350316	928.7996681979093	2763.643715138213	1641.3758432387265	6808.6099660861755	-1.78705400180845
?	-1	4116.311227582231	43.87301930020667	211.41019191289604	836.3159484285873	-3276.393695985517	1716.9514303078417	904.153786860637	-1
?	204.81556137911082	3937.1680566914556	67.37473182844595	619.5682772882527	764.9799833986341	-2435.496508400151	1686.5835325817582	-4581.250744766742	-1.952282725268899
?	195.85840283457208	-200.8410420441568	74.8514331646192	4.751102742239953	714.5411230085801	-6272.065833688299	1487.8888930695055	-9396.007276937637	10.888202782403287
?	194.773509276903	-11.816871323220013	67.61228696555794	-141.75038182208874	451.37669171422027	-5625.635199793526	1216.783168734878	-6271.657405264745	15.731701708641324
?	195.26755926841108	-24.455366528234293	67.76391407351478	52.62386727292569	433.2593630189048	2501.7543804814873	1174.3060228062693	-3294.4286042190543	22.445976704327403
?	193.5507409504913	26.353204156958533	70.24348032920422	132.48899938042987	576.4644107382942	4893.410797867494	1052.061738523926	-3166.806295583717	15.48121187877569
?	196.585219476259	136.71491673169717	74.38836404253625	101.2142212580472	677.9299029122786	2261.0339235675965	1015.965708027084	-676.8806209667174	20.249475703139144
?	200.38648678707614	37.32458443881355	75.30419139210656	13.819089393294682	689.5161069166736	-266.5735548681719	1018.2177074755901	-265.95006717261964	20.898630207454538
?	198.45144869819967	-80.89208515927368	75.07931851220099	-111.33819584659233	664.6012251688701	-404.5770643958204	1002.6682046684531	3260.8121995923148	14.387930097450118
?	196.34188252911247	-3989.0289739640075	69.73728159977696	-229.85114949637247	669.2872536968827	5866.4767210738955	1181.2583174552053	10669.463913922586	9.286576199265637
?	-1	-3946.8376505822634	63.5867610373824	-24.981212911775206	957.9250612225638	4422.9700366919105	1536.1414003645805	11378.215683425664	1.3322010518705676
?	-1	3815.01585813689	68.48822095418821	252.79996616267772	890.4357555314774	-9067.107085619591	1750.1691016264865	-129.66158703984593	-0.4422743711303273
?	189.75079290684383	3528.596115168136	76.22675934551624	215.29569291504848	504.56970694158593	-8060.351271818868	1529.6583210125882	-3112.895913385275	6.590307375427519
?	175.42980575840616	-290.7419883703169	79.2530055999406	21.591713663449717	487.41819194053545	1304.9691767134539	1594.5243059572233	800.0578530844479	14.685569759028615
?	175.21369348832803	23.07758221115372	77.30634502868873	-88.83295640819117	569.8181657772584	1463.2706345479228	1569.6612136668105	250.25535111764017	15.770147888745205
?	176.58368486896384	-21.482775276726404	74.81135777953105	-122.14531200133409	560.5817236679313	-1953.550846514087	1607.0370735131053	703.6220216358859	16.954656273628576
?	174.13955472449172	-228.47196593848562	71.19907942862204	-246.5799528858567	472.1406234515544	643.3908625725644	1604.8423147486046	5396.808762579068	14.677980569118247
?	165.1600865720396	-3502.7910944898467	62.48236013523826	-232.60597018065934	592.7512667965594	8597.045908562732	1876.8775116420577	8154.183688542218	4.9296952556003335
?	-1	287.99633417374355	59.568780919589116	116.59517188068519	901.9929188796895	-2978.403576923484	2012.551499175714	-1824.210112719131	-1
?	179.55990328072673	3665.645630432931	68.3121187292725	314.72494446157924	443.8310879503858	-10527.996578097893	1785.6670060061015	-5793.522201135191	9.479298565320084
?	182.2822815216459	175.965858161045	75.30502814266802	159.27044175339745	375.5930899747967	-1065.0052555058032	1722.8753891189556	-3419.147438946496	21.262652811170568
?	188.35819618877895	359.67337986703296	76.27564081694234	29.485707520968663	390.5808251750958	1051.544406179834	1614.7096340587773	-2340.7838238705463	20.251874450520923
?	200.26595051499748	279.33283408803374	76.77931351871645	-21.40799667926196	428.17031028378824	2344.704872988988	1605.8361979254287	-1027.9033951225974	17.395488091013156
?	202.3248378931806	-77.31051371250173	75.20524098297925	-278.1253562946757	507.8160688245448	4214.892288768109	1563.3144643026476	-2407.605754486521	16.06723568849402
?	196.4004248293724	-4066.496757863626	62.87304570398271	-371.5628651666757	638.914924722193	2302.296296067192	1485.455910201103	-2222.4883578914328	15.112526487831555
?	-1	-3948.008496587462	56.62709772464553	16.733584433840807	622.930883627904	5234.521930993158	1452.1900464080763	-4676.630269398168	-1
?	-1	3921.0471121300834	63.70972492567475	365.4790453365018	900.6410212718499	1810.6841040919603	1251.6243967311955	-7901.917893282185	2.5111948146628156
?	195.05235560650348	3789.072325439535	74.90104999147056	62.329682587818176	713.4650888325017	-3974.901725607388	1057.0941517439685	537.5177197317427	8.554919386693156
?	188.45361627197607	-3921.0471121300834	66.82620905506565	-225.95580271511716	701.8959349914812	3186.9306964173643	1278.5002827177825	10019.161710230741	12.69323803255015
?	-1	-3789.072325439535	63.60325985571474	-359.533101601349	872.8116236533693	4698.802471600696	1558.0522372555038	9365.14843570913	-2.4227817738204176
?	-1	3961.8166119414495	48.84955397499826	202.16564551429954	936.8360585715152	-3005.3793983279015	1746.7577045032374	343.485396016896	-1
?	197.09083059707177	3837.878980789208	73.71154213142968	446.3953811290573	722.5426537369748	-7284.676565866276	1575.2265070563485	-9773.377834083274	0.534267802526181
?	190.89394903945973	-120.24553378653238	71.16932303145104	-0.4563176528154161	572.6022302782027	-2194.2134385237123	1258.0888127990754	-8954.74047012191	12.213284290031108
?	191.07855390774517	-37.661823753082466	73.68872624878891	104.95903550856562	612.8319818107896	2391.669383196092	1127.4894835502546	-2844.153540109406	18.57656587601614
?	189.0108578518056	1457.447366289152	76.4172748068793	26.165283164969345	692.1856994380069	1114.7469757056676	1115.8811357936056	-1232.3364949669892	18.016980968213353
?	263.9509222222025	3244.505809632103	74.99699040703737	-309.1058590899598	668.5693305960728	-462.2032656514005	1065.8726588019053	1830.823172632274	11.17412128622932
?	351.2361483334102	-5299.018444444069	60.96198185238137	-220.4344990292544	669.0755361554369	2292.895746566641	1207.422294425219	8432.546828976949	-2.9995476806451125
?	-1	-3222.7948932906634	63.97526545557469	304.02514757886615	783.2141179244044	2441.9332749591304	1487.5000002507513	8022.567459845696	1.9985022063983193
?	190.0964036688776	3950.517155920959	76.16323923132462	193.42744506326167	791.172199903393	-2575.097549499078	1608.5506674175024	3719.8913928051247	2.775193860764134
?	196.52585779604723	133.76535788842367	73.64663770873774	-408.6284907927044	654.4592404494509	-7628.542162692861	1673.494569891007	382.71133486613644	9.498585631707552
?	196.78467156329876	262.0479877536761	55.73181469168948	-2.546561034824899	409.7450917687513	-1286.134944151106	1627.6862341608091	1100.5951638253684	-1
?	209.628257183731	-25.985812660150692	73.5193096569965	386.1095084344739	590.1524932418959	5502.455178620317	1728.5243280822751	-956.6887726581842	6.765647775620806
?	195.48538093029123	-903.3463881744817	75.0372901134131	-388.6822802063359	684.8678506997662	-663.2809123166477	1579.8517955279	-3000.3274605502443	9.512139848279336
?	164.46093777500707	-3929.7076186058384	54.08519564667977	-738.6912511387309	556.9884476260636	1107.8823450826183	1578.5079550547634	2113.906039899601	2.5619474059852947
?	-1	-3309.2187555001533	38.102727556476694	-357.4854600670848	740.2619679538969	1733.2867065440262	1685.5470975228798	2603.4163998207623	-1
?	-1	0	36.210922643325596	14.327159187793564	643.6527829532646	4111.207183115588	1708.678775045801	1778.5278785544251	-1
?	-1	0	38.81908551586637	324.3894181807646	945.8223271096756	4488.141666876275	1774.4734914506007	2666.2089605551732	-1
?	-1	4449.12168849569	52.43039355236377	582.9052150975598	868.0598662970775	-7586.8152591126545	1841.9892230735593	-2250.876578727338	-1
?	221.45608442478374	4465.809385593476	67.96434627074426	516.2529011385657	566.4815641540442	-8361.254675782195	1661.9296625142342	-2878.533579561282	8.274232463660294
?	222.290469279673	2237.780032376952	78.24303860929196	171.88567423943513	449.9971325079693	-2446.153962335969	1698.0625440954957	295.8413134814383	21.927438283012663
?	333.34508604363094	4456.243032796288	76.55862998271599	-305.08685671868983	444.1738660372462	-275.173521540231	1676.721728188306	-1697.1427176353943	15.059284271474018
?	445.10262091948664	-6686.901720872643	62.98869577335752	-527.7391515253863	436.2384564309578	2085.4696015793247	1613.2054082137263	-1959.249886011469	1.8840718657845181
?	-1	-1328.4785171553565	50.17167240644676	119.99406817255718	548.4473461162121	643.5874071790693	1578.759233887733	-2011.4002672867289	4.251203450821246
?	378.67869506171905	7306.197801969215	68.98839918198536	452.042254989495	468.41782678991115	-3225.2108263354626	1512.6353948493902	2529.407778789214	1.6745732565562435
?	364.30989009845945	-1408.691062077476	72.77378515592143	-257.2147432164562	387.1868047994395	-2747.2904859045248	1705.2296228271932	2795.164708907242	13.161431466987665
?	308.2441419578455	-7306.197801969215	56.12766202116259	-536.2198083726178	331.0533024946854	7045.134743895246	1652.3936302947518	-1122.6011315094133	-1
?	-1	-2140.627742519035	45.962794737290636	177.04444304852365	739.4435419942006	3240.169302106642	1649.0995662517228	1237.9225662275164	-1
?	201.21275483189413	4006.9862223400073	64.97988417358874	576.6265714971418	493.06176760001694	-6640.646257392214	1714.2897586061274	1740.9681616111327	6.89548708433676
?	199.34931111699964	-1318.4911349017627	74.79412331214762	48.441496839197555	407.4112291245911	-1891.6211210818528	1736.147974332279	980.1482036932965	17.39878217800092
?	135.28819808680623	-899.3188367926755	67.40195901554861	-0.7285245830973989	398.48071154592463	646.7659644505045	1763.297168790792	598.294070653103	7.020010310208036
?	154.38336927736603	961.1766651827014	74.75769708299275	209.0266187897679	439.7495273471162	3466.8430278191636	1766.0626778649341	24.396557876662058	8.917548220341665
?	183.34703134594113	546.1130285885755	77.85328995503697	-77.20676478707217	571.8228629368822	4331.640248248229	1764.5169966846252	-4935.47555399989	13.562465532197914
?	181.6890207067947	-60.320910756219845	70.89735884363915	-430.01892768429224	656.3315397595269	5774.61036799979	1519.2889001649405	-3260.8284997075384	11.544704760995293
?	180.33098580813015	-3653.780414135907	56.352343570822434	-476.23906176873703	860.5533813368706	5040.1166442451695	1601.4755716992488	3676.1983582680928	-1
?	-1	-3626.6197161625514	47.08540575520239	-175.52751452706053	908.3373719717845	301.8949597252234	1703.0988180783445	4570.129539616609	-1
?	-1	7811.327675560654	47.57596784446928	376.51313550694175	875.648129323132	-8903.627599225665	1829.9820486800825	-1230.869675314271	-1
?	389.56638377803824	7595.236492368843	65.91106253054974	182.84944893281602	463.15599201049486	-6181.474265689788	1641.55533431263	-511.3742693285867	7.198511082362981
?	378.7618246184475	-7811.327675560654	56.71844029111021	-199.9892265364933	566.5744160386382	11282.14794865419	1804.4133352136528	3880.9860032568617	13.190497354432857
?	-1	-7595.236492368843	55.911601203724935	44.32420317367964	1027.2633894432124	7374.687200864614	1835.604634475476	-345.5892595077054	-1
?	-1	4394.8679522884195	58.934650449794226	230.00298166534435	935.3087760818742	-9464.519180114776	1787.1338722382673	-4113.126432615364	4.53070774050645
?	218.7433976144241	4376.675353061266	67.41175028699232	392.1644124359701	554.0374304374669	-9529.460332503646	1629.9483128447048	-2606.5035364667615	2.189545159926981
?	217.83376765306642	-140.1196025364922	78.54287107159301	167.0578437393097	458.8357594566851	-1616.7223860191982	1656.8086954149273	763.9555283550345	19.13522748619117
?	211.7374174875994	-554.3211600477794	75.76464247395792	-230.51622589830671	473.20131113650586	-255.65625865334232	1668.146089262457	1504.4189861799546	15.758456032872965
?	190.11770965067706	-609.6019835935776	67.01705977667751	-45.776626750838346	446.0529465240178	724.6554548679295	1732.0296447239261	-4077.8644209690415	8.806828267431985
?	181.2573183079201	-320.5667456392723	73.47581113641597	107.23105510925042	509.43408387990286	-1489.8887764331635	1464.252868214002	-3730.117161255195	12.455979412275372
?	174.0893723687132	-148.10352195393324	72.37861253214011	21.978432080370254	371.55850770235855	-2612.418902968964	1545.5237866611637	2632.487323670024	18.23341213703588
?	173.85214221022332	63.17465522550232	74.5747327404345	10.435824369160253	378.8131387314528	2181.9822689910106	1595.8772343975052	-3122.7348639239935	18.51600164014388
?	177.24810512998837	25.56979193649247	72.90040375059813	-275.5979898442595	480.65762115191063	7672.193653267248	1389.3870434649618	430.4351641040405	15.55264903097168
?	175.13063180704796	-3564.9621025997167	60.79483324822133	-325.70483116175035	762.4228213948206	8742.73878686074	1617.3989926027075	6768.825382744871	5.1593305718854126
?	-1	537.1847115239306	56.61516219251038	149.38532461570077	917.7945604949539	982.8969755815884	1727.8283126022102	1940.829260651294	-1
?	201.98986738324487	3993.2621999913586	68.26409947900648	384.4447044249977	811.5676701739008	-3688.976642353973	1714.4404556352736	-3148.1733003936106	-1.1753825801177715
?	198.66310999957076	-14.997502675804881	75.83739741376054	61.86896020156237	733.3457283772526	-2810.441377651492	1570.4196475825274	-2697.9814279012753	13.72414288630882
?	201.23999224945462	23.373874181819712	71.35754748908464	-305.53953237348856	671.0456012913242	-3863.7074546350705	1579.541384240208	3266.300156823235	15.183333091795086
?	199.83180370866177	7496.790296112354	60.560420795085896	-465.5892784703031	540.1603556454963	1926.6500424055403	1733.7346554236915	3579.3627881384227	12.542847131983194
?	576.0795070550777	-4016.6360741731783	48.07808356556915	-296.19935281541177	767.3781034116025	6226.930498678983	1758.5095236471316	1311.8998155453933	-1
?	-1	-9819.531582139382	45.750453154315096	481.41011047882483	851.5068805794499	-6555.937510692207	1799.329646200962	-363.36154957181344	-1
?	85.10292794810161	0	72.14858908951074	46.83530578189679	439.5812278769875	-6445.306788330262	1740.3414461685406	-1635.3689113306013	6.762696534573583
?	-1	-1722.0585589620077	48.09221844340997	-314.98858514910347	529.2415411629322	8312.856925298851	1717.5612006344309	-2455.6814747115654	-1
?	-1	11084.15814985363	56.39915983205534	300.3100542191902	855.224074141936	10118.045657965946	1617.5573724329606	-1149.5248311387486	-1.9237681575801322
?	553.2079074926894	3686.5429419772495	63.10772115436969	342.90322601490385	1035.1438240612367	-5158.7081357915795	1660.0849590774926	3184.596107483785	6.081662064753193
?	183.32714709886508	-7524.997573625603	73.54432113280078	209.9799024718584	597.2886673523533	-11809.73326875102	1776.7871778071521	953.0526168430835	4.9328922682454275
?	176.95802881140386	-132.3975025273948	73.60671627796276	-115.58316921974529	444.6571606236773	-1384.5711282437862	1707.7375899196475	-9832.581283582133	13.75726425777313
?	176.70727197249525	285.6973756021261	67.76516267181343	21.778456195617625	528.060110940163	5042.997122395842	1285.1581136280386	-12985.282538436275	6.262484920057505
?	191.24289759151037	264.8111721851168	74.69563908774366	63.33678787130959	696.807016743473	1914.6552638504181	1058.4734629978245	-6312.513250312296	17.268084373042132
?	189.94783058175128	-36.05789443969235	70.93200206537895	-322.4849294852242	623.7928741326853	1587.4289517720492	969.5324511124193	9436.180323195169	18.13569329955872
?	189.44000286952573	-3818.956611634971	58.57139261348222	-297.456289178047	776.1784643320766	7186.700956532777	1530.2824791575897	16462.68213936302	-1
?	-1	-3808.8000573904606	56.05918760647639	103.40258230373219	983.1279219593292	2466.4300913153206	1792.666558080582	1339.0564988322412	-1
?	-1	3368.895711290296	63.7415217286689	379.8784878836732	899.4999688978444	-8314.785139079793	1597.2353040992027	-3259.789029386583	0.28436547900934206
?	167.4447855645172	3177.0756672815914	75.05311200066032	240.41191102358596	567.3886650053337	-8072.7626852569665	1629.6771066112506	-8309.230624682305	3.690303798258138
?	157.85378336408183	-33.803301809464955	75.76211727984837	-15.961838048546667	495.8618346349903	-3627.643211117506	1181.7737728650816	-12405.637099614965	13.521462669159657
?	165.75462047404392	238.42566135561017	74.25502009823298	-463.7323203948193	386.0065044494558	2293.1081941374423	1009.3952516304935	4062.6687014695713	17.130025048525063
?	169.7750664318625	-3335.092409480831	52.575501260107075	-657.269470292254	610.5172443418641	10306.635656281609	1384.907207938563	13825.33790501894	15.831085957273004
?	-1	5268.024109724479	41.39154658361981	-82.44963559615425	901.3382872635436	5612.286662397455	1700.6621468814503	6187.159247790649	-1
?	433.1762719180902	19.999999999999716	48.453019480299304	-827.8309316723844	891.1315774617408	-18026.765745270615	1694.2651703280999	-34013.24293762852	-1
