rowLabel	avP	dP	avI	dI	f1	dF1	f2	dF2	h
?	-1	-20	57.214975722259354	1015.9085331686555	904.7492431818473	18334.76756354206	1525.7791087099126	30988.734987861837	-1
?	-1	0	50.795426658432774	-129.06954673784156	916.7383781771031	274.5691736769413	1549.436749393092	414.50019852738023	-1
?	-1	0	50.761498385367275	90.79301982175747	918.4777018656944	346.4383722963088	1546.5041186362816	-103.73601368926754	-1
?	-1	0	55.33507764952065	112.89305497788465	934.0602967919185	-60.4145177092869	1544.2499487086286	1339.3257792529632	-1
?	-1	0	56.406151134261506	34.26675894521822	915.45697598023	437.6071859215382	1613.4704075989298	81.3667400596478	-1
?	-1	0	57.04841559678156	-67.32597336550613	955.9406560879954	-924.3148809064862	1548.318285711611	-1087.3283264448903	-1
?	-1	0	53.0398524659862	-24.091555675931467	869.2412319349057	-3866.8348217666685	1559.1039912766853	-625.2982306498735	-1
?	-1	5110.285384343564	55.84383781298499	453.6785138999225	762.598914999662	-6261.588265487605	1517.0533741791173	-4699.689591521493	-1
?	254.51426921717817	2512.904072834346	75.72377816098232	466.28070006371087	556.1618186605256	-4499.59886199823	1324.1195117006107	-3384.720678973091	3.5199704809766743
?	124.64520364171729	-2634.0529500036296	79.15787281617052	33.995004499158206	537.6189718997506	-734.2231016028883	1347.8173402304628	429.4487062457712	13.52320560833781
?	122.81162171699671	-147.24103561890772	77.42352838594023	-63.97942732265528	519.4506635803812	-262.26091679036904	1345.5919470128993	-46.148666135068154	16.169440691625187
?	117.2831518607719	-124.08381359561093	75.95890145003776	-15.180324393893144	524.5059260602321	154.4650484213092	1345.5099069237094	849.8376121838593	13.782968044744445
?	116.60743103721616	2888.9490967767765	76.66451216624557	-62.24205781353925	527.1739160014466	-257.85668279005426	1388.0838276220923	3359.6610190220567	14.251300227138842
?	261.73060669961086	7886.834068309905	72.84679855936079	-236.15257837331208	511.6130919207294	-528.4021883093744	1513.4929578748124	3645.754892153274	6.510979293516952
?	510.94913445271175	253.3453047603698	64.85688324757996	-109.41809887412451	500.7538065859779	-837.2445404873716	1570.371572229756	2398.0664838964526	6.875608148777618
?	274.39787193762936	-7925.501450939942	67.37589361565456	-17.29320248972327	469.7508648963608	-2557.5273107539283	1633.3962820696352	-530.968851021425	4.777355064368239
?	114.67406190571432	-2003.4991751773782	63.992223123093794	-118.98575860602197	372.87744104828136	-1815.6367735197439	1543.8231296786848	-3816.0930402401586	9.570216635605437
?	174.22291317876036	1244.8653142170895	61.42660568535346	43.19916715254745	378.9690262203735	1485.852693175236	1442.591630057627	-4981.171857554141	-1
?	176.91732761656885	585.8658974249545	66.15218148072117	210.34732156925253	447.1700757070432	-1086.640969367833	1294.7645368009776	-3287.8492772770296	5.987725688276765
?	203.51620805000812	564.8233034135327	71.9439717638161	253.8181613094884	324.6369777519818	75.21426949846851	1278.1991661937755	1688.260457661961	18.325507972970062
?	205.15849278724545	-199.4432458799444	78.84308954619557	87.78597053786307	450.93078918196665	1818.8586586727554	1379.1775596840755	3781.0504843474305	10.992014044333681
?	193.5440457560109	-431.4719120878148	76.33327029070925	-471.29292732430514	415.57991068561967	3955.5304810397547	1467.2516904111471	-2841.37701638592	14.378781272445755
?	183.5848971828547	-3890.8809151202145	55.27844317998029	-519.3846892486135	648.7073132339546	9244.581664470376	1237.1087088647794	-471.5881394122376	-1
?	-1	-1079.5078281052151	50.36403582827855	174.9459111767692	877.8089939091389	-4477.633365457302	1443.6722834405352	2483.5297614149817	-1
?	129.60950577759388	2793.6372311299315	64.02573873881876	576.0378045900602	424.82564496108927	-7882.4118456526585	1361.2851969355286	2341.5616300893066	10.2081052846624
?	138.6818615564967	106.7710239022431	79.16592605778159	317.70522199075515	483.6884016265056	5796.597535726879	1560.7503649450007	539.1500009991519	5.434268762420078
?	134.94805697270604	396.5261299295437	79.91099983835653	-19.39585356648193	714.6555217474335	5983.029506383207	1388.2426969854862	-3545.0168881554387	8.043327240605324
?	158.5081680529739	-160.97186339920725	78.19613337945749	-133.97637085201995	782.8398769456662	2015.2596143750206	1383.4995205372286	46.60986060631781	4.649086625497326
?	126.89946380274567	-1467.250895187626	73.21218129575553	-97.73123240984879	815.4185024661846	1031.9576498317738	1390.573190015802	311.9212382698103	7.460975013707805
?	85.14562329359254	301.013405578737	73.30957175896505	59.55035428774233	834.437759437255	-1179.4029537429253	1399.0955824507191	514.6646142212871	3.630693270539106
?	141.95013408168253	904.8696765348817	76.18969901014265	-138.5166530731816	756.4483547790383	-5862.800192877514	1416.3064207268665	-12.186295178698845	5.141779794574915
?	130.38910712033666	-34.168187739907665	66.38373910530596	-104.36451635107365	541.297749793379	-6044.23322925143	1398.4862676917842	3852.373274005414	4.35425925676789
?	140.24172469468715	113.8327640258665	70.97147319258896	-249.2732952523844	454.23669331646647	2787.3711545224	1608.9250844271373	4772.812783030095	8.276990629335264
?	136.08074532163	-2824.8344938937403	53.92007434268673	-232.07011054604615	680.6663075194991	7100.28536425492	1637.1269068432891	-2845.653075302218	7.1497099284638015
?	-1	105.62177457041163	59.36796766528664	412.67473801214373	809.2509615292128	-3541.488247799837	1466.6424306620263	-4185.842945356954	-1
?	141.36183405015058	2623.5871780867797	74.55381124329394	247.96354575896692	503.5918951295071	-6110.00223362619	1427.8347595754412	109.2305293454091	3.4317443561576306
?	130.1793589043391	-2847.236681003009	71.766144953235	-445.9638667841873	503.750849847903	4504.113530826	1472.1039571292968	-36.220286815541805	4.171624088761447
?	-1	40.13435575130412	52.25561790408455	-181.35665811925105	728.7975716708073	-1434.0673120726885	1426.0237452346641	1854.4005527130396	-1
?	132.1860766919043	2523.9783189028235	62.69831204727244	312.4183206489092	432.0474842442685	-3466.2638867000887	1564.8239847649488	3350.6888903167296	10.203670411400548
?	125.1989159451413	202.50694104893412	67.87653393653002	226.14642825359533	555.4843773358027	1351.4647723994724	1593.5581897505008	-800.8006812083687	2.6759539099340954
?	142.31142374435098	305.5138992341244	74.00563345995217	-184.04524675137418	499.6207228642419	4078.4559631784973	1524.7839507045305	-32.47412892581917	6.8663830134414185
?	140.47461090684746	-2866.2284748870297	58.67427159896135	-245.48435911781115	759.4071754947269	12266.510903240884	1591.9344833042098	5801.919934567248	6.549483609961737
?	-1	5334.403172928576	61.73141550406165	164.1042686978584	1112.9462680262839	5360.792229950983	1814.8799474328919	2120.1618475397468	-1
?	407.1947695532753	4395.5133430389305	66.87948503385424	308.8633984208961	1027.446786992275	-11014.333196350508	1697.9425756811968	-14069.29632122521	6.176597901120456
?	218.77566715194573	-3545.098111232434	77.1745854251064	254.1319615138554	562.2296082087604	-7094.428465714143	1111.4151313716338	-12737.179879524092	8.460049038002556
?	229.93986399165425	-332.7561108438346	79.58608310954696	-13.123717956211511	672.7253637065692	169.94848368839772	1061.0835817049945	7629.505315175461	13.382177553174596
?	202.13786160975405	-4618.797279833101	76.51839952729583	-513.3145536857893	570.7270323931803	1695.6799304714414	1492.8903971304055	11114.1195050359	3.492971040583501
?	-1	-4062.7572321950956	53.92035542525759	-455.3303218429938	757.5093602301409	7013.010985259732	1616.7895569567875	943.5001968616904	4.9218749840047185
?	-1	4056.0455443694136	53.75188343514622	463.9793633230699	921.3775816561656	-2005.8556546958428	1540.0654069734899	-9629.029970659269	-1.090258527412092
?	201.80227721846995	4392.030249892138	77.119323591411	393.94713618102355	657.2165774953492	-6162.964320027379	1135.3380584238257	-11985.359641285113	2.868361674020597
?	218.6015124946061	349.2212208148028	73.44924024419733	-467.248809346121	613.2293656547978	3325.4695008825074	940.7974249092364	3918.7621829071763	14.32428010813349
?	219.26333825921003	-711.6292174530141	53.75688312410504	-95.69634005642718	823.4900525394739	2493.2399556915216	1331.2761675691838	4255.645282783506	5.451079003091993
?	183.02005162195553	-841.9838053771293	68.66442324137599	389.8041540927836	737.8913634393734	-6361.773025456881	1153.579689048411	-7718.115928450505	1.6060928534310053
?	177.1641479903537	-601.1173049684423	73.24709082874415	93.36764222977767	505.401401266631	-4250.020137186333	945.37037114666	408.0991106157777	9.2648872012719
?	152.96418637353352	-743.2093567284242	73.33280535286485	-62.467680269022814	525.3903565800575	5041.292528605921	1173.9846445791998	6958.381243102817	7.3481812237312365
?	140.00368015393263	-3079.2837274706812	70.12370681529302	-554.2182465584166	757.4660276969262	8599.761648139673	1293.2894333017996	7674.731460358007	5.219920063764584
?	-1	337.8363912645785	45.62189302494412	22.099060931286168	955.3784389870397	-467.49301945358803	1557.7212175970988	-2447.117693035934	-1
?	156.8954997171615	2987.9556909534	71.22865986185732	411.31098001772745	734.0913767242469	-5284.627541859264	1170.9335486500033	-4420.606279147616	4.560175164221934
?	148.39778454766946	-3157.909994343241	66.18744202583042	-360.6291321752255	691.1470618940774	6321.206013190058	1336.6909036397187	9492.114957439933	1.1693675775401482
?	-1	-64.02113058757573	53.19720325309611	-84.74338762136073	1050.1516773837486	-877.3528752713522	1645.5392965219983	8356.676152511116	-1
?	145.19672801829068	2710.5727295832935	61.9502726447624	161.04474957602847	647.27941813051	-10944.465755219615	1754.524711265273	752.0514650457862	7.457053312550842
?	134.5286364791642	-2923.934560365824	61.24944073189751	-87.79754551657564	502.9283896227698	5495.939340065603	1683.1418697742874	-6033.557019200124	4.322342495001205
?	-1	5.584827528630873	57.560395368933634	138.009313304208	922.0763851337891	1243.0538425687107	1452.846860305268	-14379.678757970161	2.6679399408128943
?	134.80787785559573	2611.6317762009176	68.14990639710788	183.2035331678801	565.0810817512052	-6940.934753738843	964.157931875782	-8194.949560408139	8.385047322348626
?	129.58158881004542	-2716.1575571119242	66.7205720273276	-377.126693465867	575.0296474468482	8204.356521083144	1043.0993822848625	13244.21421501978	7.059771820475107
?	-1	1163.2723929985664	49.2935717238146	-30.754913449126885	975.2989078053608	4710.527538143236	1626.3686426267686	8766.333305233406	-1
?	187.74520845997353	4146.131723974421	65.18282635487127	576.8460539291064	810.5560243540092	-5581.346030107599	1481.4160475465312	-5962.819984769806	0.18890214689463228
?	206.3065861987203	1193.795669701847	78.13587442026982	52.13853612723558	696.2316062999819	-4135.758820928096	1328.2276433882794	-3882.874467404299	8.4095651956215
?	247.43499194506566	-4146.131723974421	67.78975316123304	-570.9569806028387	603.7680833076051	4581.359195071284	1287.272324176317	4271.136694779049	10.829955966245057
?	-1	-4968.699838901331	49.58802539012798	-379.56717809093595	925.2995660535453	7402.573827048273	1541.784478127231	8238.673012105744	-1
?	-1	2410.171277757878	48.811394256686306	285.53902187993657	973.8967746600175	-5311.939373575799	1699.2059747816027	-6328.283039917769	-1
?	119.50856388789349	2406.1767205539822	63.86497648412476	381.99090127895465	659.7025973747562	-8467.99842547012	1225.3703261313437	-10371.58809342072	2.295533180929048
?	119.30883602769869	-90.98275974123969	67.91093932063397	117.3166045049811	550.4968533865131	-3278.786263308258	1180.6265701105685	289.1583936898188	9.998663113983708
?	114.95942590083152	133.85632411084052	69.7308067093738	64.10725058328092	495.7632842093439	-3178.0778464661134	1239.8282458158346	3653.0932012012813	7.476844238443116
?	126.00165223324069	948.1462959058513	71.116301849798	179.77119200232585	391.59296106320795	-556.4716494607714	1363.281230170632	6713.879931457992	8.470180195421262
?	162.3667406961239	847.4230408062676	78.71936630949006	-10.438696665816318	467.93970173630544	2207.8848088559616	1575.522242388733	-1554.4186047613775	7.23768617881331
?	168.37280427355392	-398.7278879784836	70.59436701650719	-284.60778804389224	501.98720150600565	5668.659443821422	1285.5602999325633	-7277.57741945404	7.738293715955683
?	142.4303462971998	-242.70218067238744	64.4889769072955	64.0154778898991	751.3726739273756	4727.718697934574	1211.6433714160323	-1503.6294428309163	1.883897775106151
?	156.2376952399346	147.81407283666277	73.79514091100214	176.13563384765433	738.3731364027335	-658.0907505593065	1210.3788277910178	-353.83960430153945	2.54339667796695
?	149.82104993903292	-3144.753904798703	73.29575859967818	-523.6058107996763	718.4681363994104	2973.207471397326	1193.9513912009554	5327.124114526565	9.179807963938092
?	-1	-3016.420998780669	47.61485037101841	-575.5995641572914	887.0335099725993	3096.262803018446	1476.735033517345	7330.888259694015	-1
?	-1	2823.177327735873	44.51578039181371	410.48625222561316	873.2812765503321	-2720.22003235687	1560.4958041856548	-2728.7556932230023	-1
?	140.15886638679314	2806.220586558583	68.139162982299	660.093007960788	751.0225083547563	-4731.828456282466	1340.2972488561954	-8743.401824637835	3.6553214402221186
?	139.31102932792865	-111.34376500146044	77.520430789853	72.91201646137151	636.6898537362097	-5025.780201414386	1123.3257129537647	-1309.0377399555837	13.21014780152527
?	134.59167813672013	-286.5848426419548	71.78476380536756	-160.67295272484301	499.73349828403786	-5357.347813851602	1274.8453618584165	5521.208301323874	9.342880811674505
?	124.98178719583096	-326.26593498219535	69.48678315361087	-171.05349738459242	368.82246304363053	-2882.1717206932626	1399.3861280199574	144.1040432132109	9.974715673327692
?	118.27838138761042	-197.13974507955598	63.23208893613797	-241.18828368685158	355.62491224937526	-288.26240229264374	1282.050564019077	-3166.7094218571287	10.52077544778719
?	115.1247999418532	98.41420198729203	57.427368969268336	176.6669959189452	354.4093429289984	497.1489884178829	1241.0506569271015	-84.60242779642643	2.1862563199918386
?	123.19909148697501	160.08684615890644	72.0654387320852	250.24109453626113	380.4823616702693	2272.669441739994	1277.8204426292557	66.32989021215077	7.592131604237044
?	123.12914224979849	-2483.981829739509	69.93942369608135	-485.06748606823123	468.0428150159977	10473.317402211715	1244.367151437709	3962.967663914342	5.752332418054796
?	-1	-2482.5828449959786	47.81206442867372	-198.29092343134974	904.1482317808532	11732.18752264024	1475.968825824972	7331.132874352137	-1
?	-1	3789.1715915323007	60.0248775245139	372.0529954504993	1054.6521911480077	-7612.958081602728	1610.9237951553146	4676.4093727127765	-3.3492262416145753
?	188.45857957661437	4886.883069395494	66.41471420119862	292.21764614485625	523.5003277007181	-12899.613938872752	1709.78929446061	-317.7633798365571	4.574002444298883
?	243.34415346977383	1610.088843006666	74.63575983175666	146.65417600315857	409.6714942043724	-3324.5201466329936	1595.0356261634868	-4337.792194860878	7.803511162920136
?	268.9630217269474	214.4233784791529	73.74742300135652	-328.83219408266416	357.274320369069	10509.582707140695	1492.899684717567	866.0317556157528	14.888317504429526
?	254.06532239373144	-5399.260434538966	58.19415012762351	-377.2034399444166	935.1506295614053	12144.34307003555	1638.3372139442743	4418.185238563062	-1
?	-1	-5101.306447874646	54.88725100413576	65.04139395483486	964.4914738708444	14.31051301296298	1713.8089466457193	-1995.258516598872	-1
?	-1	0	61.44621982536524	134.85675224352894	935.8661552120534	-150.23120171421678	1538.574288114331	-1714.0438493132767	-1
?	-1	0	61.630088616312186	-69.93909572718717	956.9799137851336	368.310245922295	1628.1067541800558	1636.6618595246805	-1
?	-1	0	57.949265039005894	-217.12511146922273	954.2816675081681	-979.4717539336979	1620.4073810905647	-1140.3335488692114	-1
?	-1	2564.808692378376	50.77383304285109	122.61908091427118	908.0063260884489	-7674.453878984623	1571.0900767365954	-784.24226773165	-1
?	127.24043461891833	3110.1277219470576	64.08021908471943	591.9462450582927	570.5589735589383	-7087.7103987871305	1581.1952677039824	-160.2238875438985	3.388994314551992
?	154.50638609735233	762.3986353660591	80.37114529576562	194.65938883002264	553.6208061490936	-2012.7169522572538	1563.0788823594005	-4717.1390591268555	4.300372242602771
?	165.36036638722115	309.48217943459264	73.81318852622053	-132.02706731450624	469.92312594607597	-2739.2585656099886	1345.3383147476404	2469.810776439071	10.91821060331275
?	169.9804950690819	-103.90308909445687	73.76979193004033	-57.9019147498419	416.65787786859465	-2643.551377739974	1686.5694211813536	7532.611102041559	13.718879218436214
?	160.16521193249832	-493.2662891499121	70.91809278872844	-238.43344264044944	337.7455570590777	-113.89633153434187	1721.968869849717	551.4229706383613	15.269910521378488
?	145.3171806115864	-261.00012152393083	61.8481197980179	-218.56206897979467	410.9630612918776	153.80686452314703	1714.1405697132716	-2414.724605120736	-1
?	147.11520585630183	-123.57947165442441	59.98998933973875	67.8271990176945	345.43590028523505	1248.8884098891253	1601.2326395936807	-3938.3934379881025	-1
?	139.1382070288652	-30.452836275325232	65.23947974890261	357.8347254675805	473.4074817863336	6113.508219418754	1517.2208978138672	-3134.108667760822	4.115119809484308
?	145.59256404253557	121.78100384275567	77.88172561311771	86.5800479951213	651.1113112561717	86.80374791888343	1444.5272062056401	-5879.777127254363	6.971112536579265
?	145.22725722100296	-49.30679986052912	69.56848214865866	-198.6207316517148	477.7476691822778	-4870.625851423409	1223.23204145115	-6048.806378455187	8.327604764220961
?	143.12722404950912	-241.66052083223775	67.950689030532	28.680210640793394	407.58001868500213	3556.4950971694657	1142.086887282882	-5105.281688555469	13.09855503165194
?	133.1442311793911	-196.53208763598812	71.00249268069833	-69.72035513408794	655.5724240407504	6350.663492738771	967.9679570233775	-589.4200884039103	14.961140954502977
?	133.30061966770975	-2682.884623587832	64.46467127382762	-282.5250589220559	725.1131933219396	7903.643335735263	1112.6158828626865	14225.519847027404	3.109172413652001
?	-1	3190.2693997201554	56.87623973459558	-17.01999973938334	1050.7545908275122	1868.838276650158	1679.2439493747452	11966.37666903011	-1
?	292.81408965371696	5010.8788665053135	63.613671286858455	245.13932967403082	818.5551071544471	-14696.460970832342	1710.93471631419	-2046.8713963625605	6.3978612826497265
?	249.5439433252648	-3304.1169983911404	69.13320621829708	294.71311971424774	315.9315422858977	-5984.941150468488	1576.9003795566175	-4071.10099318014	7.406075465237338
?	127.60823973416052	-2488.0427859572583	78.34932727257079	-74.40418451224672	519.3080496310238	2138.1858317042233	1507.3796666551837	-1168.1487840250652	7.348416315092881
?	125.14180402740232	-10.266913684382681	65.41299699268475	-360.58943758646865	422.8408338711085	-1227.8125572135637	1518.4929403553645	-1424.9036714978597	2.879342813240408
?	127.09489404994139	230.4269327993475	60.31985539324742	170.7329952962576	457.9174217703458	294.89458021219536	1436.134483080291	3511.1148666420545	11.025905120066529
?	136.66315066736965	118.11824615449424	73.9496467574976	266.87844605812313	437.5855628817182	2399.9366556908517	1694.0486836874666	-547.9591644662988	7.638229613641874
?	133.00080635766608	21.948732221211536	73.66377769615353	-207.58602827815838	577.914254554888	3230.2715463485233	1408.736524856976	-3233.9136076383625	8.35076027061244
?	137.76058727843022	-2680.016127153331	63.57034534358972	-279.90007047704137	599.0991401991438	8555.562803613528	1532.353003305549	8102.004233514096	4.081607615455824
?	-1	51.54313782717186	59.66877417230151	114.25179845860909	1005.6923947355629	4362.673014850111	1813.8367365326794	-140.92898470914457	3.734843469727351
?	140.3377441697888	2727.868232900859	69.28293526652016	367.8281660509329	817.2327909416486	-6738.73075737812	1525.3065540700918	-16916.693569712384	1.8568874399412976
?	135.39341164504245	-258.021462668647	78.06018247484809	61.71111992416251	668.7558568666581	-4109.739389732996	968.0020580470632	-3107.069139244206	6.68139357583008
?	127.4366710363565	-275.8043056026308	72.36849126272827	-232.29613540647134	611.7458214549995	-6871.030641984496	1369.953097107882	17782.893518629517	3.4201167020405725
?	121.60319636491096	-185.22135877068885	66.44537570452457	-228.2164510253143	325.2043247674345	-2489.247910581433	1857.1467339785358	5434.297383694198	11.217712778806064
?	118.17560309782209	-2452.063927298228	60.957668711462595	-236.90274043940704	487.28342592592827	14005.16303461549	1641.667966292591	-1461.3474017251754	13.435652306517603
?	-1	-2383.5120619564505	54.600238682554256	-145.0696951961188	1025.4624764982066	9016.474401156642	1784.0793638922773	647.498589732279	-1
?	-1	3582.0264587805323	53.70418395165668	333.72643146538155	938.1071459837588	-6222.23822412397	1674.0428957792049	-10010.190731524839	-1
?	178.10132293902598	3630.628315352622	71.28656025582328	437.9682557904482	714.3505652920092	-6036.212558645238	1283.5698273160372	-14849.416696395272	6.9960161565665535
?	180.53141576763045	332.7135604644889	75.60259674117901	32.161161196224384	636.296518051498	-1389.3807792683133	931.5720609594439	-2814.0588050391407	14.522095062827447
?	194.73700096225036	143.79316257088527	72.89461831563449	-132.45759956710648	644.8815263285937	-4247.197552620976	1142.8668870640806	4992.374116969399	19.83182526449216
?	187.7210738961747	-630.771264228992	68.97971676282371	-359.58698150817565	423.9366404204499	1103.851222483376	1181.190766807913	4019.2161016475125	12.631474558341576
?	163.19843775080088	-3774.421477923507	54.91526924022577	-217.72871149110065	700.0740874527623	9688.080091963644	1343.8276921464555	9128.909697278632	4.599103520758222
?	-1	-481.0190659006088	58.09328118826872	457.6519372765545	908.3406450186304	-5580.221908453753	1637.636251671843	3127.329913344849	-1.6301035514841133
?	139.14748445577052	2476.108061745818	77.79786610405341	305.18160517775266	421.0629920300757	-9286.483322903383	1500.1941878136975	-5381.854043722284	5.453869668602386
?	122.80540308729044	-366.8085463974272	73.3523614471563	-26.343823635319076	444.016478873463	3217.3225481861086	1368.5435494857297	-1320.2152959817342	6.357401915024005
?	120.80705713589923	-118.72993806646221	76.48067492228746	-188.3438198271352	581.9291194393805	-906.8399756245274	1434.183423014611	1622.7023906764555	6.8970350722041776
?	116.86890618396735	-15.489315739100446	63.93517045579957	-351.55112215369326	398.67448009223676	-4495.3251715670685	1449.6786690195522	714.9408097607764	2.873708794775858
?	120.03259134894421	387.8845289485411	58.90311881460286	187.2225310451517	357.1628608610279	99.28430902455752	1469.9304635026497	5384.335333904247	12.872912093731163
?	136.26313263139434	205.6615189744203	73.29629700805712	248.8747148613567	403.6386955434646	4552.786838684094	1718.8954357147636	-186.86368707859467	9.269530590333297
?	130.3156672976652	-1.0051972888095442	71.34685455767065	-4.651724126952689	584.8022027952318	1277.4241644414178	1460.58727914872	-3845.1257803094586	4.595002117441796
?	136.21287276695386	-2626.3133459533133	73.06371080170949	-302.15186006035316	467.5099037655353	6469.063989014729	1526.6391466992914	4051.8339084593035	7.752056810526615
?	-1	-2744.257455339087	56.23926155465305	-242.24842933062448	908.255402245967	11900.396217382991	1663.1789745716844	5844.666543087858	-1
?	-1	0	60.95128933517831	143.04713692232178	1062.5297146346827	4220.30201596191	1818.8724738536832	3060.994246503371	-1
?	-1	3050.7794966141014	63.39161840076911	234.7359158336975	1119.2705030440618	-10617.350522261397	1816.2286868968524	-6755.009752329098	5.214585144131091
?	151.53897483070452	2997.9705615692887	72.68808512686314	261.1787773319744	531.6621885216148	-11603.919385889985	1481.1219862372295	-14981.46759606713	6.502400280989684
?	148.8985280784639	-21.247787682399423	76.45055726736779	16.897199386808442	539.0745337495646	-733.4505132683674	1067.1553070934985	-7889.753337241924	13.062768455926776
?	150.47658544658455	-121.22648633326762	73.53294509620356	-238.17286048835655	494.98966285819654	2448.362815089244	1086.6343193751347	2765.331123269085	19.846427692570167
?	142.83720376180054	-3029.531708931702	64.54191424295	-349.6650039503049	661.4926745040264	8851.67475683338	1205.4218632569523	7248.753303301572	6.609085203840034
?	-1	-2876.7440752360208	56.04969489868838	-74.53882615072727	937.5734006998639	6471.429289647788	1449.071984540212	6374.936865346767	-1
?	-1	0	60.81497293541365	108.32985631303767	985.0641389864146	1634.1161912487305	1524.1687065242895	1409.3794855562787	-1
?	-1	0	61.46618771434024	-55.46081105650521	1019.2792102623001	-482.78525737529833	1519.5409588180257	650.6639719886766	-1
?	-1	0	58.0419323825884	-198.02982199658516	960.9248761176498	-1888.818120121864	1556.7019051237232	1158.2790650449756	-1
?	-1	11072.51695559652	51.56469661451102	187.58266570206482	924.8383042562073	2826.606505714436	1577.4549120702743	6999.211618751871	-1
?	552.6258477798241	6967.620900876869	67.42106566769161	321.204430018949	1102.255201403371	1953.1988868717146	1906.6624860613156	-1682.751765556142	9.14831414771924
?	347.3810450438422	-8546.641846046587	67.62491811545841	112.96418694766072	1022.4982485997926	-14175.707340860044	1493.3173237924675	-12146.936966970396	3.094810479675509
?	125.29375547749629	-4401.6387935566145	73.06927501507462	115.34073924283219	393.46983436037135	-12340.331455528527	1299.315637712798	-3499.6591118648744	8.980234859279921
?	127.2991053660123	44.08415370506782	73.3919550776	109.39385490276878	405.4816758233685	4253.496186427402	1318.3343681992244	1374.440215542048	9.572219569652367
?	127.49796316274971	-25.43389634594454	78.53896776021314	-59.93346361058599	606.1446436817445	2615.683250289989	1368.0376484899014	1702.2596976293412	14.115000978535221
?	126.02741054871505	-2569.959263254958	70.39528189707066	-495.9004683375516	536.2658383378698	3971.650545317819	1403.4473530806927	4781.73115025555	5.882690303325675
?	-1	156.25701624663895	53.74394434333521	-38.10283489318326	804.7271709476382	261.0088562248606	1607.1242060026823	97.27194540854133	-1
?	133.8402613610471	2710.372746205507	68.49014015241147	410.6169276917595	549.316281149113	-2877.0197140060964	1408.3109503511198	-5245.592104765622	6.310009903834085
?	134.51863731027728	69.29443860888641	74.27479072792347	-72.1286824565932	660.8761852473314	-3383.120667983686	1344.8446007643975	-2544.748874364459	10.10651177097971
?	137.30498329149148	-54.52947191988451	64.88370602958176	-118.93262820410912	380.1602477499263	-734.816590007234	1281.073506632895	-7730.587861132928	10.605329558279681
?	131.79216371428302	-172.58099023514472	68.32815931771793	-56.582519285264446	624.1353557469691	7515.133187039645	958.3152077077456	-1663.0922289267155	11.334921925954186
?	128.67593377973412	-2655.8432742856226	62.0545800653185	-247.7946655936643	755.9169071019139	7041.4305462378	1197.918895186558	11928.258133173624	6.359325330958842
?	-1	129.0892957942792	55.93842603803454	126.07955869525802	976.2068830588642	-297.31482364653436	1554.7281143664352	2135.834423925395	-1
?	135.13039856944818	2695.626694363455	68.35855800008149	357.3398105630169	741.051165919587	-6976.94827855052	1304.7106163828294	-7695.205535324953	-1.5740129837260717
?	133.78133471817466	-54.67327352904342	73.80541656618564	-122.69624299886384	627.3594691313332	-696.5719683755825	1169.967837600182	553.7108234490019	13.119414165647253
?	132.39673489299597	-2695.626694363455	62.22374585013821	-374.3880197390434	706.2225675008074	8098.473090246194	1332.3961575552798	6913.7264924178335	6.309821753613841
?	-1	-2667.9346978598815	55.086015579233205	-203.09240497127655	1032.2831236436487	3357.0119923060997	1515.6541622210786	3486.4722551195614	-1
?	-1	2837.078101611903	52.069125601574235	300.1324109961823	874.0731671161148	-9204.129810823099	1506.7197703112604	-9963.152741740763	-1
?	140.85390508059717	2774.43760390061	70.09263612904253	498.6621334663569	572.0766331024872	-10487.252529925932	1017.4965251340334	-12274.809462488969	2.534371948788038
?	137.72188019503247	-148.3259557170233	77.00223227489244	-100.37844430172498	349.7105406198107	-667.300863619134	892.9792971868033	1895.9680839173739	20.287477952972715
?	133.4376072947459	-2774.43760390061	65.07371391395621	-525.6706729155328	538.71158992153	11760.674776016747	1112.2949293299034	13847.632265121605	11.472186019815247
?	-1	-403.9106236578149	50.71869862911542	-59.03130638729523	937.7442794206564	6721.04802698288	1585.3609104428933	6378.698731623322	-1
?	113.24207611185487	2246.8252905772374	62.12214859459141	528.9353890127812	874.7639912706788	-9306.906563832716	1431.229865911074	-8910.369368122074	-1.5398954069016224
?	111.34126452886346	-108.71691149062643	77.16546807975486	309.95045350770613	472.3989512290141	-8214.43570146641	1139.8424420367833	-5148.845739327944	7.79759501189667
?	107.80623053732347	-79.65759250736	77.61967126997693	-27.847958814357586	464.0422061973525	-123.77976514968674	1173.7875789446732	2405.4595538943545	12.053087652967164
?	107.3583849034954	31.094762008429612	75.77307013903696	-107.37444992554903	466.20996297152965	-42.19133396173956	1260.1154197315027	3205.3586068173536	14.13330903685567
?	109.36096863774497	-2167.167698069877	72.2509487736994	-376.3608730558179	461.9326394992655	8981.407513019738	1334.0555092855432	8595.095770442094	7.424405401612461
?	-1	-2207.2193727548683	56.9550264862458	-216.68353761659068	915.2803386225229	11742.642302283894	1689.8702082536136	4120.845329163504	-1
?	-1	2627.7842842615905	61.41677189286972	246.16951868741543	1049.0647546134685	-1877.289373956167	1540.0977757437213	-9038.835087503092	2.967087107446533
?	130.3892142130814	2521.736750718395	69.26350242061675	353.0661990393072	821.4158699247132	-8456.667115053142	1237.9284538784525	-8816.842262345725	3.4533248794976927
?	125.08683753592153	-278.223196977261	79.07008184483533	141.86505702803768	626.2313988608054	-2247.488803506344	1099.2556626264288	133.12763586764314	7.635586199527995
?	116.47805436421815	-257.85701233041016	76.35675527201873	-71.90700791776419	709.0414297493944	931.8335164986665	1244.5848356718348	4092.397496111954	12.016969513126792
?	112.19398691940084	-234.60239549783617	75.47473144894707	-37.57793896325385	672.8230746857394	-1508.6612337026272	1303.8755374320294	1605.9710434034469	14.021941395054549
?	104.74793458932618	4428.234850369506	74.47785832385601	-89.69560905816039	633.608368064262	-2367.999435382308	1324.8833878420082	717.6768505852203	9.132376647148666
?	333.6057294378793	6679.972185846729	70.98995099603899	-376.841219589751	554.4231029166223	1542.325528805637	1339.759379961291	2800.849139720727	4.670777538068288
?	438.7465438816674	-6692.11458875749	55.63579734436819	-402.0112907565111	710.7246445045449	10342.240346070936	1464.9258448280466	5537.451857233275	-1
?	-1	-8794.930877633222	50.889386458213146	21.569736890527317	1071.5351202201764	8345.092345362344	1616.6319728229587	2275.478088016566	-1
?	-1	2423.908497200299	56.714284188894574	335.7834744213789	1127.979261772668	-9140.306810533486	1578.6997492288765	-9458.030249146157	-1
?	120.19542486001667	2263.512210761019	67.67856017928233	390.2957067760124	614.5197796934956	-9991.684702804907	1143.7304603656441	-9758.951508096663	3.174946044462216
?	112.17561053805255	-218.43297561371432	76.22906952769547	175.6994726559214	628.3950266324156	1258.7997615565498	1090.7521738240364	1068.5943002773895	8.892328818046345
?	109.2737760793308	-126.86280364442429	76.46353381207852	-1.9339927881943888	677.459767771324	1053.3668059588954	1197.1601753795144	2694.1527161224058	16.814610864636702
?	105.83247035583125	-79.96992132301017	76.13236988828575	-21.105468983683963	681.0633669303611	21.610824118294808	1225.4598096301586	1520.1159689493954	15.87172100950335
?	105.27528001318024	-2116.649407116595	75.40826036289431	-1522.6473977656933	678.5403089772387	-13621.26733860703	1273.1659738269852	-24509.196192602823	16.30946666177514
