rowLabel	avP	dP	avI	dI	f1	dF1	f2	dF2	h
?	93.12173195562244	1941.1932959763271	59.30759305714715	1264.5510954816154	276.00841028380097	9172.016078800529	1478.8123991919035	30303.820576919283	-1
?	97.05966479881636	-1882.4346391124486	63.22755477408078	80.34450834937488	458.6008039400264	3332.3364092550173	1515.1910288459642	-2384.8981979026576	7.464360244798367
?	-1	-1961.1932959763265	63.324818474615896	-143.4774575867794	442.62523074655184	-1226.0280412926984	1359.5674892967706	-3823.4779041310217	4.6552414848569486
?	-1	0	56.05368189474181	-251.29898132315694	397.2994018753915	-1241.7477517502768	1324.017133639413	-1618.8991598896705	-1
?	-1	0	50.75986940845805	-285.4095528029961	380.537843159038	6585.806167731711	1278.6225313022871	-801.2872846014082	-1
?	-1	0	41.78320425459201	-202.22763361005013	726.589710261977	5644.4404931049485	1283.9527694093426	1294.3395424307757	-1
?	-1	3029.8023872666795	40.64848772795555	443.39377089046644	662.7598678142854	-6724.125609252437	1343.339508423826	3594.331224050262	-1
?	150.49011936333395	3310.8382216071186	63.952892799115325	749.6068197459736	390.38342979935516	-5963.648620178528	1463.6693306118557	-7244.241677089501	7.133092102893155
?	164.5419110803559	630.4709576792602	78.12882871525422	276.04807967576215	364.577436805359	-309.46133500343655	981.127424569351	-9058.193723801422	16.03079257694352
?	182.01366724729695	270.7881095572572	77.75529678290343	-377.587085071984	374.91036304918333	640.7373332880685	1010.7596444217847	6790.307974831155	20.39374178945284
?	178.08131655821876	-3660.2733449459356	59.24947446165502	-408.88915987707344	396.61430346976243	8777.50120143545	1320.6428233109086	9033.406224465363	7.005725527517351
?	-1	-904.490009621014	57.31083878904974	177.7877908905978	813.7854231209562	673.7448257496266	1462.4299556450533	-770.2611514707444	-1
?	132.85681607716802	2144.255496332993	68.13886400618492	118.33644111078347	430.3015447572438	-6876.854951965056	1282.1297657373714	-542.1365312619987	8.369280152886075
?	106.21277481664974	-445.4756208355282	63.22766084458892	-3.954729117812686	469.94267552270315	-189.27311078640497	1435.3231290819533	6538.197476285171	7.782708334011209
?	110.58303503539159	54.67385763140437	67.94112755029428	176.57031863730478	420.83788921792353	-1577.0816555812755	1609.0396395516302	1341.4646185347726	11.677177715058722
?	108.94646769821996	-283.57624990793545	72.05617677645417	-127.80988278529026	391.0885927436393	1850.2227056401393	1502.396360008692	1284.6023882748057	17.13964236154019
?	96.4042225399948	-64.62446871339887	61.550633411029764	-192.53200391468948	513.3490244999306	3546.419887269473	1673.2697589653706	4494.2472520666215	10.31928778088624
?	105.71524426255002	-10.647299169712303	62.42957658071968	224.3448651590132	568.4095871071131	-1918.8786437876133	1727.1087226120233	-10963.241284781683	8.648123014054288
?	95.87185758150919	-388.84213403763846	72.76787666898044	157.43306732405458	417.40509231054983	-3272.261346612067	1125.107694726286	-18228.74664255017	15.503465665693861
?	86.27313756066808	-286.1492934200434	70.30122994692242	-192.47716203226898	404.7965197765096	-653.3363488450275	815.671390484514	-7219.122959939435	13.845091809172526
?	81.56439291050704	-4.6849085103841	63.144018567367	-414.6935049555285	384.7382748682985	-149.40389644422666	764.1515467293147	5203.94146428378	13.37961781368795
?	86.03889213514887	-1651.2878582101393	49.566554699145975	-418.907787135356	397.3263249542983	2723.400878647444	1075.8684636987032	12669.632317944515	-1
?	-1	-1740.777842702976	42.19862921059918	-133.6591349696349	520.9083188006708	3235.6128376015936	1397.633162626541	10943.258416362823	-1
?	-1	0	42.883597950664225	316.4861202537591	559.1069668343781	5849.458956412463	1623.0313845168448	7180.56370234757	-1
?	-1	0	58.02293522328715	309.84291771402684	813.3812666212942	6397.395073328017	1756.6613477439198	2323.6595183074974	-1
?	-1	0	58.37574383636558	94.35738669837909	878.9767205007793	-1123.485769026985	1739.2143604322198	314.0474082127591	-1
?	-1	2391.3707086810273	62.74080455820611	294.90387711715033	757.2069781699449	-10546.400784699546	1772.3637181545578	1171.810887899536	-1
?	118.56853543405147	2147.8239088196956	73.12093769222311	-179.49223283822062	351.65668126580147	-7946.941324474429	1797.8049048271967	-3011.254364003741	8.410879502568898
?	106.39119544098487	-2391.3707086810273	53.76619291629507	-585.1359409564176	359.8599119462231	1612.4704002682856	1621.8009999543706	-7839.1638853221475	3.606940490420514
?	-1	-2147.8239088196956	43.864140644402205	30.82571766075756	432.2802012792158	7014.135045331608	1405.846710561089	1053.4484521637514	-1
?	-1	2284.445439415961	55.30747879933295	571.0182331854875	710.5666642128039	-254.84165726310812	1674.4734225625582	2289.109091014064	-1
?	113.22227197079815	2136.6271451761013	72.4150523036766	405.4556699631397	419.5381184160604	-5318.738531351505	1520.3021651117922	-8006.052821322343	6.977107288049536
?	105.83135725880516	-243.93261311249438	75.58026229748995	37.50357092947379	444.6297376452284	897.0123585731463	1274.1707814964407	-6681.402815124582	20.0336611406609
?	101.02564131517342	-184.25510093478647	74.2902308501503	-90.67050635152944	464.38873634471776	-1186.322691468672	1186.2320243555628	-4219.540951887908	17.824104777592517
?	96.61860221206582	-88.06390292888202	71.04673697991348	-99.81828949159555	385.3136030717947	-3070.3628319601394	1063.193733902045	-5766.828328016835	15.831058535256812
?	96.62244616872931	-74.77877528013714	69.29931637557051	-73.04952569611878	310.87059474671065	-2090.017302714655	897.8906079547207	278.6595130200383	22.62033302072753
?	92.87966344805896	-17.377351931893358	67.39426069510753	-142.58944481038145	280.81273793606186	-1062.8159063028058	1077.126709553047	4351.0599309579	21.96117670857297
?	95.75357857213464	185.45745513061615	62.169844135051434	-314.537750116907	257.7297994315703	1884.5783937764766	1115.443604502616	4730.243877992498	17.502722445701618
?	102.15253620458978	-1935.071571442691	51.66737318926217	-401.8532161388904	375.0416576248858	6239.219539970458	1313.6389034526721	6533.112921506712	-1
?	-1	-2063.0507240918027	42.0771833281069	-235.1272368361678	569.6907764300935	6590.652230610725	1442.0992505779518	770.7830803990673	-1
?	-1	0	39.91101134745382	183.598699632474	704.5742691554209	5561.851507089931	1352.1780574726254	4344.021664919921	-1
?	-1	0	51.257118309730565	129.78325940213355	847.7833517845891	3189.0784564758746	1659.300333823947	4814.574183178151	-1
?	-1	2968.323543535852	46.40017431756048	344.29475672205905	864.0281919792141	-4597.486289181279	1592.906766631532	1239.9727343532684	-1
?	147.41617717679208	2839.358544465116	68.47185614583346	580.6087341758265	617.9090373255259	-9265.531383426798	1721.2989705416103	1076.1617994239843	11.131788297914149
?	140.96792722325532	-163.5046850489465	75.4306110263517	-296.90544751606444	400.7516228078758	-3770.2011022730276	1646.714856602731	-6735.343719506983	15.221220217695869
?	139.24094292434478	-152.68486044829953	53.62658377003029	-64.23046902772222	429.3989822118752	1823.7273172510863	1384.5317845662623	-2206.0550248767627	-1
?	133.33368420084037	-373.5342512226011	72.2190875749656	397.8266433355516	491.9379886704298	1414.09833329092	1536.4121053588933	-1081.7747214028889	4.823523339323182
?	120.56423036321479	-530.1065266811513	73.5179159368078	-283.44622825439575	500.10389887642094	3354.7603959484622	1330.443048496118	2115.185490620687	12.125088997304015
?	106.8283578667829	-2431.284607264304	58.04677616224586	-361.3664516860742	659.6760084678523	6804.859855593389	1642.1713798899273	7234.063334888618	-1
?	-1	167.5640778442619	55.44959335250415	15.875542152833958	840.3468916560892	-820.1962587106284	1692.1462152405477	471.6363567931301	-1
?	115.20656175899596	2250.989940523328	58.84055326988756	369.1378420664789	618.666195532321	-7768.7713010569705	1665.7531977295837	-1589.2513153528	11.162850436226307
?	111.54949702616601	-253.443564692191	73.90648545582803	306.2208392843824	451.908326603242	-2857.718000320799	1612.683649472908	-1217.8977719345173	9.256786244479923
?	102.53438352438646	-283.5565980658105	74.15159523410662	-28.67897562784133	475.78029551628157	461.85829817640575	1604.858309132858	2626.204489303273	12.890801276046972
?	97.37166712287554	-146.609590844842	72.47253667443597	-67.12033310436165	475.0012415120622	46.64615973216899	1743.9938739380711	1238.6829578332479	7.839508870237793
?	95.20390398214438	-94.36084965078612	70.79557857888855	-148.98626385874732	478.11260350289	-554.2300115787813	1666.7924570245202	-4649.323323919714	10.202024834649112
?	92.65362464033625	-164.12581891377047	65.02322348149863	-327.5660301010865	447.28974093312326	4886.4121168142965	1511.5277077420862	-1723.4886710176686	11.715747747676698
?	86.99761303645589	-1873.0724928067316	54.417277073834285	-400.91382660308784	722.433209343604	5976.8386269674465	1580.618023473637	-423.9402441788767	-1
?	-1	-1759.952260729124	44.97753215134431	-280.47783275426	746.1316722814945	-2743.7743623118836	1490.3306955331425	-2313.484323824063	-1
?	-1	0	40.393385436121335	-113.36004896499855	585.2444912280103	-3944.8679705812474	1464.9438072824344	-2500.7673323883228	-1
?	-1	0	39.309529703094405	-15.910560983859398	548.8882737524328	-1827.5116014980822	1365.2923289137268	-1062.74303509886	-1
?	-1	0	39.59785738692837	61.45551620911498	493.86891115310647	-1948.3717164007408	1411.8066555274916	1544.4561149800538	-1
?	-1	0	42.38230551355014	108.19650596681579	451.46968793239614	232.39557697635033	1442.5151346627292	1556.7117649267093	-1
?	-1	0	45.00768268526914	193.9446624597741	505.48869000192394	-824.280222487816	1489.6422437738267	-702.0957663488232	-1
?	-1	2286.358910291277	52.079538636538814	483.08361761939113	410.2556768080055	408.1667081142533	1407.4103463452882	-1587.662463610801	-1
?	113.31794551456345	2321.7956619819774	69.16186356623861	187.0617237336321	525.8970254076365	-122.84553132300105	1410.259120593287	1776.8980469671233	8.32080021463521
?	115.08978309909845	-2286.358910291277	61.43262482322039	-389.12901199399295	404.11340024185546	-39.707320996258346	1496.255248693644	690.7569473032188	8.897347820309516
?	-1	-51.02167351760177	49.70541296653903	162.59755625628472	523.9116593578236	-852.8723709235609	1444.7969679584478	6985.490426007661	-1
?	112.53869942321838	2116.1057763117074	69.5625026360346	130.1029711092244	361.46978169567757	189.97979652121626	1845.5297699940259	5302.950652790506	8.432434083648484
?	104.805288815585	590.994553303844	56.210561522000226	-194.2623700145519	533.4106491838844	4936.786840844828	1709.9445005979721	-8817.372514458211	6.535515490753879
?	142.08842708841047	591.6597241724049	59.849384135307034	253.21658031424525	608.3091237379181	-1855.851314861769	1404.6611442711169	-13796.90856701597	6.111469694953426
?	134.38827502420514	-312.72137741477763	68.87139053771244	-198.389843935375	440.6180834407963	-1325.0984431441932	1020.0990722471761	-1034.5084454527332	11.291608119455061
?	126.45235821767164	-2707.7655004841126	49.92989193853832	-304.733573567256	542.0542015807087	694.3091643733274	1352.9357219984804	7914.172217087567	-1
?	-1	301.06525416864537	53.6347118593497	403.4140270517693	475.3335416594625	-4570.993815246395	1415.807683101553	-10205.335071367372	6.206041817213802
?	141.50562092610386	2833.537433662724	70.10059329112671	392.2196121854658	313.50451081838975	-2095.6219166388787	842.6689684301136	-11703.743439370637	10.439027499184169
?	140.67687168313572	-220.96848051457323	73.24569246862292	60.46725770221279	370.55244582751897	993.3366466101439	830.6205111330232	1686.3417265890885	15.093783601459776
?	130.45719690037524	-318.4958768898852	73.12395617623734	-43.51624265426396	363.17134314889677	-1402.2126776154964	926.9860547595678	2960.431001506867	10.602444566875604
?	124.75207783864151	-302.57788406034814	71.06988033590973	-55.736363551714504	300.4418119467444	-1267.0914250870408	978.642061208366	2928.1843621618227	14.617587300337917
?	115.32830269735788	-340.5539553420443	70.33713799865163	-154.41452216129147	299.81677189454496	80.32306050598578	1073.3952728676584	9538.842971988792	8.069285917092254
?	107.72438007153936	-68.71898355514868	63.34915422784518	19.66237925847487	304.45796497204367	1865.7756905304664	1455.584209807804	9722.682647543159	7.273378399471863
?	111.89235351960046	-102.58012559847637	71.32025696157537	-44.5947449709074	393.10555642106794	1563.335691000286	1559.5294052448146	5528.374909140545	11.076027998829538
?	102.59537379161556	-2257.8470703920175	61.11941697929982	-502.61515881401954	382.6247495220577	3901.315011121751	1732.0029552648302	-181.4460600452828	11.147596729138835
?	-1	184.33747760945957	46.18949902087448	-14.608174134228216	588.1713069771548	1361.3874544587545	1550.4571022425505	2064.909429029024	-1
?	111.8122476720885	1875.157425224432	60.38900827258841	360.62260129275944	450.6941222449952	-5494.656286290907	1835.248426716281	4730.328681041336	7.283449780523264
?	92.75787126122127	-411.9614599695462	64.22062908551239	-73.87542440680616	313.43849266261043	6057.460868877147	1786.9735362946165	-2923.797473795527	12.875998238856962
?	91.21417467361127	51.59604934078392	56.69523705224812	49.28886935329377	753.5671656888515	903.8095104676845	1689.0585530265053	-282.11533968749893	-1
?	95.33767372826046	-27.22662673217182	66.68507255317707	286.92430935404974	358.6289681859945	-7938.38748697347	1772.8677693102416	4170.070950294808	10.295174418185145
?	89.85284333700268	1385.7050570739073	71.04145251995055	-38.40160790137289	356.64779134017937	-583.7188222197435	1897.562100541245	-9332.95284059585	9.172505666763051
?	164.62292658195557	1450.6804258997736	64.76499215810843	-298.09978497626196	329.4430270750074	223.83387092781015	1306.2201272804507	-13935.248935111485	4.055725275674302
?	162.3868646319911	-3312.458531639123	56.13646327113751	-359.916485149449	367.83948488656983	5635.447409433718	1200.7996537856732	-1277.231366067358	-1
?	-1	-3267.737292639834	46.76916790063604	-188.06545883860534	611.2153975466923	4072.558006497521	1242.358558977083	1440.9839479906857	-1
?	-1	0	46.733190329207275	40.68247299500172	571.4673852114452	-1367.260047790592	1272.8488511852072	-2089.5360737451874	-1
?	-1	0	48.80329155038612	22.942521380062797	542.852395157163	1539.111751871611	1137.881755289824	-1126.1350194823303	-1
?	-1	0	47.88031639821041	1.0093813237111284	648.4229728050254	1263.5810441418175	1216.5421002110909	1379.0034676055216	-1
?	-1	0	48.85376061657168	53.86471153316568	606.0314473642536	-1305.4942600604204	1206.8319286700998	-1489.2016335812566	-1
?	-1	5051.208562724602	50.573551974868685	72.65536670575014	583.1482598020047	-126.19883157990262	1142.0820185320283	-5466.894165169516	-1
?	251.56042813622923	5051.208562724602	52.48652895185917	53.87207499427921	599.7215057852585	-2614.178516115832	933.487220411625	-1934.6993564113404	-1
?	251.56042813622923	-5051.208562724602	53.267155724582636	-73.08110037140776	452.4393339962135	-964.2105677818915	1045.3470507114616	5282.574356169981	-1
?	-1	-5051.208562724602	48.832473933288796	-109.73227957948136	551.5109773961641	2465.664684061356	1197.615938220123	3630.920212200498	-1
?	-1	0	47.78054174560859	-2.9768963716068804	575.7225681992809	3769.0575978350507	1226.893061321486	4831.855986762743	-1
?	-1	0	48.68362911470845	-22.387915785130097	739.963857287916	271.7567318202064	1439.2087375582594	3555.7881137731456	-1
?	-1	0	46.66114595635209	-67.51287103083907	589.3104047902912	-1977.8771943911195	1404.6824670101425	-1182.6642475941794	-1
?	-1	0	45.30798556316651	79.18259123706065	641.0699975683604	-2394.1339538753305	1380.0755251785506	-2899.4316635196597	-1
?	-1	0	50.620275518205105	85.99462226466146	469.60370709652506	-2689.1914581630094	1259.71088383416	-3475.7635967605606	-1
?	-1	0	49.60771667639957	-21.7427548344697	506.61042466021036	920.5700009781048	1206.2873453405232	892.7493241074976	-1
?	-1	0	49.533137776481624	28.17616934934516	515.6322071454301	122.77147544794205	1304.3483500395348	1827.8502647658	-1
?	-1	0	51.01652514386682	58.21301800224723	512.7489984326074	1417.223299953419	1297.6798585788129	1672.5489278903674	-1
?	-1	0	52.443788676593975	-18.442266507638074	586.4933721431008	1293.5448749674674	1387.9757964340529	4727.060662148158	-1
?	-1	2842.5895672936563	50.09441181848492	268.07530452555363	577.4262421809806	507.95229607514966	1534.03289168622	1736.2451062703365	-1
?	141.1294783646823	2686.2501787046167	65.84755390287161	569.7333234665858	611.8909869468582	-4491.290312654397	1474.7880517475694	-2831.727728091183	0.542927640656174
?	133.31250893523037	28.688732946275866	78.58107799181411	218.11138175369442	352.8617265482615	-5484.71835632889	1392.4465052816613	475.0957531086732	14.024517082439013
?	142.5639150119961	209.57389386280187	76.75312299055629	-148.8666440824832	337.6550691304147	938.5214522451246	1498.542839403003	-6146.776926944339	11.09888520253812
?	143.79120362837043	190.21237703585837	71.13774578768998	-471.8662614096345	399.7877991605176	3943.450710045544	1085.1076589344455	-9598.086727607772	14.76975639208535
?	152.074533863789	352.3377142872125	53.15980992007465	-86.75728868870297	534.8276046326912	171.0212082201605	1018.6385030226161	9813.50781970837	-1
?	161.408089342731	34.25550710582866	66.79988135325485	402.8176520569491	408.3388595715256	-4447.776696417278	1575.7830499198622	4207.304382879048	4.621223455549669
?	153.7873092190804	-81.11331888220803	73.30069252292203	194.20341556948313	312.4387698118281	-1597.4983362450757	1229.0037221665677	-6599.679441754848	19.13574192466244
?	157.3524233986206	-38.01970827088851	76.51005213172897	86.59987117577717	328.4639427592721	1111.2990355517893	1245.799077832121	-7737.750164853796	20.0201377836994
?	151.886323805536	-457.8704307958321	77.63068608171088	-251.4039209826193	368.00372158941735	1129.2849747551288	842.1162139238793	-2664.0121011293427	17.72732472377278
?	134.45890185882908	-3057.726476110731	63.93985608259805	-495.81812294317507	384.9281914970283	4484.2101618320285	1112.5984727756543	14162.24343398344	9.674988095953394
?	-1	286.1452704906667	52.83977993455221	85.03037700782743	592.214229681018	-214.1277692184709	1550.2283856230488	10988.333100930693	-1
?	148.76616538336236	2488.2435197376517	68.1913749329894	225.74948842848522	374.2218030361048	-6234.996603673124	1662.015127822187	-7421.782369153106	8.310933808339723
?	123.41217598688213	-676.4281124509374	64.12725435597643	-143.27699811057465	280.4643994973629	-1542.3369840861867	1179.1392671653948	-4632.010276130134	11.509945989602322
?	114.94475976081561	-126.07554335388517	61.0275250274607	76.9171346408106	297.10495383179574	716.2025889576605	1430.414614015681	10625.420456585327	-1
?	117.1083988191879	133.6350047421802	67.97311108801695	250.74512251927845	316.2745289452458	-377.54149732290466	1710.4102899946593	4232.830909466804	8.0982525803373
?	121.6265099979246	-1.3627263165378216	73.56478115342458	116.69866389489114	278.2278789656506	-838.2571377922382	1642.0561594890205	-489.315914380988	19.47521854505441
?	117.040262503361	-235.07443472112183	73.80804428276149	-343.4625786533169	274.361672055634	2432.9393358451393	1685.94449427561	-4340.573377330276	21.42770589739602
?	109.87278826186855	-2360.8052500672284	56.39165222075879	-482.77707437053635	399.8748457579071	5129.558707649794	1425.0274906225075	-5698.659211150154	11.138643719826149
?	-1	-2217.4557652373787	49.66919056423475	-19.54193360702611	530.8396074381228	2641.8127375216254	1401.0115337181032	5334.283911147996	-1
?	-1	0	55.41455554040749	-43.81985514002055	531.9654826339879	-1741.5359937380588	1691.7416861799063	1159.4419706875892	-0.3556543657049269
?	-1	0	47.478197807233734	-144.82528664267244	443.7628077512202	3485.367873271715	1458.9836322524825	-2902.8181600609346	-1
?	-1	0	48.173291208273895	263.2151863111897	706.233876297573	7683.037151400954	1546.60077817686	4637.601679065877	-1
?	-1	2625.0610268658425	60.63895712279317	387.9678595833391	827.9146653212665	-4286.0213059207035	1690.8637162057755	2753.9653375933503	-1
?	130.25305134329165	2301.787086611671	67.57168418744078	26.973850522399754	491.9328110015386	-4922.75763513878	1684.2990450565271	-1778.7900767281708	7.358672239150104
?	114.08935433058313	-2625.0610268658425	61.987649648913155	-148.3239933126016	581.7767835643284	4284.252193868269	1601.9242123693673	-3774.122373576383	8.732955037531907
?	-1	1495.115982652581	60.15548452181073	301.2236532256282	706.1454206949513	-2378.0225672228	1495.5929263777086	-12028.819315321782	-1
?	188.84515346321191	3337.856452872339	77.04883231019451	111.11023300903182	462.87565520318884	999.8136572459306	1000.4832466032803	-6417.498493957478	10.656709120346143
?	165.89282264361637	-3796.903069264252	65.7109961722623	-526.8311566450517	756.1361035572477	1903.5966054638209	1174.7180016798359	5538.558679419572	-0.020279296311441836
?	-1	89.6652882111832	50.70727447794202	-28.319984873547625	558.0554854763795	-4723.346909767302	1277.411180574258	6643.311797986126	-2.3913916919675566
?	170.3760870541755	3066.754456161076	64.29499692858492	500.6584435224949	519.9687580688834	-4166.000847471205	1506.883591579141	-3148.1518912827164	3.9642849906031197
?	152.33772280805326	-512.3604479054815	75.74019665406668	223.98749055336958	349.75544310282004	-3952.4457277504466	1120.0035860101227	-11984.036234361929	12.855473265925875
?	144.75806465890153	-439.3730132083588	75.49437145625336	75.42257728541044	322.3464716813618	1274.7346550727968	907.6817798610467	-5143.6736564398625	17.31409593677935
?	130.3690721476354	-385.0593609104194	79.51132551833719	39.437854768219296	413.49217585645965	1378.240871106215	862.8199031881305	5407.536124705765	11.910016297013772
?	125.50509661338063	133.72248262636552	77.46626419466432	-45.554977678243795	391.2585152366723	-855.7706561727124	1178.058586096334	9493.938784302467	14.239099969828896
?	137.05519627895364	464.95096417725443	77.233576634425	20.74457037243697	370.7036430478242	-1109.27391058154	1337.5168424032522	2735.839833802366	16.584564727815877
?	148.75264482224327	280.5098098918005	78.50349271328616	-71.14699819055116	335.7948197075955	-1387.4767467143936	1314.8505777864518	-9344.130946530378	19.35143689047231
?	151.08068677354362	-71.90273009909359	73.67622672489746	-97.82086678138376	301.32980571210476	-876.6991757389777	870.310295076735	-8267.844914515144	19.614199522450598
?	145.1575083172886	-179.6422938052064	73.612449374217	48.727227906727705	291.95986092064675	-98.81918028686563	901.4583320606961	7786.3814022894485	25.732851477273023
?	142.09857208328333	-168.54017566784765	76.11258812023384	101.68052009950948	296.3888466977615	-127.56886780382433	1259.629365191206	10871.608859731426	23.11725725086111
?	136.73049953389625	-285.6399611099265	78.69647537919245	31.84071773258421	285.58141753045555	-560.741025840791	1445.0387750472655	7134.654718084187	26.27838512889553
?	127.81657402778706	-514.3819893427683	77.70462400686304	-93.38210280023934	268.35179540572204	-154.26203201803614	1616.3621010954141	-923.6905328249064	21.93671035620841
?	111.01140006675793	-681.6643370914976	74.0273702391805	-298.821848190073	277.8683159295538	552.8417848206319	1398.8542484060204	-2429.0856931535695	15.78881464508083
?	93.7333571732123	-2240.2280013351665	62.763531597359446	-519.1019418898076	295.99388464675354	4505.189148063258	1494.907816437736	2997.703742668897	8.176690015232913
?	-1	-1894.6671434642526	48.072273144690215	-408.88961656282663	503.12777333271583	4141.1711643286635	1548.7394355394647	-6495.135943005389	-1
?	-1	0	42.31905076921819	-122.73789913838927	503.052442863186	1724.3198216223361	1170.1510192874678	-4204.534317943859	-1
?	-1	0	41.93537818777077	13.829761445514542	589.3437644138323	1895.326906442749	1338.5127196422725	5967.488496439203	-1
?	-1	0	43.01053884149391	69.09645348151268	597.8187881853231	-1262.7354400558033	1468.5254441094269	1268.8778803246078	-1
?	-1	0	45.390200861846395	35.865787770214	526.2069924110424	-916.7586861106985	1401.9566136585026	-1819.1184826435547	-1
?	-1	0	44.803828230004605	-49.045243896157906	551.9808538797884	459.9221694929741	1377.5695199772495	-1003.7904941859769	-1
?	-1	0	42.93793866703851	-74.97309605221956	549.203100885691	1130.9936338888378	1351.767088949204	-91.73183796359841	-1
?	-1	0	41.05517342739364	-32.71000208248222	608.53053557423	104.63268449631678	1372.9829280790696	-1651.4096339607627	-1
?	-1	0	41.3024385629144	31.201669007169354	554.4347351105068	13.992947613053325	1269.1966072511661	-1336.6240826726746	-1
?	-1	2263.664239356602	42.6152568777521	529.8620575439132	609.2301829548827	-824.2599527532408	1306.151723945436	5876.187593535999	-1
?	112.18321196783171	2358.154516241451	67.79554144011044	619.5532337854115	513.2217374728442	-5187.878923094762	1563.0059869279703	8762.429257969978	3.6431501634385675
?	116.90772581207422	164.7046487492883	73.59291856702312	67.11968583800218	349.8362368001409	-3933.634932393825	1744.2731868439412	4497.10433447955	10.041043915222257
?	120.41844440529624	138.97826335765163	71.1515257320106	-42.35687127519551	316.5399908531502	-933.8349818578414	1787.861203651951	-9598.589809981386	12.487351074352562
?	123.8566389799569	-79.32703002516321	71.47507500326331	-181.5129611941043	303.1444877072482	-500.8130715343597	1264.343696344865	-14558.823937694844	20.135418025801744
?	116.45209290403803	-109.7550351777916	62.07587767230525	-210.39722237017017	291.49933727643185	802.6313558836694	1059.9200067671984	1991.9449626780934	15.774543262590633
?	118.36888722106724	154.70638731891975	60.955213884754656	253.7496572301192	343.2760555014322	580.123991312889	1363.9409444787711	13261.92522524261	6.243291346579691
?	124.18741226998412	76.1994096860659	74.7633605338114	296.43277303806263	320.5055368420767	-35.28038542371582	1723.0162680293383	7393.621051907561	20.969432305335353
?	122.17885770537059	-159.23154232113745	75.776852536658	-53.754470951762784	341.5120362302464	219.47101758208447	1733.6219970741545	-1279.2272117142193	25.255490933236544
?	116.22583515392714	-372.63752936749836	72.07563698622322	-441.7177957440209	331.4790877211811	723.9102168140244	1659.0549074436265	-9789.860103208777	18.007446487207897
?	103.5469812369954	-2344.516703078509	53.69096274945664	-569.0496576204554	377.7075470709481	3427.3384608575225	1244.1289919137087	-9095.7791046652	-1
?	-1	-2090.9396247398786	43.623154105200044	-229.95499271691187	502.84601076405966	2559.0310445494288	1204.26595221036	-643.2021004045691	-1
?	-1	0	42.19321311361088	-36.60005117680688	505.6590992984214	789.6135377704901	1211.9688868934797	1993.9084556491105	-1
?	-1	0	41.793151546359674	-0.9657098552292927	542.3266876525847	755.1266632929419	1303.961374992817	1659.4378206162937	-1
?	-1	0	42.144927620849415	61.67464350776638	543.415432463069	-2.1336624749551145	1294.9407779242956	1842.492445374852	-1
?	-1	2245.6455078781123	44.87688372174804	355.40153742957693	542.220004528837	307.1812134375661	1396.0859972615608	9332.607687901813	-1
?	111.28227539390721	2191.55233472628	59.915004492328514	561.2954771560389	558.7744931349475	-2516.912636521333	1761.571162319393	-161.4421099500282	1.9615167462544931
?	108.57761673631556	-123.95245219679106	72.94165757955038	266.8032844837905	416.37437270276854	-2595.520567713923	1388.0138917640593	-9689.48097102731	13.295342089004333
?	105.08465278406757	-116.22157118981823	73.25516871651823	-17.56248658705804	428.99846474924954	454.4943170404705	1277.0971137680206	-3057.8132850836137	17.53574094043188
?	102.76653817682457	-64.13967763498755	72.06353325019747	-25.84251375480611	439.0990885547924	528.6802372860079	1235.1232275098764	-925.4837768675911	22.754265258016563
?	101.87766890231815	-36.566514243006104	71.9630430287779	-18.130082616798145	455.4324766135503	273.3790122179296	1230.8229249246403	-2507.8433886974526	15.8833033178135
?	100.93821246467424	-89.49043750306389	71.15702911935755	-35.04992236431782	452.76803916568906	-382.6515827769517	1109.731058075002	-352.6957539421205	22.49207623940036
?	97.40314702716489	-122.08368453690011	70.21054691056199	-37.4047303607907	436.29989747470245	-324.1382885132236	1213.188137227534	2573.557975523313	19.578684536602857
?	94.83402823782915	-82.28733698348461	69.28679260131798	-37.22280018377295	436.56112474002765	-161.31022649580697	1238.4089568511695	360.34781582464745	20.59388453214797
?	93.2887801779906	-216.57131020264336	68.34940690137331	-25.7752968718676	428.234386149912	-369.5710080114752	1231.2055280187667	500.1145488048789	18.629716809095356
?	84.00546272769682	-1885.7756035597852	67.99802775772459	-33.89073198863153	418.08257433945363	-263.0647120816419	1263.4146842914138	1244.21082111453	9.41040156964992
?	-1	-1700.1092545539123	66.65487030194171	-58.68587411239505	415.0811505458297	-97.4465346695465	1293.416069074494	-45.884355721049616	4.104325650788303
?	-1	1643.7103982130657	65.06373405210479	-95.13131429618191	413.21024760597624	-201.64205153111934	1261.1204665053613	1496.4849163316208	2.786731635365767
?	81.18551991065445	1709.6819000201613	61.89830458713255	-100.01899604037206	404.9990479692736	-750.5492320579715	1368.2403148910762	4577.990122659383	8.373897302166018
?	84.48409500100928	94.92713079854305	60.06278425008612	-30.276413042015374	375.6827860030771	-532.2109388982191	1490.0199726383337	2493.3660262329804	-1
?	85.93187645058167	238.46633937980957	60.38448393503176	-64.7671309734141	378.38850102436226	-360.2160641568008	1492.908616202727	2810.763184537128	-1
?	96.40741196999993	14.333283691666816	56.82442770141537	9.547791869047593	357.67198279523683	-483.9274044547596	1630.558131865192	88.11658001854414	-1
?	86.64854063516502	-126.96341192147248	60.861873528484146	188.6227803779784	354.19213080162393	3310.7241615973653	1497.3144452036543	-183.0115362093485	10.611108903766047
?	90.05924137392621	209.40527714288137	66.25556672031442	13.598522124622383	523.2081908751075	5259.975578159923	1621.4075550547245	2192.481168371442	4.542100493547211
?	97.11880449230924	-1821.1848274784984	61.541799634715275	-123.87079721707289	617.1909097096238	6650.598627936883	1606.938503622228	-1240.436183968232	-1.459497665405011
?	-1	762.6813540085732	60.06202685946069	75.72282985029295	855.7381222719563	827.4247229537647	1559.385745856312	569.1552809961796	-1
?	135.25287219273844	2511.8174001604903	65.32794112722998	109.52699586786352	658.5621458573127	-10107.754173330008	1635.3962676720373	-89.9651521453994	3.8093938303200483
?	124.5908700080263	-158.5278938021216	65.53837665285394	159.8935975932747	350.35041360544875	-5486.643504515129	1554.887488249042	3891.129373680691	12.40113843277821
?	127.32647750263224	77.0357950276625	73.32262100689383	197.04222594994664	384.2299706315523	546.4706478100632	1829.9527363560746	7395.340769727403	11.382662992127916
?	128.44265975940948	-2546.5295500526086	75.39048795035141	-1466.4524201378556	377.6739459959523	-7684.599412630937	1924.6545267354174	-36599.05472712097	16.040246822188042
