rowLabel	avP	dP	avI	dI	f1	dF1	f2	dF2	h
?	146.42402867639242	2474.7596993305006	70.37346266709383	1430.739606102348	279.68851801082377	7734.024691737638	2153.7472446902475	26097.313025114425	11.39065831673423
?	123.73798496652503	-945.654666159266	71.53698030511741	-103.74705192624162	386.7012345868819	3173.727948766293	1304.8656512557213	-10565.446314862924	9.4041420659295
?	99.14129536842913	-2494.7596993304996	65.18611007078175	-524.1050449032849	438.3749154491384	4504.532476801135	1625.4749289471013	-2083.7180077892654	10.171489284330075
?	-1	-2002.8259073685829	45.33172805995316	-57.46539230470633	611.9278584269388	2776.2496535389	1200.679750866258	-2717.544835672093	-1
?	-1	2205.2048014841703	62.312840455546436	522.6024352837944	577.1873981260834	-3130.5529659779936	1489.5976871634966	7815.02438107477	5.160440710246726
?	109.2602400742085	2613.039350995829	71.46184982414287	193.6080197179084	455.40021012803913	-2790.505293993385	1591.4309699199964	3041.641006331561	6.672396973980772
?	129.6519675497914	784.0967877284558	71.99324144144185	125.59277056608838	437.6621334264142	-261.60989425118834	1641.6797374800747	2488.0366553857816	5.543143910907842
?	148.46507946063127	341.94143009202895	77.74148835244729	41.53812182682089	442.3197154154797	-1963.8368773554798	1715.8328026892855	1140.3829428370639	13.263489799868315
?	146.74903905439285	-351.15423688429877	74.0701475327829	-208.3251816617875	339.4702895586402	2986.5836427969152	1698.6988846219278	-1371.0426771791892	10.812749761569183
?	130.90736761641634	-215.6881537862808	67.32522926935792	-41.05152888695529	591.6488975553255	1383.008173499999	1647.280668830326	1776.7897623933964	3.500307140542309
?	135.96463136507882	200.59660251842996	72.01757108843513	214.61290051620276	408.62069823364016	-5742.252041562943	1787.5383727415976	4986.521583131762	7.5956448288625085
?	140.93719774233784	-62.289811829536404	78.05587429516807	44.33479637751016	304.53629547717804	-2976.632596238247	1896.6067479869143	-2645.9387873217997	15.609867500991342
?	132.850140773602	-250.81612007838464	74.23431090731064	-162.65892537598333	259.7890684217277	-503.95439229825297	1655.2414333755075	-5562.290960663204	14.840723812229461
?	128.3963917384186	54.446579588701475	69.9229280263689	-103.9727557607363	279.3385758622654	600.2695181614268	1618.492199953754	-1964.514030984299	13.712124389397342
?	135.57246975303707	702.2475961389051	69.03567311927382	90.27157903431649	289.80254432979905	1206.5524175334986	1557.0157318262925	474.2570135185129	16.033039142444533
?	163.50877154536389	1027.7824809939661	74.43650697808472	185.6143904940073	339.66619673894036	1761.8420637997845	1642.2050506296796	6643.107925608014	13.024351552863047
?	186.96159380273542	441.233884244149	78.3163926439742	-17.343394108021343	377.89464751978835	983.3711393683634	1889.1711281066935	6520.342609554581	19.01065906959736
?	185.57046575757136	-1463.5680131601182	73.56933727268365	-94.61626733088954	388.8347537073586	-295.15705164678565	1968.222181107409	1568.5448461868814	9.941096283780954
?	113.78319314472945	-1581.8158233031274	73.58557927742972	-11.959640935519918	363.13679493744905	-924.0617630316277	1967.5983704160376	880.4118868464676	17.169837608449523
?	106.47967459241491	-373.7419894648388	72.97135522590766	-26.043520427753357	342.63166555577715	-115.89820534235416	2012.2427754497323	932.3442358352135	11.868787374200902
?	95.09609367148754	775.0424420101216	72.28340325604205	41.6159037824519	357.34188467033135	3726.3243493025266	2014.2155822077982	-13243.126354349453	6.372964323270011
?	145.23179669292102	839.7886539618874	75.05215041503026	21.157593029849107	528.9478830209037	1228.5813483097297	1350.086457732259	-17871.367795403192	8.70833841653271
?	137.08552636958194	-438.56550730262956	73.3412829075345	-532.142843330076	418.7709520858179	927.3510785292243	1120.6471924376378	7557.471124934885	10.342118190730961
?	123.30352132778953	1347.619902942115	48.445008248526435	-102.40718992107978	575.3154369473649	2386.6817432567827	1727.9600139790036	6968.539291792111	-1
?	204.46652151668775	1899.9016143537297	68.22092341148051	566.2100384070307	538.1050392486571	-2083.9291750167436	1469.0741570272437	-15662.563195281655	5.9026387685418005
?	218.2986020454761	324.4824315838221	76.75551016887799	-82.90712872859182	471.1189781965276	-2295.7398663723966	944.8318542149202	-7218.6585650342	16.280277923341984
?	220.69064309587887	-4385.972040909518	64.07556697505092	-363.4101207492409	423.3180459300372	6921.945405194846	1108.1412287755334	17154.44824034804	12.730259940784302
?	-1	-593.4111036918358	58.58500413141593	-95.36222268657232	817.2162484562703	7.44062556485573	1802.554266232323	10103.18112813206	15.484404440018388
?	191.02008791128705	3526.807344417777	59.3074558407223	384.5034257763262	423.69007720828	-9128.4532012164	1613.3002851821368	1253.2599645857078	0.15654678362032293
?	175.34036722088902	-667.2961097497216	77.81017542023226	276.6786403629394	360.7935883954499	-2371.0770301383695	1865.2172644616085	6197.179001399453	12.02698826421263
?	157.65528242380094	-719.4872591285399	73.14138785886928	-120.35754911328542	305.1362257013614	-1810.7164085958625	1923.1592352521097	655.5695309065317	14.426366669054335
?	139.366004264462	-604.6475202832926	71.79229796456798	-101.61827325490881	270.2577679656567	-696.6930627469827	1897.995741006935	-5946.9440509598635	13.338594107091643
?	127.42290640963628	-57.871683724301825	68.06047419612384	-37.58796364579634	270.30157256401225	1739.435374934389	1625.8120327041163	-6901.247356580982	11.07763613021157
?	136.4724200782469	540.4014592758092	69.91289978227816	97.80385290035773	357.2295367123762	4996.869050070182	1552.9333731778856	-9838.226435853345	8.042010007086807
?	154.44297937342677	-228.8801286708077	72.95066684114173	56.828453492123806	520.1450250675216	3841.618529806204	1133.9007109114486	-12910.439356564433	10.041177983077791
?	125.0284136447065	576.6874671880203	72.75432245688435	-45.10663472121162	549.3104632026866	2848.084264829135	907.4114053496634	8767.767940004147	7.663712803151727
?	183.2773527328278	492.81507220104953	70.69533510508114	-164.3020972019069	662.5492383089785	-2724.022743785741	1572.2891079116564	18533.692795141418	12.079516319048034
?	149.669167254759	-1026.9374257372444	64.539217596789	2.4627957110703824	413.1093260133994	-7539.809573661354	1834.0960451067351	967.9552079438272	5.351326141772024
?	131.93048144596554	-788.0157675794233	70.81847489063466	9.368757840093158	285.55875962591045	5359.925001448097	1620.6868683088478	-4505.438320105746	9.682324136640906
?	110.2683788757878	-517.3172225263819	65.00765548879366	-201.7320167614092	681.1055760858045	7019.1881074272	1608.8241291014476	1456.6074734177898	3.952039101836494
?	106.06462031964654	281.82098349519623	60.73187405256424	66.43725721975865	636.5181649972692	-6213.665797160027	1693.517241979737	3328.2141275833765	-1
?	124.35942805054756	271.41099576203385	68.32951834978158	109.31295738974494	370.42228622780425	-8264.003922185304	1775.2348354806159	1149.4976067084594	7.629778999357995
?	119.63517010774818	-2507.1885610109603	66.19752192205147	-473.80720387230053	223.31796888800545	2814.2317663973095	1750.9921223151598	-5563.2164728828475	12.650093224053807
?	-1	1728.092066936668	44.63915815616664	-124.4693197870511	511.1338745476692	7075.598005501727	1497.0740118364745	-10005.26960528417	-1
?	206.03977345458128	4029.545734080719	59.97405593269893	655.059889662122	577.0978691630905	-1860.8837846178833	1250.728642050953	-13136.092373068357	-2.2896400623359714
?	200.47728670403524	180.50875938662736	77.39215263927262	363.42296761936115	418.0896853167754	-2627.9306174282888	840.2693931830589	-7988.307274176449	11.821763081647719
?	215.06521142391261	5.094141037708386	78.14520431366692	-94.96077737288465	445.70133829167656	-1347.2408181862377	851.3132783421321	2394.388464892772	19.972234359075458
?	200.73199375592066	-488.1809249959031	72.64411377062841	-32.04632056242883	350.72764440746374	1463.3946370630583	959.9888164276971	7430.05401772026	14.412543244833675
?	190.65616517411755	-863.1888964959418	76.54288828554549	19.761990492305088	518.8710701448292	3416.406113850148	1222.8159792281438	11858.27139754811	13.289890936300168
?	157.57254893112372	-1057.9446756280508	73.63221329524366	-178.65686394075203	521.5479500999705	-3239.046472815625	1552.9023863051004	1941.9377401963925	10.19918810707048
?	137.7589313927152	-3171.4509786224858	67.61004508850792	-454.582752876529	356.91874650404856	-2178.9515039561206	1319.912866237963	-11327.705153993498	10.133344966172015
?	-1	-2775.1786278543136	50.90307565141729	-354.00166397763525	412.6003749021649	6725.193257867995	986.5171286054275	5066.644469206881	-1
?	-1	3145.83481979877	49.90996188962622	343.3225750807855	693.1784093974471	-2629.5113928850474	1573.2450896983062	13931.800543864585	-1
?	156.29174098993792	3252.3184627391415	68.0692044054565	404.5549627292351	281.124805257913	-8708.324889211608	1683.1071557986543	716.5351705143464	9.424466182139367
?	161.6159231369565	-735.1565483379733	70.1377100260879	-14.877483640118836	257.76216493686826	48.46093220695042	1609.0718482240234	-8365.872021440975	13.547871789733517
?	119.53391357303938	-1231.1371609025352	67.32533022345056	-264.81289195434124	283.5478518682605	3452.587829323381	1264.813554726607	-11503.00956336338	11.53793815731871
?	100.05906509182995	-201.95317879852823	56.89706542837089	-248.23720217057047	430.3915564030367	805.0530635782326	1033.9213700558564	-1441.0888378953412	-1
?	109.43625463311301	197.7855116657203	54.913470114922085	9.551230804752498	323.800505047172	333.97692697494	1192.7591128318402	11127.077854951993	-1
?	109.94834067511593	259.916447764706	57.37462696860851	342.92148993248895	447.09040275178364	-1555.7164824735398	1590.275262803454	8214.320326387659	-1
?	122.43207702134826	86.97343039454327	72.05954461154647	258.88082585968795	246.0146809234953	-4035.7245081079177	1603.4751291512216	5294.243072118125	11.419262269959656
?	114.29701219484308	-222.8176536774418	70.31866826159286	-16.537024909966423	245.30417734638849	48.40620959843551	1854.9874164093594	2642.25766082569	10.29751085870607
?	111.29119433747621	-107.68581912401923	71.23269336604815	-2.4543388482143857	248.43499140341706	-240.33084214939862	1735.5880121925056	-12844.83118196088	8.308595244562117
?	108.91272123864213	-17.52849609042392	70.19595131918214	-216.62432403773911	233.2876352389186	-1150.286727413005	1212.7458573113176	-9955.81876790225	12.020693053862392
?	110.41476953295502	122.9152370439276	60.401477164161236	-7.1852401420378245	190.920655032767	1360.790074689418	1237.797073797395	4274.866164178149	-1
?	115.0584830908385	32.085432519853725	69.83668931208025	274.0170776576117	301.32713897338925	2268.3206555646316	1426.4891655202243	-1021.0870520911103	9.662910684185517
?	112.0190411589477	-134.44320704059768	74.10233104704177	-77.66273509323553	304.33668781099817	151.2730524610407	1186.7427211928396	-2034.2209480364527	14.96435627489358
?	108.33632273880863	-55.185107744962835	65.95355255741849	-136.97999235599374	308.89079159644126	2216.673089866515	1324.778118118402	3360.167468241787	12.745162525977054
?	109.25978577169957	381.2312154562033	67.25333142924211	170.33119362069758	415.1703423043235	3829.256716644868	1354.7510946049283	-2111.291586452242	4.064591813501968
?	127.39788351161873	381.40501773734877	74.47011223845334	172.69697553708033	500.353627428684	1435.0837145178757	1219.2135387957903	-7471.7365549555225	5.301982228052588
?	128.33003665856694	-153.01515806405288	75.8881802060961	3.037533906700684	486.92452803021706	-1206.0402997684841	981.1642668571535	-2422.1572940259507	18.55641183386036
?	119.74712560841611	-447.719622472754	74.62198893378837	-76.55565666090949	440.05161244026	-884.287768404573	1098.1056740944932	2509.353444665594	17.6328615861539
?	105.94405553492932	-560.725934998192	72.06039737305063	-180.38031099448554	442.7101396099886	-592.1722312447195	1106.6319390904328	-911.8438012595366	12.404522666778501
?	91.71082885850662	-298.5213717803759	65.60297338406413	-230.94511241764647	410.4430008780241	-3662.8538941625534	1052.5134840315166	8936.512237339734	9.698034015820225
?	91.01798694591058	591.9159344409574	60.51314175216835	-97.50800859676735	259.56744490186156	-2751.7687439868273	1553.4575509574179	15428.66708069832	-1
?	121.30662558055438	-54.988001338000934	60.72757295422578	167.20706487449863	272.85456367868323	-45.12625646666964	1823.9468380664298	-4536.8678531381765	-1
?	88.26858687901054	-733.9265425916574	68.87349499589325	118.30264343859668	257.3111320785281	2833.6108459602256	1326.6141583005099	-7040.525347532478	6.545684604360561
?	84.61029845097164	-1785.371737580217	66.64270512615559	-135.75882284456034	414.535105976694	9876.132083454884	1471.9205706898072	6093.46928661182	3.7035587736329276
?	-1	-1712.205969019439	62.08555385366526	-331.67273184836125	751.1177362512706	863.0511437208505	1631.2876226310998	2078.6868841784444	-1.4469633357444414
?	-1	3819.155344265157	50.05906853373759	274.08037428515183	457.6876631627364	-7930.762058640157	1575.854914898729	3535.618597490078	-1
?	189.95776721325717	3816.69717891572	75.7895725679228	446.30515726700753	354.57963331926413	-228.70942823071655	1808.068552505603	6345.352040720304	7.5321735134990915
?	189.83485894578533	-1406.3948218760643	72.37432639708788	-245.69710738440466	446.2521917512006	5759.387699297045	1893.122516934743	-4616.146252132606	11.274793143604859
?	119.63802611945421	-1463.589608269948	63.504717198702615	-57.84310411001221	642.5490182841154	2846.491663975731	1577.2612398989736	-3601.9452411192187	3.2342553105004295
?	116.65537853228818	1062.5971427181373	69.48217119158728	283.73268311097803	588.5767749499867	-3661.1727663530182	1713.0252548787828	5589.563143064685	0.6997177832679158
?	172.76788325536089	576.5123911380974	77.69135135425147	66.67176962611218	459.4903799664651	-4476.044505004415	1856.7393970522069	2495.4708898092344	4.0391594520585254
?	145.48099808919295	-847.1245621840116	72.81575967289288	-109.06975842411082	364.7745496997667	-4191.778524441744	1837.798799369244	2858.662415728041	9.225475875890913
?	130.41165514616046	-548.2562232140642	72.23786343304595	-10.147013718994096	249.90145374437867	-2482.437956027006	1999.6725178386084	1914.2575823462244	13.792633757842765
?	118.06818692848984	-451.0968236411218	72.30840898694318	-81.89302912469799	240.65265189841682	6472.661836821778	1933.511678486555	-5057.8355831410045	15.83600792126668
?	107.85681396410445	-54.06932328245821	68.14321197681106	45.993698400930775	573.5345455854664	1341.340415629135	1746.7807386815591	-5088.030090045218	8.470860408017355
?	115.36472076436694	641.397310714907	74.60809390698971	175.6657981547591	307.7196726798733	-4343.141915594405	1679.110173984295	1034.2838073227758	9.931744216398244
?	139.92667949984968	1076.3473044842972	76.92650188454898	56.514248806737356	356.3774498057469	845.9760331659011	1798.4949290476977	4510.19153329479	11.699517585355371
?	169.1820859885816	767.6897207139193	77.43380634732657	-123.20175240804376	350.01847433816823	-150.71808977131295	1904.6197506490337	4640.925235017774	17.44429231914652
?	178.3111655355455	220.3196731358545	70.76641426414682	-650.8850554470816	348.84154531718127	2973.8789853105427	2030.5411907985856	-2484.8051022728982	12.580159214589283
?	180.1980696453743	-3586.223310710923	44.8895535749726	-534.0966465919449	498.71242360369484	7966.089800121544	1780.3794955353892	-2629.5940730747593	-1
?	-1	-3623.9613929074985	44.061581934549665	-34.859102218665875	747.146035323257	4133.6287712773355	1899.0614871448481	1407.2392722974387	-1
?	-1	0	43.146598464039315	-48.132378484921816	705.3938621675609	-692.4844546755073	1850.7414591502609	-1923.4730435540291	-1
?	-1	0	41.65496301030358	-92.46195057190978	712.5218125894818	-344.5490447096598	1802.887834967147	-1650.688172645156	-1
?	-1	0	38.52350093544384	-122.89473183773909	688.166409932078	-3917.2163227709875	1768.2070505180034	-3314.7130694729485	-1
?	-1	0	35.51022641841665	240.07140977239317	516.6609964509331	2272.544043003799	1637.1521814935002	1241.1432999360338	-1
?	-1	3108.6723141499588	50.52707142406346	762.3831635767492	801.7936120822675	-3353.538743786357	1830.2642155148048	4642.064226728765	-1
?	154.43361570749738	3337.470971889781	73.62938459725397	558.4863176924831	348.98405926161587	-11715.598741917605	1869.2553928299376	-9763.112066962262	8.626953180713633
?	165.87354859448845	61.75312121968454	78.45138730868752	66.51745334247319	216.01367498638936	-1551.2534858471324	1342.1086121666935	-15845.431791450985	18.81417172558839
?	157.5212717684816	-632.1513926818346	76.95525726437762	-140.62424051603324	271.4213849692595	1775.8851532681388	1076.9838032573912	538.6208982782838	17.516136071368475
?	134.26597896039684	-585.9242086847386	71.42017528288588	-9.137970346600671	304.807932649796	1243.266668249207	1369.0396570806076	-1029.3124602394064	17.015660055276697
?	128.22506133424477	-190.28475972403282	76.49835874704759	101.07412957333146	333.58471838171965	15.470929281224299	1025.518180245421	-2836.6451649557903	16.386596685291902
?	124.75174097419523	-34.37189285537284	76.47388176155243	-42.6326599229914	305.5814791138572	2681.0504191758723	1227.2073988328186	-3371.327030925011	13.149830006510205
?	126.50646669147613	70.03189057697594	74.36672575089803	-225.77489286156344	467.6372393405128	5200.621233089853	856.9518286991711	12382.097820327748	9.825304684996965
?	128.253335503044	-330.1756123994162	65.1851371184743	-283.1989577468652	565.6125407683489	-955.591453430003	1846.3122898492038	17451.522024065263	7.440696457930962
?	109.99768607150538	-347.6603811858568	60.20677786355482	122.8976478542147	419.8576666690128	-3409.744477033682	1729.5279299024312	-9246.759664132871	-1.4275358327949759
?	110.87031644375124	9.980597762588879	71.33001951118501	231.28565744207148	395.12531691666544	-1466.3143510701316	1383.974306642562	-6192.745043113772	5.679903437665877
?	110.49671595963483	-168.15719410687197	71.77106073565835	14.911971108827	346.5419491155065	3327.8601407076703	1419.8906777467437	2392.4623741523096	9.978042182718678
?	102.46245673840767	-277.42998404895343	72.07561806662636	-219.6982448973069	561.5183239520484	10326.477492439462	1503.597425350177	8740.385675270236	10.100311355291948
?	96.6252167571872	81.51309331444566	60.786148490793046	-35.04555531809173	862.8658237374779	-159.6981957143504	1856.9099615102539	4582.467435417027	-1
?	106.53811140412994	18.4924885382572	70.32334030072178	192.97644401637226	553.5334141663309	-11042.81665429335	1732.7207971210275	-1787.6075333117406	3.782104152849607
?	97.54984118410006	-263.04936291584033	70.43497069161163	-9.752735172701854	310.7249910228124	-6440.631539341597	1767.5295848446672	5364.765247076685	7.672644565495673
?	93.38564325833796	-9.04872749550211	69.83570354208669	-40.562771127646755	231.50183719925218	-1062.7098223298372	2000.9590594748609	1174.2276940812094	10.673779009928925
?	97.09740480932496	420.96392606472057	68.4068321352293	79.6680259241586	257.5894999063207	1450.1545361007386	1826.2409695487274	-2534.5514203399216	8.700530191367454
?	114.43383956157392	556.4184803723415	73.8191048382946	51.23491923103036	304.00956400428885	1235.997652015577	1874.2314884578652	-2939.2175746540047	10.188722956146295
?	124.91832882794193	-44.81851387445532	70.9685780967808	-1.7754420906337094	319.38938250709936	313.0702575629323	1679.2800908160277	-1540.8877007217106	8.161157246858068
?	112.19291386785116	-77.46872303361015	73.73033273376292	-139.4269780003065	319.6630768824354	1154.043735755733	1797.18710342178	-2276.4342838124267	6.749075105996911
?	121.04489267626144	-2263.858277357031	63.9972291967655	-63.96602744614336	377.0915692948858	12633.597753949956	1565.4583766254068	5807.820319743303	1.8411995605370577
?	-1	-661.8920742832061	70.53203136145577	222.50324989653615	951.342964579931	921.6663320612939	2087.578119408944	-8347.566350743156	-1
?	87.95028896210125	1913.7621782163274	75.12239169159227	-31.23497583755505	423.17488589795033	-13107.183954451313	1148.0800590882504	-12960.208246892007	9.764593446511219
?	94.68810891081603	748.4896680821428	68.97028256957802	-68.88684025667426	295.9837668573677	-1446.5411521710037	1439.567707064346	7009.700218031168	5.485347814751718
?	125.37477236620826	572.1438729468758	71.67804967875857	180.58536378936034	350.8478282894004	1530.6962371570953	1498.5650699898076	5619.533057188134	9.849762858101855
?	123.29530255815972	-394.94052811438536	77.999550759046	-56.01392275334794	372.5185787152222	96.02214056225569	1720.5443599237517	-3154.4965121454175	7.919668601235884
?	105.62774596048907	-2485.9060511632033	68.87735354109118	-159.42521311393364	355.6489353175132	2684.3956657379604	1340.8402443825373	-3313.4915125233174	3.8377910697814914
?	-1	193.20630495923535	70.02829010334935	-23.91223300265986	506.73836200211974	374.135987350485	1554.8697842975864	8538.94304685365	3.6803615104998495
?	115.2880612084508	2310.3202229152457	67.6817418909582	124.59057578978802	374.35573468503736	-4524.117274890401	1767.7873967252183	10746.4003355631	6.0277046687351525
?	114.51601114576188	-111.69352860091732	76.25781889283873	190.28675382542002	280.5324982576005	-1136.766501865023	2092.1898010757395	4047.228358430826	14.325277609464383
?	109.70338477840495	-214.23846072818228	77.19607958222916	-12.129530536192632	317.5174095917864	-483.5989743924955	1970.1488146467589	-9054.087597758586	12.978936797227126
?	103.8040881093528	-163.68169297541385	75.6513423660291	-94.36889244896526	256.3525495379758	-714.1663157801931	1639.4854211878119	-8235.016275971737	12.532132881074627
?	101.51930012963429	3.9374124441124674	72.47763495978091	-26.211817336797857	281.8090938027769	1269.382894096816	1558.3980008481735	-1870.869668394341	11.498592420496644
?	104.00095873155843	129.39199637616855	74.34075149918921	95.45745381668786	319.82169424281636	895.2601617838795	1545.9419377680952	3385.603789175737	11.180036930884006
?	107.9888999484427	-15.22087965910833	77.25050765061529	27.988934416720312	326.5721018919707	307.31864586705564	1727.6781903069598	4743.707766734568	15.531634485215386
?	103.23991474860301	-393.3777339663547	75.74019822002522	-81.4202496328474	335.1876265361691	95.29279581883009	1783.1273261048227	2949.313173671027	14.017300006267794
?	88.32001325012503	-319.2086068798193	73.17949516897293	-446.48559802431424	331.3367416829122	375.39158046382926	1875.1438489905106	-2751.9875676180577	9.341892522325967
?	87.2794844046121	-1786.400265002507	53.41591831880959	-595.7938939373456	353.9572055593605	7209.754194905953	1645.5279477239203	-8091.366298910932	-1
?	-1	-1765.5896880922485	43.38980047210576	-186.86163485335663	691.8244514282086	6354.708298515817	1470.5755340449655	4799.701758725063	-1
?	-1	0	44.07283657614179	30.28322399153634	671.6926204851502	502.34421211265675	1885.5130356601726	8000.163286465182	-1
?	-1	0	44.90396167168257	-23.700222434098293	716.9416620338413	-368.82060390337205	1870.5836983682232	-928.8999940387372	-1
?	-1	0	42.88782545443688	-65.57942654149679	653.2515902899817	-1416.0663942859746	1839.068035958236	-1465.0920655066564	-1
?	-1	0	41.624990344607745	-13.335127113573767	646.1383423195429	-1942.006414876846	1797.3290950928906	-451.97268831505585	-1
?	-1	0	42.22106909875819	-36.5569712450319	556.1512695461397	-1803.931277489748	1816.4694015424832	215.713011866247	-1
?	-1	1950.7472047913002	39.79714178235616	230.42885585127632	555.9417784450558	-6474.625957077164	1808.114745686203	-3947.8649625258554	-1
?	96.53736023956466	1976.8236502627872	53.74251189132197	353.4450379136363	232.41997169228267	-6370.38041544775	1619.0761534161911	-9108.053799741743	-1
?	97.841182513139	142.3590782515509	57.46939367803791	157.47534390911468	237.4227576726694	1678.1396222784704	1352.7120556991174	-10293.8667427846	-1
?	103.65531415214218	-289.0350243596102	61.61627908677767	305.0636403901866	316.3269528062059	3527.8672370462727	1104.382816276963	-5776.299881347552	-1.5634877957525424
?	83.38943129515855	340.31253187275075	72.72257569754719	73.32173093473284	413.8161195249824	1263.6210554010881	1063.8970616317408	10392.202410953874	2.10044017702995
?	120.67094074577966	334.4717569321532	65.2823656335143	-59.65862490702783	379.5080055762601	-283.7648767040638	1623.9929368246549	9921.568981393206	5.216888820862807
?	100.11301914176615	-655.8374347954185	69.7396444521958	127.83267468881138	399.6278756897793	655.5728573551232	1559.9755107013993	-1351.0257345497305	6.890510744741723
?	87.87906900600885	-2022.2603828353301	71.67399936795485	-77.49561704686555	412.2866484440161	6621.608341496059	1556.4416500971686	655.3476544166983	7.7767439394066615
?	-1	439.7943431429867	65.86486359985254	86.19083181918856	730.7082927645811	995.6569544434741	1592.7428934222341	-5785.511005701722	-0.5507531033466798
?	109.8687861631581	2094.2195836147353	75.98354095891426	163.5227617201113	462.06949616618965	-5915.970219104363	1267.1660998120835	-13639.097211797638	4.330879809550175
?	103.71097918073639	-304.151878608562	74.04100168585808	-69.25307867029285	434.90978180936395	165.35589987026415	910.7880328323547	-10316.98372000808	13.570249394092093
?	94.66119223273006	-394.57851169095534	72.52088702539963	-55.68398084309953	470.33729115970283	-243.325676850246	751.3169138116814	23.552609807472976	16.354274956269062
?	83.98205359618869	-1913.223844654608	71.25680264370311	-236.6136489117325	422.7434979668517	3882.1572735648137	911.9656633227284	16044.690399777335	10.34960903741632
?	-1	647.9192180914976	60.69020457981305	-159.54722270920414	664.4451548379428	2210.6618582381507	1553.5514338005453	16226.602314447673	-1
?	116.37801450076346	2335.3109927136566	63.27944150824293	4.189482075148747	533.2765908787588	1544.3038690903686	1723.2957790451092	1607.4253376656873	2.643137900413224
?	115.76554963568242	-2347.5602900152776	60.899678683570485	-99.32413544244078	741.660348292461	6178.568904446067	1633.9227006838294	-518.2231306028525	1.6436881820948104
?	-1	-2335.3109927136566	58.31323473612091	-97.74507207811615	842.2050361010611	1046.827901709752	1697.3846225149666	2217.484660972312	-1
?	-1	0	56.012425079664695	187.02103993716864	794.0017433779484	-9476.011122551676	1744.7969337324446	3148.9612750605884	-1
?	-1	1652.1526513175104	67.66428673297948	319.74145697531867	368.4044799734706	-9962.406953709382	1854.8326862679983	-6117.786011031325	0.3185933065954264
?	81.6076325658767	1930.1336135545316	71.99949792843086	-25.61996611328218	295.88139569247227	1511.479283199067	1438.907633180874	-8324.858148951602	5.746892906202746
?	95.50668067772796	313.06208392086984	66.38328842731535	-39.30390089779707	443.978444133425	5902.746308712625	1438.5897788204122	2345.3823437661536	4.527207081644902
?	97.26073676192041	57.46407295115578	70.03430288354097	220.8634095427334	591.0187111281077	-2965.215189978904	1556.1767503691833	-6542.17126582232	-2.3176351045513854
?	98.37988432528579	3.3456038471566765	77.42645890445218	108.47504284930682	295.7176846344777	-4444.839447617498	1111.4812155292916	-6012.790079337234	-10.458710160182369
?	97.42801695427825	-42.569331423507286	75.45805502600639	-135.425660508835	368.7767387472297	-1246.8255060511763	1255.5372464023174	9911.179477727828	5.4035727944012635
?	96.25141775411039	24.41526247798827	70.65517587901033	-71.5901357517127	233.37640933191798	-2779.6326899769615	1607.04018941569	13936.93219397296	13.089516541324869
?	98.64878007817768	112.01688714065949	71.8785482384207	-68.20322280294437	229.79510424837963	10883.696627525724	1952.3838561009752	6038.754518322213	12.470039883428148
?	101.85226211114345	-1992.9756015635253	67.24501473886306	-66.62584705849743	777.5612407082119	14989.030749017536	1908.977915331805	-867.6493476478177	1.2763461341576583
?	-1	487.8159468626969	68.54725588549579	157.53435049141703	979.2466416992671	-5728.213472368454	1909.0013887185837	-3541.4498387582303	-2.4573365454599316
?	126.24305945427864	2261.3981230331747	75.12173226343403	129.15890383814244	491.15056708978517	-10509.082640862835	1731.905423393891	-21156.48710391483	2.755014651756814
?	112.06990615166035	-592.6076777553002	75.005201077403	-108.52965585696596	453.7925096561179	-1382.8442922879512	851.1770335228271	-8003.92829351752	9.306188531055556
?	96.6126755665132	-446.7049325860855	69.69524947058565	-298.1917330566094	422.00835247538663	-1617.407019575529	1331.7090087180093	14176.684974434964	9.791550279212782
?	89.73465952235576	-1952.2535113302363	60.09561442457232	-139.35137373108603	372.9221586773403	10033.37192993122	1560.0112822445853	5688.419510489276	3.7139511615247627
?	-1	-1814.6931904470894	62.72768078403125	106.65764969027937	923.6769489719547	10392.262510378134	1616.1299842424771	1911.9812710607632	-3.3319425815260777
?	-1	3110.2397869929982	65.42849690908636	217.4370083539657	892.5352841962545	-8010.413659879548	1655.6103457976249	-7305.695416140207	-3.9244162911629474
?	154.5119893496521	3368.3298678514507	73.59953120172969	180.94106416429923	523.1562659779717	-6764.1369116479445	1250.8452134354616	-15622.635542062195	4.458478711321677
?	167.41649339257492	265.39479897352203	74.47555011730145	18.451956698937146	554.3284386138524	-1908.2471234028449	874.478568694504	-6080.468007556378	15.854630299554355
?	167.7817292983284	-417.0053743119522	74.52212903667656	-90.72661853639984	427.74390980782806	-4542.287411623582	946.8218130576383	7790.325621882383	16.229465429091565
?	146.56622467697701	-509.8520711456503	69.9392191904814	-10.592926753114247	327.2140680326701	-2028.9940058353075	1263.9948497886287	4024.1136616577087	12.761246479920658
?	142.28912574104552	-239.20715154084974	73.99248269902084	112.3588429164148	326.29420951606124	64.65360447100714	1148.0274961405266	1555.1674832004899	16.847879522049137
?	134.60586709993436	-442.0833707217681	75.55716133630222	-141.57128203732665	330.44674825622053	9550.96652814261	1341.7532239486543	17562.095520047493	17.19198857417404
?	120.1849572049568	-170.14956898587528	66.9139185971544	-48.20627096044308	803.8425359231985	4146.892481206585	2026.1322721429137	11069.191083130097	6.36185029577591
?	126.09838865064047	11.36941443472251	73.14684778828003	110.85755004387308	537.7913723165527	-10043.628933024602	1895.212778105167	-327.556619051811	7.812689155408338
?	120.75342792669294	-2541.9677730127733	72.45679609934814	22.706839549773253	301.66108927196126	-3074.364088294769	2009.754441190323	144.99816454443385	6.459941080698195
?	-1	331.12754617913265	74.2821897657687	81.50290031373655	384.0731679018121	3547.2677585504753	1902.4626863323888	-5032.478839082756	1.9910016763664757
?	137.3098052356498	3049.625525615338	76.53194111503503	33.14388457139056	479.02447719948754	2383.456006771968	1758.1304992361815	-4043.7807609198007	2.7193517919070187
?	151.48127628076907	498.9435831712157	75.93938399433826	-62.21305412866056	503.2459682404122	-1715.8004578369407	1700.2736482863959	-6729.041076411918	11.233130256236532
?	162.25698439421095	67.48326373508537	73.42128840860195	-93.73525887071887	393.2344543076393	-4438.659665882429	1421.6784454155809	-8457.31440933345	13.569140021345897
?	154.85543946752338	-867.5923959478555	71.25262105080225	-21.335671077705438	281.3129849462876	562.6940640339865	1277.4079278197173	-4659.062254036846	18.66094467213046
?	118.87736459681756	-1082.612732399438	72.35450485471667	-133.10349489400076	421.369157509339	171.68122836157391	1188.7253327137353	-2334.9885717064067	8.133050334434227
?	100.7248028475507	-2397.547291936317	64.59744630610211	-490.1206631936712	289.8970463643664	-3034.4835894133817	1160.6584992343953	6228.438486869489	9.204507861138177
?	-1	-2034.4960569509851	47.84847169503276	-124.19619283125934	269.6449780386678	2549.565627944462	1500.1472570572141	10489.468392605255	-1
?	-1	3367.862685350115	58.38763666453906	525.951838646396	417.37532776159134	674.3199116670162	1685.1319188646655	-10267.780258260702	5.477738966758924
?	167.39313426750815	3545.8558178188773	74.14606362735293	280.1198844779097	303.36097362201906	-1340.8098627346978	986.7582441441717	-11597.438505303306	2.20939532617904
?	176.29279089094638	-244.50922084501877	72.39363088843474	-188.7198955140143	350.3348346248555	2049.2356885230793	1105.259993599492	6556.7265231622605	16.699321072757186
?	155.16767322525703	-920.8702118223846	64.71006885165208	-10.200143745901041	405.8227580481745	1322.4918519610383	1314.5945703022894	4030.102146598103	5.280562837656421
?	130.2492802998265	-703.0748106223902	71.88362370113968	235.83720911573386	416.45942722290835	1136.6490536388378	1306.7651009294	6405.40775488148	2.6915340253627593
?	120.01393269413703	-2604.9856059964927	76.50192930743894	-1437.6724740227733	462.6552107301172	-8329.18854445805	1634.864958046368	-26135.302018587627	8.267791537557852
