rowLabel	avP	dP	avI	dI	f1	dF1	f2	dF2	h
?	-1	-20	67.66049792230497	1409.2398873905115	643.9899280043961	15010.853222552842	1526.3713504356444	31126.191644650244	-1.5981477874975716
?	-1	2697.9265743259007	70.46199436952558	-7.613391537952907	750.5426611276421	-1555.487878512406	1556.3095822325122	-3773.524656199338	-3.6185073599435333
?	133.89632871629505	2566.0972639570027	67.27982834540732	-31.824816073541047	566.2155340787758	-3511.5594639664264	1337.6951176256775	-7132.83353568376	2.0396635470328013
?	127.30486319785018	-265.61390798552685	68.87075356584853	21.139988821170736	574.9646879293207	-3748.137739874539	1199.667905448324	1592.3509613623542	6.708614585319163
?	120.6156333170187	-142.28886190446391	68.33682778646586	59.2708693316206	378.8086470850489	-3590.25259176592	1417.3126656937952	15892.496988848665	9.72661101881365
?	120.19042010262699	-44.14999189449674	71.83429703242956	-7.80006667730561	395.4520583410247	-317.43296419522727	1994.2927548907571	10027.09910803708	7.422317002600776
?	118.40813372229387	211.98058889613583	67.94682445260058	-17.987539384056394	362.93699887528754	500.6211315071256	1918.667621095649	-3853.3727850197474	6.149482112672138
?	130.78944954743378	461.1185351579051	70.93492006322674	106.73811365045029	420.483114916381	4569.701503081662	1801.6241156397698	-15724.27805097578	3.07205620258554
?	141.46406048018912	732.1780714174208	73.2837301351231	30.819713335517072	591.4220740293706	3703.6801231524437	1132.4537185468603	-13897.796078484633	5.4786412832587565
?	167.3983531183048	763.7641119559249	72.4759057300026	-132.01254294048258	605.6671210740032	-1340.6953592167113	1106.7343117155383	4572.7560923591145	8.322747714116686
?	179.65226607798536	-208.05967726937334	66.68310298809897	-236.36200040604615	524.387306068535	-1230.5577516372489	1361.091523164816	7449.387554775856	9.065333085468266
?	156.99536925483613	-3613.045321559704	60.65780570970028	-185.2466324864818	544.1392334921407	1728.668937117114	1479.2036894543314	3823.2464569941444	-1
?	-1	-3159.9073850967197	57.42077136377487	-58.960869004236066	610.8207529243908	628.9035996487422	1552.2538460145233	3997.304853256779	-1
?	-1	0	57.70976225948847	4.5351130370906345	575.5844134745778	-396.8665312332629	1679.0689321171706	5313.80939078851	-1
?	-1	0	57.6475270156294	48.34140343357315	590.9774263627277	4.791695438184429	1817.944315553949	1692.6904284836412	-1
?	-1	0	60.12683243116713	62.23809039047063	575.823998246487	-1038.110025841037	1763.7034535413527	-1094.8849912590813	-1
?	-1	1769.5331932267977	60.759431535152935	16.717586602467364	539.0719250706758	-1277.4011275659382	1763.200065990995	-152.13358286368916	-1
?	87.47665966133997	0	60.9627117612905	-46.52751824453641	511.95394186819004	-448.44197414457045	1756.0967743981682	-992.0234971934715	-1
?	-1	617.4890722243941	58.43305562292611	87.13361355659778	516.6498263634472	-1414.6231833966713	1713.5988911313214	146.55808353110373	-1
?	118.3511132725597	0	65.31939243912039	186.670694419832	441.2227826983564	4335.759284760433	1763.4246785747234	1972.8649326944087	3.127432422723948
?	-1	372.62853477174554	67.7665903439177	57.3602766141209	733.4377906014686	2111.1125853550575	1812.2421377660417	-1373.022963461475	1.2570151445881843
?	136.982540011147	2596.5990202391617	68.18740626982644	74.24138925942053	546.7784119661094	-4695.517688037287	1694.7735304016496	-1999.7203581700096	0.7366872937308544
?	128.8299510119582	-290.77521045175104	71.47865980688873	-1.155367404602713	498.661906199604	-225.89591913648954	1712.256119857541	2702.1945376990993	6.5583003241110855
?	122.44377948855943	143.3972360673606	68.1296378995963	-33.23469684049766	535.4836160092849	-348.60947630868026	1829.8832572866047	4462.383994460634	1.0588694195172135
?	135.99981281532624	231.45447444499277	69.81692496486384	49.71206882452658	481.23143238417	-1002.5910715933085	1935.375319580573	-1403.3265804884593	2.9972068979905466
?	134.01650321080908	79.04536423998074	70.61524134082264	30.545999315158355	485.35406242961943	4310.755809403854	1759.7169282621817	-10696.808673497266	3.9638088511722707
?	139.95208102732528	-91.4044180331438	71.34422493062176	-40.73255625752406	696.7692228543629	1895.149845317198	1400.5348859057092	-10252.433982947996	5.9706716355004765
?	129.44628230915188	-1054.1934481309197	68.57861352794643	-267.2029511698138	580.1115546954794	-5268.672744460138	1247.0952291147814	-1988.1531349962806	8.419610228351255
?	87.24240862077924	-7.847940610351991	57.98407737213106	-113.42779367352993	433.3355856313557	-1101.4850775829168	1301.127229155895	-2545.393746717398	-1
?	129.05388527863428	845.0980671208522	62.90722384426993	154.07640342182958	525.0373008163335	-1283.2607954806247	1119.8255417789114	-2894.2007413008487	4.000598625742391
?	129.4973119768219	180.91922743209392	65.68789754322255	141.38580904757904	369.1725458573244	-2252.621394519461	1156.4171920908525	-1399.4646418540594	8.02635636781616
?	138.099846650239	164.44744438858308	69.97651429664889	-29.870441239372642	412.4062310903604	3048.4851240331086	1049.8523096862084	900.7657684094867	10.068524646324676
?	137.71968419625105	-166.29419095122032	64.19437548125391	-226.75616946591	521.59680205898	2675.042619344506	1201.4554805113269	4079.2394455181748	5.987883523371096
?	129.78513710267796	-104.50769218162283	58.638705823353376	65.73691316334896	546.1583620575858	-534.0980936445619	1253.8142819621173	12694.124137317593	-1
?	132.4942995871699	-62.85100981317322	67.48122113942137	190.59499907068368	494.89189737675184	-2045.0292721254589	1836.161687377207	12137.305069919092	5.006369118598706
?	126.6425866120193	-2669.8859917433956	68.16845577688757	-105.12316153636452	443.90689845131277	3754.9638626521573	1860.6795354580725	-2954.833265567033	7.0246976913258825
?	-1	229.37512599712343	62.225063062603134	-37.12651351411889	682.6400905093599	1272.6309066677823	1688.4200240988553	140.90719687476383	-1.0959536523871802
?	138.11134291187548	2722.364886832204	66.31213010118162	74.75718286402675	507.53844378470194	-6426.421707236156	1867.7248953018106	-8933.450928877594	1.8827430688013176
?	135.1182443416103	-24.224438463322123	65.96292220580448	83.90536477464131	361.31900514755176	-3387.7907323172567	1241.7474776549752	3912.162171668193	7.393599956469569
?	136.90012098870938	143.99054951150043	70.50739833991369	146.72716294887545	338.14890716883895	396.68616406987354	2063.3330038852205	17533.15469514504	13.213357634158353
?	142.3177718171853	25.28507480038181	73.29928035324822	-48.91963684095788	381.15331335104537	4412.521216610937	2118.405212412224	-6752.984004044793	9.655223399286673
?	138.16437472872846	-477.08433543603036	68.0614164978658	-238.40676981232036	558.774967999385	5854.908869702885	1725.683803682982	-11977.274978237758	3.1134420959601616
?	118.46355504538387	-381.7935095730592	61.378941862632246	-115.7702379851983	673.8987568361886	-1510.8039133745965	1519.5414635003383	-7173.30882355506	-1
?	119.07469925007557	142.51141106964434	62.27290459860591	-127.16265689726018	483.23477233065546	-3927.448348239712	1367.0183625052302	-680.126658857646	4.437276625339591
?	125.58912559886606	91.77428936335649	55.02080901776926	60.00739837899779	477.5263394242037	-2910.409938550167	1485.5351305574561	5148.054499033597	-1
?	123.66341371824338	110.97110595540653	65.27327451755579	255.79761030993117	337.7142754031476	-2980.219540571273	1624.4210874569092	5681.689896247082	8.780304451760618
?	131.13768089663637	620.3411678886405	67.81068953326577	171.07664645139837	328.5153623956406	470.66723437501474	1769.6196253698092	9598.293445958545	9.995133731163437
?	154.6804721126753	571.5583818505244	73.82710684012568	56.19071774813867	361.24763712189826	256.76051773439303	2104.3357597548347	5830.351677958532	7.528870023418044
?	159.71559998916248	-28.023129434941538	70.6202254206727	-271.879706332927	341.3533882823602	5774.470847636894	2061.1372092677348	-5791.978628561185	11.297697923809867
?	153.27931564092822	-3214.311999783261	60.233121523479376	-156.49531455510797	649.971179503742	6464.857082717605	1814.7368283267765	-6498.177665982926	-1
?	-1	-72.39359653096781	62.795459692917326	136.16964718332048	664.5962424182393	-5221.381400649572	1736.2283259685896	7098.865492793473	-4.311473458353537
?	149.65963581437984	0	67.04160388264538	-153.87926589115975	388.9021094712643	-4010.222232727651	2169.680102966449	-11683.539484352159	5.672900637762266
?	-1	-1.3983592835506946	55.101496398359366	-134.39117663949438	464.08513078185746	2063.8218473144643	1152.0513517509837	-8426.498310577055	-1
?	149.5897178502023	2821.3548126767073	60.32204505067068	336.5118527969977	492.09320183698713	779.3271392937065	1748.3551874375976	13726.819749056092	-0.19290803334047835
?	140.06774063383486	-426.14482524835734	71.92708903820919	202.07368667507964	503.05148774654265	833.9872292496893	1838.392339203786	-2071.333735312408	9.421305165994
?	128.28247658778452	-427.48662390297466	70.42572938442463	-230.8984428280311	533.7925632994715	-123.05323765253137	1644.7885006719775	-7975.981478999798	6.640533892761383
?	118.6934094386862	-68.83814225532997	60.382166896807675	-140.20355867948888	496.8988258639161	-1219.6341347647374	1439.5932652537974	-1933.9115252367606	3.7305101159188316
?	124.84056947501803	-4.313483891981222	63.41555145045021	125.92311970715899	472.8108565612348	-617.1813716777386	1548.0929244101399	3534.058284622778	3.870567161377784
?	118.47773524408714	-2516.8113895003694	66.6783228821656	-105.47094985018853	466.0397572800293	507.40848471641425	1616.2961794849357	-1616.2413396544991	3.400452152484349
?	-1	102.04142692731133	58.1420039579408	5.9485164972980655	498.1812807970554	233.6586426358073	1467.2808574274152	6412.362780268309	-1
?	123.57980659045269	2330.9126208320176	66.9757487070305	125.08869013665291	477.7226894118196	-704.8802028545097	1936.91431849835	2605.2729066689517	3.212178826694821
?	115.54563104160047	2.079432537210842	64.39643846477343	-106.4274683806401	462.93727065433006	-1380.3717704893545	1597.5445027608623	-11303.580676132682	2.988422329815621
?	123.68377821731323	169.31621387251684	61.65437528799852	56.13983474343931	408.7041008873521	-1964.7738630581957	1371.7352846917179	8479.578190282853	6.573626624022133
?	124.01144173522628	-71.92340975850837	67.20343020194538	78.6429591440779	364.69857750142063	-1075.5309452610634	2021.5234122750035	4213.602307862071	9.209392783008285
?	120.08760772938783	72.9241231417009	65.5865232452024	30.161072766324928	354.92755362429915	1491.3484645833462	1582.4154000848207	-12715.897558084474	9.816939847345283
?	127.65764789231132	360.99842330599205	68.71148384026162	115.03342757544699	439.2660007305877	7393.221556346057	1385.728534370782	-6084.811410503366	7.945385600808232
?	138.13752889468736	579.6356775547924	71.33819462397473	49.654800077308785	724.5886314416007	4316.651612727085	1278.1748295596535	-4329.77679292371	6.042397330317321
?	156.63943177005083	564.7047781294763	71.19422384412705	-14.636733953117636	655.0985813669412	-3677.39433904333	1169.2396947245973	-1861.6787627512915	10.367791072617763
?	166.37276780116107	97.43142664589504	70.60635792631885	-22.16457131465895	540.7189144894348	-3081.9284087323545	1185.0908914220893	588.1834855349709	13.120391170584838
?	161.51100310234557	-3347.4553560232334	70.08599527839411	-110.56380778937051	501.002160930324	2219.256503359414	1198.6488690013457	3079.1143650967906	10.49267464874552
?	-1	-838.6617975336345	65.07816753685034	27.870316264855816	651.6817396574052	3766.394181180668	1339.0466096769283	5041.707077032861	0.6519130763043284
?	119.57791322566399	2342.553286263751	71.4795110916369	38.25595847957529	689.3218699893567	745.5636080431785	1450.7342228529878	3121.337467172736	4.437968842060576
?	116.12766431318714	-2411.5582645132886	66.9909654608291	-193.73277639401363	688.959920059564	856.006882693467	1495.1134830355645	3896.7373858941346	2.687228739651738
?	-1	628.5263594853208	61.79287227193625	45.555536845625845	732.1222141240299	507.81884369782756	1645.571092147694	-1925.5664427384158	-1
?	147.55398228745307	3024.145210718091	69.26874230311039	209.85361452047772	714.3508622444552	485.7244408234686	1398.835160898644	-3214.834118610472	5.229740319052046
?	150.20726053590403	-70.94181595323644	72.2855529979601	-41.14857787526589	756.4084361652033	-3895.769328803217	1484.8293862171708	2940.823683124742	11.447980616388614
?	144.00689148979126	-226.03599658748828	67.2113134093471	-114.70933400116549	519.5623958042951	-6089.994295147933	1545.8763450548806	1913.6986014102717	4.983465264782998
?	138.90546070652965	-267.6907385178553	66.55008629790184	100.72253033587039	451.9087214078077	3070.6849747648353	1580.514316287684	2549.320142067404	0.08739029195916327
?	130.62235456389854	-260.16836850183955	72.2474399261406	-71.00098984145771	673.0966445425363	3022.087768056313	1673.3423521582504	939.0844244031983	5.945764135446781
?	125.89704228143772	63.270268299313216	63.00003680582897	-164.30370024721273	603.0131098106228	-4263.038002890756	1627.4685375078438	8809.207568113074	4.38455058257178
?	133.7858679788642	155.21969544645427	64.03225491378	66.31276375562659	459.9447443979993	-4238.969491297528	2113.8027305639025	9751.115876201637	6.5173386060112986
?	133.6580270537604	-14.307893463386614	66.31567499361029	-80.02154953872349	391.0646352457472	1460.567792440083	2115.024331317924	-11926.761828961122	7.903649118733587
?	133.07047330569486	185.3907759789207	60.031177436843834	100.16344878811516	532.9731340200032	1312.5035416539256	1517.4646391158485	-4570.483506780613	-1
?	142.9275658527064	329.0610242964198	71.32384743301603	263.7541080965699	456.6898123284432	-1714.4187576199527	1886.500155978894	10994.596219415982	9.422058678949659
?	149.5235245205158	187.29622368093723	73.21888284167228	33.14286098636257	447.25219613900583	-169.3287354941987	2067.1944500866457	3871.334785811714	10.346550158440829
?	152.29237703675324	-114.31694346402521	72.98099048233415	-208.4175686763547	448.2233755537333	2556.5283505076536	2080.066895269479	-8702.437441353557	12.58584070915762
?	143.80767734731455	-518.0305322707624	62.798004407854584	-106.78201402783354	575.0786136643881	5043.288007978741	1632.0725780189694	-11554.527968598659	0.22165907283813202
?	126.39085042321521	-436.6364166741708	67.64188978094249	169.08152851531457	700.3877759526695	2934.2947455508274	1502.3404968395482	-3303.245128605916	7.12277444735866
?	121.97585651360609	-151.1508117113817	71.25208083362028	-91.5456569642085	721.7933509419289	-1737.50847607554	1466.9103215886742	-1873.2903466218452	11.254317426705558
?	118.83330983764615	-2459.5171302721305	63.06460693273208	-277.4671539922389	613.5123521488928	-2096.1125370234236	1408.6759795084563	-5296.9778193401735	5.965119409618335
?	-1	582.1455934793978	57.37872313400839	116.18843228465947	616.9877240907581	28.280946423535724	1202.0614306216664	1051.5897642541213	-1
?	147.94058951161594	2945.1191436711533	68.87402854696504	263.0873530075072	614.9263994700696	1332.3617189292397	1461.2554677211622	3867.285480784608	6.240991938542417
?	146.25595718355714	81.18311249971356	70.5330907843837	14.195161770824477	683.6058100372198	906.5313593881806	1395.4257046608961	-3037.9826740739663	12.696774062711965
?	151.9997451366016	254.6649274406824	69.58378663550626	-2.0197503977831914	660.2529674394784	-689.386555890683	1309.3563340174644	-2083.1250960879406	12.36702470970957
?	158.98920355559122	-27.64675838192214	70.43210326449454	4.393568063641469	649.1364822426858	-1933.94772613977	1291.2694498564995	18.05228654910031	11.191521560453735
?	150.6174072175055	-627.1251474633547	69.80346503868833	-90.6313940119583	563.5555811324903	-3339.8895891893385	1310.2589483449194	-598.0487985811463	7.378067228810354
?	127.6329461824236	-699.6352629287866	65.90053356389664	-143.39771145239362	482.1420027832195	-280.38919553456356	1261.3670099274423	-540.6836913466551	3.0698899640742394
?	115.6356440710663	-2572.6589236484815	62.633579466068674	-151.851306164974	549.5361213557621	2494.749528278339	1283.2247637775868	-310.1590174132536	5.089070196859833
?	-1	-2332.7128814213343	58.30796825564797	-94.79006938122473	606.879479197136	-273.84098380599295	1245.8590590567796	-1502.2264377297422	-1
?	-1	0	57.894075997007455	-26.799496560343055	535.8440721654625	-2024.4256544967589	1208.1134418911	5058.883856480893	-1
?	-1	0	56.96799342763082	23.506530313134505	505.6581964722984	-1831.4422153895678	1498.8032518808234	5383.863977443262	-1
?	-1	2404.957491346796	59.069402512664176	202.29631618921672	444.2719613959845	-3209.5164859546267	1477.306640763262	117.38738237373168	-1
?	119.24787456733937	2321.681046583763	67.08280923709162	110.78263989084061	345.18237217456766	-1007.1611124381299	1504.67262099951	-2813.778537293675	7.654118608466646
?	115.08405232918774	-2404.957491346796	64.60853450720619	-175.26336769265887	393.91390577407816	2786.1651530147683	1336.6177138985788	-1559.3500879348458	3.7719134375524033
?	-1	1375.3948164392314	58.31964085245871	52.36974789569605	484.4906298253056	769.4049802815828	1426.705116602768	4573.668786078895	-1
?	183.85379315114906	3848.574517057838	67.22702190199098	287.44155499436175	432.38415478815716	-2684.2526431356932	1565.3011532025228	8064.011355453537	7.601184717567697
?	191.4287258528912	-199.71579139877932	72.69171860217675	52.06540246395396	350.2779976685214	-1158.276870601091	1829.9056843754433	1733.9220629567915	9.57189971414214
?	173.86800358121013	-538.7835284640439	69.83029202518867	-122.14756175289425	374.4703112581028	4097.280257493029	1651.997256350362	-8205.136786716947	6.030121945247058
?	164.4895494296891	-337.9886964806611	66.58434051453206	58.969006892984545	555.1420105431721	436.2827677120417	1419.6488450395975	-4000.3960446790875	6.433913674468634
?	156.96856875717714	-3309.790988593794	72.77874236983789	-76.25945625422288	396.2844496437048	-1702.986261591887	1451.9774541164084	1235.9220694140001	6.571332099699568
?	-1	-137.58178238707038	62.77136770182093	-9.003036225728383	469.99269746357805	2614.2400620486833	1481.4449485102973	7653.248593055068	-5.403543321816443
?	150.08947963782364	0	72.32859055855147	-75.39799751016331	526.9964527461385	4372.075875811657	1834.6398837691604	3949.680200778603	3.161843742721791
?	-1	-3021.7895927564837	59.001467826312776	-87.98922135676978	688.5964912541601	7112.814510939673	1678.9289585492268	-2328.921146100951	-0.4962989282742591
?	-1	0	67.929129490713	144.84541358362372	882.6371782931209	4135.7492731540415	1718.1938264641133	675.3392105705894	-1.513151908272486
?	-1	3271.3001685972713	66.24373850549394	56.322864965583705	895.3839549118615	-7043.860293571606	1712.6959190777561	-4481.481047562905	0.928622509857767
?	162.56500842986298	3003.0857373855983	70.74527273899217	116.61361038817985	530.4441636145418	-8321.806382061102	1494.1197740859689	-5396.489721021941	4.153990980398951
?	149.1542868692794	-470.9444435543201	72.07441902490291	-127.59948816663882	479.29363580880784	-2983.709580388187	1442.87143302666	-2458.2107301264064	10.911843690558456
?	139.01778625214706	-397.0476421822545	64.36529833066025	-293.85493536720224	381.258684595133	207.12298911014915	1371.209237579649	1711.8197333760388	4.215767550359687
?	129.30190476016674	-261.22875840120093	57.38167225654285	-91.15065559812568	489.64978526431526	1626.6368097303177	1528.4624196954617	8284.016426252967	-1
?	125.95634833208706	-132.45241047715373	59.807765550753984	187.7326824893026	462.5905250816486	2791.0636340508663	1785.4100588922959	4458.6883315696805	3.537082001175877
?	122.67928423630907	-2539.12696664175	66.76830638100795	112.0865576714341	629.2029669668581	6952.741024984936	1751.396836273945	-470.9584092181847	0.8185802177648647
?	-1	-2473.5856847261903	65.41209343432567	-108.24655542777545	810.2275763308942	-3053.808014656458	1761.8621384313867	-4212.403865493776	-3.83489421353322
?	-1	3241.587826036841	61.35597860961919	-64.7448042844392	476.5125662340357	-7518.510339541818	1540.7766429992569	-9522.501222316367	-1
?	161.07939130184147	3173.229449739354	62.17485322010372	171.536724673489	434.3020593538046	-1853.6838058900455	1285.73707731557	-9220.091964388235	10.027195574301862
?	157.66147248696714	-178.65009158209836	69.93281484329361	143.36844177615953	383.82837593953377	249.1256386534039	1079.7720447798467	751.1036321853206	11.82697717520977
?	152.14688672273658	-451.15801815387374	69.34327530891167	35.36738109292982	446.7583412864748	3203.9695084277832	1323.292258924836	2419.847891890185	6.292416784866323
?	135.10357157927353	-537.2472484347898	71.7011838979401	-90.92190961770602	544.0268513609224	6043.789551445724	1200.7644393743556	3447.397738062508	7.370173554843518
?	125.28452430099719	206.72823981473886	64.79717982802639	-108.67659430088263	748.9478188587599	453.03767238456817	1495.6621458279608	8537.710948540356	-2.180402136414468
?	145.43998357001044	79.01316115927187	66.26735418289599	-11.01610346054802	566.6787349801507	-6326.887564163694	1627.6499868013718	1959.7678660550653	1.058431890797165
?	129.23518235896077	-2928.7996714002193	64.24637465499899	-43.02856908673378	432.6034406505763	4107.676600843825	1593.6505391307137	-1964.830366089125	5.959694950084104
?	-1	-2604.703647179225	64.1159257285593	2.5257440885084836	772.0625650223412	5920.263907634506	1529.408468496916	2367.9732949008976	-3.693818658371297
?	-1	2097.6928930347976	64.37266185942441	-132.19202361857347	728.6166360323006	-5905.997958972713	1712.0492038757582	2622.3279382585724	-3.9574853982483016
?	103.8846446517395	2811.5330850387404	57.506324547630655	10.254703779083664	476.76266707370667	-6140.170004278751	1660.524865409844	-1046.9330633537393	-1
?	139.57665425193653	581.4095448134899	64.8853970483786	313.16485082830155	421.60813581836413	213.49695655686295	1659.7025507080714	-2297.186122119423	8.301124595665428
?	132.9551218924139	-298.5593432008178	73.16456708904568	137.35997347141014	487.4375149015498	3408.928005573959	1545.6655593038734	-2586.150345252504	6.386373972399193
?	124.6486870918957	-353.35211339106945	71.75339572194908	-156.46137751098195	592.0545360970615	3102.962939907238	1530.3950334454466	4211.188281191322	6.360617098972846
?	115.28751622286049	-2512.9737418379227	65.3414982134966	-112.87521726379293	642.5856618969111	2065.317584589257	1756.2249733634387	6453.319950905452	0.27945177225807183
?	-1	261.9569985767564	66.10963485875945	-11.613074469514443	695.320415326524	-2772.458291701084	1853.061030990718	-5704.304583810169	-1.4446101749683917
?	128.38536615169826	2485.56156965739	64.76084449002089	49.95727586526517	503.9627473118574	-3307.878509117559	1471.0097441729313	-15825.98757872655	3.9584910194174774
?	123.27807848286905	34.8242169672808	68.6074986520227	107.32848173269228	529.9264898706466	1074.8216822064937	1061.7616520543934	-8153.0824399383455	8.207011555392644
?	130.1265770000623	551.0226913526014	70.12726857665548	110.44246666491983	557.7038314221819	2826.1581307482343	1063.3556221760155	5830.5405669503925	7.054746047701975
?	150.82921305049902	671.7514061791787	74.12962198526867	60.28233475528303	671.2343964080578	3517.0595689345314	1353.288680401912	9674.46182089742	7.667401174559311
?	163.71414730902112	77.84067349552826	73.14138531441962	-225.67012536391525	733.5568098689079	-3822.608557678693	1547.0787132208848	3223.359337772033	11.017672788327305
?	154.72124672527542	-512.2505426512767	62.84611571707295	-120.94059776375971	480.10396852412384	-6130.59508105107	1514.456647290513	4958.314402675168	6.512666358922511
?	138.10162017645737	-551.743020540693	67.09435542623166	-112.4998580702734	427.0270558163554	-181.76532138387026	1794.9944333546423	585.1065574826564	6.634512107527344
?	127.13409569824087	-201.53114557751067	57.2211228135593	-163.85564029875624	471.01570245493036	1636.5935435766837	1543.7119751646458	1261.5978538583704	-1
?	128.02506289758188	-263.9500731848583	58.901573411293874	156.1298504637854	508.8567329951893	-1188.3798496445556	1858.0743260475606	7075.212351493304	-1
?	113.936592038998	-2580.5012579516465	65.02761533674854	158.2660589806376	411.5967099727028	4484.446706156203	1897.4725927393097	-2172.8137657069406	2.8407930249419864
?	-1	-2298.731840779968	66.81487636032573	-37.08839546906176	733.0790683029986	7379.915744640638	1749.433637762214	-5424.015575314621	-2.2582092368690927
?	-1	2795.0327927741055	63.17319556329546	63.05526673624081	780.5924972047334	-4614.6575836972925	1626.2718139735796	-8623.56812650129	-3.029717240158427
?	138.75163963870477	2672.0855413294	69.96763969713776	58.60252494456183	502.3461891181348	-7849.942638859073	1318.255231437151	-8342.048054166773	5.727120152516672
?	132.6042770664695	-203.137408279908	66.10332181052354	28.810208757595138	388.0953652617811	216.66995030382927	1209.1694112652424	4565.215992536517	5.428481274073956
?	128.5947692247094	-236.86972711354485	71.40815013501751	-73.75138020569975	513.1796866333262	773.1384387158589	1546.516031063976	5677.087716757689	4.750798866658284
?	120.7607907107923	-101.37040992230972	62.415752800238565	-188.87610864227665	426.75228719757393	-1994.8367222413017	1493.0237971031258	2806.466654920401	2.1191005592586234
?	123.52624872859394	55.10112007436666	61.96434470290371	11.509630752409278	413.4378505212615	5735.37770316345	1686.8393638099956	3895.3917865714857	3.4364476117482727
?	123.51584671451063	-2490.5249745718875	62.99123433785903	-132.8842954185817	713.5211723557454	2368.5110572082913	1687.7933864316994	-4713.330854652602	-0.6542355412086705
?	-1	157.6445704618024	55.32012993197465	-110.07610725939568	531.8634033816757	-5073.919555755009	1451.1728210773663	-7048.955581480666	-1
?	131.39807523760072	2542.0674083933227	57.48742897488926	267.97872421237895	459.8251945679959	-2057.5132144584727	1335.3456073576674	-2870.078967368855	-0.8682157584372565
?	126.1033704196657	-331.47579912488544	68.71906614259355	148.63394177937732	428.9877426587524	-1365.604877245893	1307.668872708924	4874.707712000076	8.814224421266195
?	114.82428528135651	-211.13209501687055	64.9191260638581	-136.13278372406305	391.54495070570147	340.86909314833866	1579.0809929576703	7091.98295275003	10.017047275589004
?	115.5467656688222	23.094380402018217	61.91242695639042	-57.90814580114957	446.03119731616925	1856.6681378461496	1662.2680203464242	2455.196830320439	5.404963332043906
?	115.97900430145744	-2330.935313376411	62.02371877380058	36.814772600566286	484.37835759801027	6546.5590682460515	1701.840834473694	-466.27083447343256	5.864900269458774
?	-1	9249.988044717653	63.75316558641876	42.486232715836785	773.3591507284765	3307.18614998628	1638.9544786227523	1133.9653142474865	-0.7520178575603762
?	578.4784065373467	2130.06551424604	64.14803040959245	9.97474195630204	649.7376650973266	-5267.592798259839	1758.5391001860692	-6800.151789770379	4.430831000732103
?	105.5032757123035	-9591.322236011836	64.25190268423387	-76.63887477291856	509.9795108154808	-1866.5880859766214	1298.9468891342285	-10565.736477172326	3.6199560844537655
?	98.91229473674802	-2130.06551424604	60.31608667094647	-176.50316288046588	556.4082607984942	-296.771100232692	1230.2522763274453	5402.5235955860635	4.146993452931604
?	-1	-1998.245894734932	55.42674454021045	-122.39140820041695	495.140955803846	602.2854207901747	1569.0730689135355	5352.769399075192	-1
?	-1	3325.6795814637962	54.196516260925534	17.343667718102193	586.5225318380034	1093.489536441072	1497.8907462812087	-1289.692667016411	-1
?	165.28397907319217	3473.49022399265	56.29392792611557	153.32562707601463	549.8154326259004	-791.805320345759	1504.588435562714	-460.50198103091844	-1
?	172.67451119963496	243.88986787015193	61.862797614726375	170.6639165598027	546.9322658207149	2022.7814410543565	1474.8656472296625	3186.546376510105	4.080085333374112
?	177.47847246669994	-3473.49022399265	64.82712375410583	194.2077170796575	650.9545046786196	2518.184138126972	1663.9157543882216	5765.54827488359	-1.8522439469165237
?	-1	65.03950632112513	71.57318346870939	151.99405379917988	672.8414727270653	-1197.061527413083	1763.143060973846	5113.690832703655	-1.18372043411162
?	180.73044778275624	3789.3414080160037	72.42682644406493	32.6141813231008	591.1014283079646	-3027.438131657939	1919.600296023408	4868.173570253329	4.056370512647552
?	188.46707040080287	-111.72418388155745	73.20389253486445	-15.972638578380781	521.4695661441662	-1959.817012160466	2006.551739486516	-449.38110861670157	11.876810093698548
?	175.1442385886783	-3789.3414080160037	71.62819451514588	-292.07487885833496	493.11057769993994	-1268.6575125293407	1897.1312405925726	-9350.79389601938	6.523867157724981
?	-1	-3522.8847717735157	58.600148591947494	-160.04397080506237	458.0366905176982	2736.6931908875845	1539.0120446855403	-8142.649824995063	-1
?	-1	3387.3357962599675	63.625995974892646	231.31904407755823	629.9452372443211	2175.4236228206855	1489.9987493428137	6723.326200538077	-3.380543531311035
?	168.3667898130008	3208.7311005443944	70.16610079582557	190.4291103085798	566.807871658734	-3352.9670210893382	1875.178354712449	12316.267591320595	2.4515102848081725
?	159.436555027222	-324.82176430559656	73.14745149032177	-47.96083722293605	462.2968861898518	2720.412071671535	2105.812128908852	-4844.983218558167	6.15974594148228
?	152.12570159772073	109.35057345824093	67.76805893467873	-109.17157769914625	702.8284752423127	5471.186254211312	1632.9291937845371	-8294.839044085802	-1.8486875723848128
?	164.90408370013412	212.29731988224995	67.68887260536438	8.386414860148244	735.8561989004213	-4974.052502000447	1691.0701767045562	1217.654062051207	-3.7141184641930054
?	162.74056759183338	-197.92006320074736	68.18737967768615	-0.9717467500658334	454.1258501422868	-4709.261660933384	1693.8118968870983	-148.15298507643337	4.126060293861652
?	155.0080805400966	-115.39597971493443	67.64028526786109	164.34249616659025	500.3931158537488	-12.908554260779782	1683.6625274507344	773.5764124518281	2.561003140709469
?	156.97076860608658	-61.237394911438784	76.40450448601578	28.455041591944784	453.4804224292478	-2399.2261553499557	1732.4907175096903	-7218.064040206093	11.009626277465122
?	151.94621079452463	-177.75609812741467	69.06303734745835	-102.48058971218396	380.4318080862493	1345.5101683247121	1322.7593254404246	-12571.764463003978	10.691533058761785
?	148.08296369971572	-194.05810847683264	71.28047500040651	58.66056621797102	520.7559308454844	6416.368818864763	1103.9024943594825	-7529.689958688655	10.197736367736711
?	142.24330537068286	-334.2546796427073	71.99606565835694	-28.775998433406915	701.250249029492	-1479.354532716903	946.2748275059865	-1950.915342345017	11.898000227831961
?	131.37022971758012	-353.97551688392934	69.84167507873615	-150.13681713243372	446.7882042096382	-2711.472423795426	1006.3567272422302	8479.323855461968	9.79198309270023
?	124.54452952648614	-2647.404594351565	64.48922480173515	-162.83759805224304	565.6766278397188	2305.913966040216	1370.241020279091	14195.634860702403	3.839414419045922
?	-1	164.5551469096153	61.69979517612388	75.70750882831254	562.0839025116507	-952.9346846409613	1716.1384702773605	6009.2225356701565	1.3340627459019991
?	132.77228687196703	2427.0853264104253	68.27460024315083	186.19514539631416	518.02989360767	564.5524089756769	1670.702147062603	-5505.679638038008	4.4319846310244575
?	120.35426632052298	-375.3144903562748	71.00955244593972	67.52821515380293	590.3115229604349	1080.7520387733284	1440.8544883754562	-586.1755970270323	7.389912443534707
?	114.00656235415302	24.705723724643395	71.65101100084102	-76.00257296936553	572.0674955463372	-4584.239315510167	1641.393367211251	7566.774109426603	5.967411806993048
?	121.58955250675517	385.88230120573706	67.20942379747139	-63.53008278549931	361.0995571849233	-4627.1410462147	1819.1931938467917	8489.668180044902	5.100620380984326
?	133.30067741444014	325.0087617218801	68.47450686156601	-35.9501461199867	340.710443235599	2111.2014443809617	2065.876776213502	-2377.1884127641833	7.748565662626525
?	137.8399905928494	116.23228976490572	65.41191649147203	-44.142055303938946	466.6596294039729	526.3032728461467	1700.3337732085809	-5802.826839763897	6.437036773175424
?	139.1122919026855	-137.25454981233358	66.26740409636904	45.518993277863366	367.0256068779067	-2540.270374735161	1775.7354342253032	1773.7211877229558	7.305022085419935
?	130.97726310223263	-220.14617027294804	67.68786615536523	8.77150281950394	339.646110667213	-606.5350392157693	1789.01983259473	-1469.9755345203375	6.357884814873631
?	128.10498338903795	-108.5607320969517	66.70597923734424	106.74298219503972	336.6988549171178	477.2697993954865	1702.2366574992852	4037.9541770869873	3.3665424654381586
?	125.54922649738496	-2562.0996677807225	73.02501526511729	-1334.1195847468657	363.50960063698767	-6733.97709834226	1990.9175414490821	-34044.73314998522	6.571893946606407
