rowLabel	avP	dP	avI	dI	f1	dF1	f2	dF2	h
?	116.6958359773519	-20	65.54948744925225	1319.5447810213727	499.1202549351384	19763.8359427211	1394.5046343998872	34113.208780323075	7.520689300448205
?	-1	-2353.916719547038	65.97723905106864	-40.53853468529937	988.1917971360551	6979.478363122896	1705.6604390161538	6995.696620877043	0.5704330400086199
?	-1	5535.3979626244245	63.522560714987286	82.8717944764193	848.0941730912832	-12510.003860120265	1744.2894654437393	2420.572041000095	0.2549110434786527
?	275.76989813122134	3437.97922899401	70.1208287748896	66.74231075329105	362.69160413004175	-11053.924946700625	1826.6890410661586	-3064.2253393523883	4.9355389831173495
?	170.89896144970047	-3023.912572720606	66.85967625265184	-21.51882271438865	295.39792575625216	79.51018946409592	1591.07819847612	-4679.182484175954	7.0368264047248665
?	124.57426949519106	-1071.7072579975784	69.04488763917017	251.6274179512343	366.66711360324655	3316.773828947839	1592.7299168573609	2471.0202922460353	4.530469421049048
?	117.31359854982156	-278.3885032594825	79.44104715021355	153.21122828327364	461.2366172036441	4048.3963913825514	1714.6292130884217	-583.7007176655199	7.501593749591838
?	110.65484433221694	-44.32623729334893	76.70544905333385	-123.11137273962063	569.0869331723741	-551.0328607120199	1563.544880974085	-6317.359988616569	14.907111794104841
?	115.09728668515412	451.74229512553194	73.28547851323252	41.76509152412792	433.6849741680431	-58.5856845915646	1398.7612136575933	-5636.393564027922	8.07406941522012
?	133.24195908849353	496.5129444168944	78.79370362954025	33.92668472317326	566.1576489427958	2873.573250540573	1281.7252027726888	-4837.597961644989	6.502215347940478
?	139.92293390599883	28.389869345095892	74.98181274939118	-447.58365893288857	577.3636366950717	-2325.2149919321655	1156.881315575344	2834.0339955013105	11.512898068548875
?	134.66145255574833	-55.95759073031781	56.4145206828958	-138.54934579002634	449.89689934618747	-3878.116402857652	1423.4269025477545	7933.297574321397	-1
?	137.12505436948294	95.95666566259118	68.05434545988986	276.90338509268605	383.45781655218894	-2011.7603985712246	1553.5461942914142	1199.649852831784	10.717896790689082
?	139.4592858388779	11.924550880702316	70.25968993753011	83.57197742931867	349.30887941762614	18.633803361561814	1483.4093951893437	158.49694828000324	20.800948114560533
?	137.72128191351806	56.884041761217595	72.2329443313558	104.58211417468523	384.38950672026704	2746.7025873286193	1561.4710417054143	3328.377024462676	16.689625758584395
?	142.30348792693877	88.89353234246633	75.48879564626438	-23.318538376362007	486.64400878405723	1492.451586566268	1649.8282464124777	12.710451566113068	10.688845986465175
?	142.16595853064138	-2866.069758538773	71.0670174125377	-306.3144334909279	459.0120860485805	5990.551385646057	1562.10656428372	-790.8786240842749	13.77685086580307
?	-1	-2863.319170612825	60.17307397171797	-254.7134839040874	786.1715780663603	9017.627970210682	1610.284315208264	407.8885716529745	-1
?	-1	0	58.33134321733331	-93.13775354006287	909.893484559115	2044.6666245760098	1582.5009928663687	-918.6262659716741	-1
?	-1	0	55.51618629471482	-365.39986346062994	888.4049092951609	-1049.983880168476	1564.3530019096802	-454.16857959111957	-1
?	-1	0	40.06135004430184	-355.28973304189657	857.3942905506913	-2712.9550847834275	1559.7925638868128	2091.6087625727214	-1
?	-1	2476.788778331138	37.751699642619975	572.1580618410834	752.7571550559894	-3515.8247635953003	1668.9334400383163	2743.8137594332716	-1
?	122.839438916557	2418.5650920322882	68.66925313635603	831.5364984828116	681.6030523709261	-7119.563604648907	1696.9832518584765	-1075.6360481192805	0.24865926679531555
?	119.92825460161451	-111.02828146941239	79.32852456676059	220.66752921963635	396.77897482354376	-4431.259426817931	1615.1516376323523	-5025.524862430393	8.201056979453359
?	117.28802484308638	-38.71465782004403	79.70262959733786	-3.338915071558969	460.04008103002934	1413.1289978932873	1445.7070087369566	-2860.072536840423	17.952139111319376
?	117.99252171061231	-1.2787613325880887	79.16157881318264	6.637400401641565	467.4354247182082	174.8329917331442	1472.148010790331	398.14503450419545	20.10239424607629
?	117.22408677645697	-16.34522177005975	80.03449961741994	-95.3793361095949	468.78173061668656	-1053.0812897886542	1465.6142604621664	-585.1516434430045	20.030856647272085
?	117.17526062210932	151.82275593568093	74.3926120077029	-55.1464790255252	414.78136022877544	-1723.0378046708752	1442.8904286181807	-1586.9701570269885	8.553472804853842
?	124.81522457324103	439.03296526367217	77.27717566614368	32.01547544731764	382.6298403831427	3246.6554719637275	1386.265752610817	-269.6420607192565	12.361505776455704
?	139.12690888529295	384.09258591639394	75.99338578006878	-317.3065908122598	577.114133826962	7075.733025257599	1429.408325582218	3296.4326862545813	8.067533834593437
?	144.01985386906074	-2802.5381777058565	61.41184612553067	-218.7787178911851	736.416491646023	8028.2226110259735	1551.087386923546	5324.8235492461845	3.4826815408844385
?	-1	-128.02430448529594	65.05444988550951	136.83509498688142	978.525264378261	-4884.661108004247	1695.6495030445274	-1318.4956065973881	4.511702181885838
?	137.61863864479594	2736.671959084389	68.25360087487475	92.71989344612157	492.18343624581047	-10217.780173667177	1485.1626065936766	-10754.14436286971	5.948053634522282
?	135.83359795421958	-173.65029536267727	69.6904445578156	-20.7582784188571	467.63625569490165	-35.220223942951606	1157.9422849010414	-6778.440487386381	8.570412662873236
?	128.93612387666207	-205.97308851509052	67.2156869539319	48.09596326034632	490.4224250486629	-981.2593792930661	1146.2405822243572	-944.2069202248732	9.570448896231639
?	125.53494352846505	-96.13705388593635	72.09524272083291	-161.82584162333725	418.5732867302483	872.5347669406395	1110.7319388897977	7154.2540162355845	15.444525879519034
?	124.12927118236524	40.28626548369569	59.12439487276502	-134.76650631378294	534.0491633956949	4266.071515059318	1503.9532830361368	6909.687950696601	8.675153299931695
?	127.54925680264984	75.20159679566369	65.35691740514376	341.7491151364618	631.8768624832144	-185.38800388793544	1456.216336424628	-1310.9197954768513	0.08479788374905284
?	127.88935102214843	-18.108401513257757	76.21185062958813	86.75576838745563	524.7797632012981	-3786.904143082761	1438.4072932622942	-3437.638898926513	10.180412187746407
?	126.64383672698695	-134.24451464765573	69.69470582451655	36.252006359688224	442.53165532907616	-356.44296703454995	1284.3343914783022	3048.013697680287	5.611694536831249
?	121.17712528976567	-128.18373723541487	78.02445094757253	-23.81120380294996	506.9576148495707	-1212.0923614349838	1590.807978146308	5737.494786625982	8.527443259596515
?	120.23464986521623	-62.64087462339398	68.50414563436905	-210.1174001287929	381.9270372573272	-3649.6908650046503	1571.2091308096003	-564.7935434469694	4.570193575922298
?	118.04508155859598	-66.51633867790135	67.51858094113293	-219.81379020222468	324.4730715993388	-1817.302195411872	1562.5683009739596	1758.8585020926091	12.503506799067894
?	116.90883293132117	173.54971158851248	57.51345612425786	-112.44052986171636	291.0619274867339	-216.72570820565815	1659.1520559142305	4230.420042411985	-1
?	126.72256713802157	104.5558698501072	61.89655444804713	-46.93947487018365	313.63678618905595	384.94908209838195	1774.089303094558	1868.276789949716	14.070782860774452
?	122.13662642382651	-2554.4513427604406	55.16648238074868	-167.08183928792297	310.30938159165294	5787.80464858576	1752.565895411716	-3552.987588848445	-1
?	-1	163.53086563316907	53.54246248365101	486.7364387672679	603.0270186183429	1720.5428067721077	1596.4399236521365	144.49504848791145	-1
?	130.31316970548494	2565.1003160014775	79.50330431911199	361.03633750371404	396.336521930258	-3473.654840095895	1759.7906478361115	2190.195314473261	7.213723631565797
?	127.2550158000734	-107.57955038626316	71.59427935883664	-373.11996274539473	429.3442766135488	6674.966129106174	1705.9496893757992	-3086.216287347849	9.396685173114637
?	124.9341921861718	-2565.1003160014775	60.84730618184232	-59.702184269478025	730.0848283855655	5427.2306018313875	1605.4798334687196	-9885.40810774008	-1
?	-1	-587.1336655706168	68.60917014536275	195.57196949850575	700.7058067051172	-5496.422573502509	1211.679283988797	-13670.796858473946	1.0683056508880093
?	95.57750890764106	2386.757814620865	70.62590465676757	-5.231073508519462	455.263699710441	-6438.687791245352	921.9399905450247	5579.927698858202	7.947986816415086
?	118.33789073104282	727.6168310525507	68.34761646993678	99.29796203086745	378.77141714285074	-3103.8486429238465	1490.675668931706	13809.965211284221	7.609657930913208
?	131.95835046026846	301.5743674421662	75.59080275831093	87.75221690214639	300.07126756424924	-2102.884013111106	1612.4382511092333	4776.721786473717	12.53241132627991
?	133.41660910315107	-126.1005150443383	72.73522731504409	-64.17966589598672	273.6272164872958	225.29081336354432	1729.511758255391	2593.662943407139	21.09914450649521
?	125.65332470805157	-271.6529088425285	72.3818194635116	167.59439935476937	311.3358082324264	1749.1288369650856	1742.1213982795898	33.41196623777717	9.594506875497922
?	119.8339636610247	47.34063554186281	81.11494728278252	133.10331430573135	361.0836583355498	1420.832132315997	1731.1823565672798	1802.7786432708144	14.047322099480127
?	128.0203564851447	280.73493236311964	79.03698517879815	-125.79359947988125	382.377414848226	59.80971387680505	1832.2603304431302	-5203.682176070624	16.37178691209933
?	133.87071027918063	111.34886390826904	74.82526730878848	-403.52526216065104	364.07414402939	-825.4913401040944	1470.9982477637495	-1129.8577372061295	18.02295848744324
?	133.58779968055813	-2697.4142055836223	58.86072207076567	-378.91196346408896	341.10284784302144	4404.717549374836	1775.767443582824	6070.247204602701	13.970425331785076
?	-1	-2691.7559936111725	55.8796691355841	20.40496827464004	584.310021498131	8065.213000940397	1774.5106079938835	-2101.9060258192058	-1
?	-1	0	59.88097048449767	143.72573014268747	744.3634978900399	4728.981672311659	1670.672142291864	-1723.8127257314834	-1
?	-1	0	63.06595564271845	89.31490219920849	820.7591051137132	1947.8487430382984	1688.3199717073096	607.313453528784	1.8527506120746273
?	-1	0	64.34671559445808	13.536723583993128	841.7559350419544	418.81295545105934	1701.037814968303	707.0403295610665	3.184512208213964
?	-1	0	63.742791821918104	-105.96070945944271	841.6997528862661	-940.1174492197525	1723.6719881853628	-48.26747748414181	6.413836340262996
?	-1	0	59.04868012148596	-276.7952857761868	794.750062580967	-1650.1555586864552	1698.624441094096	476.6009959131469	-1
?	-1	1899.3214760504559	49.90302753310881	203.5410662979517	759.1919749519436	-5628.560070002444	1747.50203798102	490.0743743600896	-1
?	93.96607380252246	2314.627621202072	69.2257334363835	546.0509777878584	513.3220590808458	-7590.2344288649965	1723.1281598121004	-1233.3669989995813	4.346237751798652
?	114.73138106010319	406.2617785874906	77.20557642250164	-260.4431732112567	379.68025350869516	-2134.1593288061513	1685.8336880310412	254.24989690064285	8.607016392675849
?	114.27916273189692	-2314.627621202072	56.20357477582072	-161.74349813870066	406.61409264053856	6512.920508062919	1735.8406546571325	-1095.0812409816529	-1
?	-1	32.19399461835292	69.11840151556663	408.69789693234725	705.32627891184	-766.7742790500727	1631.0796259819588	-3381.881320152045	1.0632443040264439
?	115.88886246281456	2462.057486498125	76.63846962243801	25.463997505365317	368.27537868803506	-6663.371412758231	1566.7465886495308	-25.448593971141324	8.016664870216676
?	122.10287432490581	446.3161909140716	70.3916013908349	-22.817651997490113	372.1577082739296	-990.4038902984679	1629.8071962834017	2022.2975219936761	3.601614233128251
?	138.20467200851806	784.2032017240936	75.49758702256351	129.93049097534697	318.75518417311184	302.5260759603747	1667.8614647492143	-1745.4254622072283	6.867216161440678
?	161.31303441111035	461.2530346482401	76.88812593960222	-15.475512308819132	387.28401207194827	2515.9926127479503	1542.5359231730406	-9879.107715697595	8.597563127392235
?	161.26732374092998	-3246.2606882222185	74.72381140712255	-188.24333279405562	444.5548148105089	6452.710660289579	1173.9060789643363	-9513.360068248046	12.559042139567053
?	-1	-590.0544105994616	67.47595929989947	-135.81782676586604	709.9195450864261	-1757.7817923634568	1066.86791976064	4131.231325422628	-0.30828879169223217
?	131.764603210957	2660.158639621615	67.93292006882928	47.29439349740022	356.66572519233637	286.69729859626716	1380.467645235467	11170.92816192297	2.214722596407486
?	132.00793198108028	255.76153410901134	69.84067897476948	73.97830515868574	724.2544100162394	3031.5152604146438	1625.4143278567865	2349.505108625084	0.10667033216886639
?	144.55267991640753	197.73359758854795	71.63183532676355	136.26862025537199	508.241488213068	-5573.732619845143	1497.9429006667208	-8868.723269612892	4.653696750592292
?	141.89461186050764	3928.688902185822	76.65410998753805	97.37723488867295	445.56777902398323	-1265.6966331768695	1181.9781643761435	-9150.782856133183	8.08501586284202
?	340.98712502569794	3594.3461395562754	76.50069707119718	-19.2898213805595	444.95665655422476	-781.6927377103564	1040.4037578600633	-4034.5736302143414	0.4787374325067713
?	321.6119188383208	-498.8574425384201	75.68961891851008	-99.88773104681236	406.48314213846555	-1197.564106100651	980.2494828654271	-136.7304706987948	1.0508299358131712
?	316.044252898777	-4163.031169215979	71.50631051885658	-294.2892506072478	385.0784512491924	-1127.6394569240297	1033.5672343251235	6512.0284435735675	0.20587891691561297
?	113.46036037752252	-3773.5961755280355	60.97515638814774	120.83488402614066	350.1011692922643	-70.43272094981742	1305.8509050441044	8231.50136524557	-1
?	127.3644441223759	175.52434986406928	77.54805472016359	187.6027493122377	381.55681520170157	338.0259423480573	1445.1423025874005	4765.9469840702	10.051861276405154
?	122.23657787072595	-124.8258290971434	70.35529385375959	-109.10439597183266	367.0024664096671	-1497.3645867555076	1544.1482542476135	1444.7421040500838	8.945970480285888
?	121.12315266751875	-22.61434548730372	72.09283492157198	151.049634633961	306.68858586392645	-808.0499552007728	1517.3794077899045	-4363.4329104547915	11.480258358064386
?	121.10586059636077	0.37698882310422865	77.90777558545761	42.3619528578594	326.5999686496286	6916.925085760648	1325.9766087248747	-8843.229692635008	17.2186533641866
?	121.14200210867396	-2442.117211927224	74.21093256446494	-151.6668155832701	652.5348401519576	6504.253861004228	1075.2179231581556	-1137.9186140314591	0.9661037518755604
?	-1	-2442.8400421734877	70.32443480629414	-0.7909194382278911	651.8126616998388	-2546.627105528985	1269.080678023302	10700.172377004621	-1.7231786356272778
?	-1	2604.012739767214	74.17138659255355	74.59585204484681	525.2034848755088	-3701.6214146932457	1610.2265420083847	4532.028424010512	1.0382921262907687
?	129.20063698836023	2412.9968619289666	74.05422740853646	119.59894045205161	466.7315909651772	-2068.161790728921	1495.6820992238268	-8036.910035027432	1.9771761682903897
?	119.64984309644791	-119.13344403442906	80.1513336151561	76.6342063224286	421.79539533906313	-1445.5802093481482	1208.3810402570145	-9653.89779464451	10.736130198963501
?	123.2439647866388	46.62349860527899	77.88593772465788	-210.634884029693	394.45258049777004	-481.4698302687185	1012.9872094916029	-1310.4561216050524	18.179845814667555
?	121.98101802671185	-2484.8792957327846	69.61958941367149	-356.03839400628357	397.7219038256273	9364.226290906845	1142.8582341767622	10269.268676939982	14.800933690611119
?	-1	-2459.6203605342457	60.08401802434376	-155.54189271491848	862.6638950431106	8240.158634164798	1526.4506433386002	9281.182814106134	-1
?	-1	2325.74288013163	61.842494777925594	363.4068895630229	809.7298355338658	-9415.168060450596	1606.9173748820672	2883.3004193688034	-1
?	115.28714400658109	2383.258503034873	78.25436250249484	44.18461941446667	391.90549202058247	-8678.217991418353	1670.6156643070399	-3445.060190617263	6.605480850714933
?	118.16292515174321	124.47048704948075	64.05172574864892	-215.83573734391726	375.8189359629497	-402.89126449161955	1434.6643653512047	2066.9491542220003	7.3077785646578235
?	121.5106683590551	54.14770614348375	67.46257563529902	285.77687528009324	371.76092879600156	1594.5710827777611	1773.9631220181395	6018.43441022926	8.966121559303662
?	120.87031045891739	-0.08036661750480818	78.34056951265353	183.58734561464823	455.54749010183747	4053.1964445273634	1735.5860858626666	-5162.693303746851	10.784946080002822
?	121.50665002817986	62.21823711932267	76.6419429160314	-77.63427352153285	574.420751022369	1554.290567285061	1515.828456830798	-6097.500834643332	12.63898151582523
?	123.98122231488351	28.760575221252328	74.4588558365769	-28.31445408481197	533.2620184660902	-683.2603943693358	1430.711044130501	-1096.6491840546717	5.45709947414647
?	122.94467878924247	-239.05833379154103	75.2262202117908	-47.21290483002821	540.2577313039024	361.61917993481796	1460.9959976280645	629.5883985058504	13.062348094819038
?	112.0283056253065	-466.662032055959	72.0982105950755	-224.77377426747788	551.3429774628311	356.1546199348812	1462.1904640557934	-252.36649673730972	4.394310725258554
?	99.6115771864446	3.282792952513785	63.98753149841695	-182.5451506011232	558.0654623006464	-978.5793996587109	1448.377672791199	-580.1544876709997	5.392348591156067
?	112.19244527293219	258.1961345558165	62.97095306501937	47.889496917641765	502.4140074798957	-1254.1614133426071	1433.1827396722435	-1173.89513750993	-1
?	112.52138391423539	-5.536768973789796	66.38200634429903	173.83184784977578	495.3573916335162	3314.9753237104587	1389.6829159157028	-93.19844040632266	4.743125767991547
?	111.9156068242427	-2270.427678284716	71.66254545750813	154.28463493954067	668.1627736654181	5334.297930540517	1428.5228176519274	4468.459109485827	1.5824980612001998
?	-1	270.274375545802	74.09623809127604	115.18608488461537	762.0722881605411	-3974.746751440179	1613.1058713899934	4283.365758023226	2.936328143171768
?	125.42932560153275	0	77.42184970173888	-202.15453581862548	469.4254360934098	481.02350930167347	1642.691105553088	-1573.5683341837932	4.341593594488198
?	-1	-2528.586512030664	63.9885113003448	-249.0003836628995	786.1234636256247	9056.058139517858	1534.427454680804	-1456.360770904085	-1
?	-1	2568.1636119833615	64.97183051859395	301.49181991359166	922.2283430693011	-5689.157102774861	1569.873067007884	-12271.056552637421	-3.400990769939762
?	127.40818059916762	2490.761295206408	79.06310229602433	45.504752705563924	501.66560848688266	-9798.69247555362	920.874627048935	-12425.006992705843	9.943932994547728
?	123.53806476031994	-36.314555440495	67.24706815387214	-398.4486338627923	432.29371929162187	-2578.142534816092	948.622717372594	6924.59145040935	11.972440476689693
?	125.59245282714288	19.40942690892889	59.14067060288478	39.3291252900373	372.75848174607853	-393.99046543388664	1267.1041995694013	9014.661091888152	-1
?	124.50853610576638	-95.92708329934771	69.21352441837399	254.809382248472	412.5941960199276	3146.8920324166047	1399.355771967	3211.999317543939	7.030416752192099
?	120.79609866217551	4634.991143250508	71.88113971530834	-168.45354397639343	530.1030833669082	6778.3303228340865	1427.7041654465977	4337.846882594215	7.220174939538292
?	356.25809326829096	3559.497448853376	60.79084721955435	-98.33993402642086	751.5107121616308	213.25935835673894	1616.24811609671	1698.0013646801233	5.09781668980059
?	298.7709711048437	-4676.118021644531	66.96414301398731	168.1929152470801	540.7660512847451	-6165.0691945626995	1512.6042336806036	-8787.650596626809	3.9533233205748686
?	122.45219218606523	-3420.880308999782	69.20049298190833	55.3843102868307	443.2572524334969	-743.7310327796516	1176.8655862653711	-7949.311872356144	11.707518030710673
?	127.72695565485519	-92.35825958071506	69.73335852832884	-49.71951100920098	503.57949964576267	1376.2277891553895	1115.1386400627978	8.552934577674053	7.252168192172259
?	117.8342792070295	-2574.5391130971134	66.71451743144829	-200.75830706924606	512.0686418912661	3644.777635459333	1177.2932329942548	6600.946688145783	12.296459266741197
?	-1	14.239380909761273	59.69544317486657	102.02632103264571	685.8183814187287	918.8873695478638	1445.1859744700857	3653.998650802318	-1
?	118.54624825251756	2346.4716391728257	71.81583348308055	248.39166191615763	558.0130103686591	-4646.105272509388	1359.99316553437	-3630.109162701964	2.306307889827843
?	116.32358195864087	-272.69997232299727	72.1150262706744	100.40334443771378	453.5131177932601	-590.9963036852444	1263.6805163349882	1669.3671604689066	10.241888534466558
?	104.91124963636774	-163.0500760008681	76.83600070496622	-24.894148435216525	528.463195184397	-248.8036656585243	1443.461523557815	6311.7700844317415	6.168467229777169
?	108.1710781585975	125.21889096360711	70.87031884891358	-131.48245460103584	441.07293451033394	-2698.3080349529773	1579.269020556574	2004.9076334790723	3.1414500549094684
?	111.17219418454808	-170.05382675086824	70.26187797491446	-216.6481919980797	393.54779343674863	-2711.878719453901	1543.7069052317684	5425.77595921931	6.33636168358518
?	99.66838682105411	-93.65288775202036	60.03790924900964	-286.0156708575994	305.47899853763937	-246.18084993912336	1850.5578185175386	2582.3337768583133	5.276821825890624
?	106.48954979694707	123.55726128625166	55.961094432034535	80.57001743695977	381.2387509397925	-137.28630986565284	1672.8235940746836	-1394.6312917142182	-1
?	105.84624988536667	168.2724907976598	64.06641012085761	-105.31440150406164	298.61468304435675	535.6364927019225	1780.826253931828	807.9172346811339	10.872558877792718
?	114.90317433683003	-2136.924997707341	50.69537435683147	-369.29242922445883	408.02057557488854	8332.215109817651	1713.2194558087401	-1490.2879367196472	-1
?	-1	5170.371072628996	45.601788659634735	416.48166840794795	715.2254385352378	309.7242252541195	1706.3118570958459	-857.2230169333337	0.5265010700303991
?	373.42172796827896	7557.807277752698	71.5194577772288	298.4045810820769	423.50678683759446	-5470.862786148296	1670.3583049620736	2306.851724309844	5.399003255890547
?	376.89036388763355	-7488.434559365606	60.52201771373853	-413.63741164434265	441.68229922782393	1454.181310496619	1821.6544433113377	8.811023267589949	3.16589730962764
?	-1	-7557.807277752698	50.837587195011736	-430.0817568810623	496.21585236242515	6321.066641850675	1670.798856125453	-2612.6678169844763	-1
?	-1	0	39.01792986968549	39.38412877918083	757.7356313203566	10460.996766842753	1691.0210524621143	1251.3201090645816	-1
?	-1	0	52.80679363397077	300.08452416017883	1019.2656907045609	-496.0453866049642	1733.364861578682	-4893.565308247111	-1
?	-1	0	54.022156077694376	51.26111641032598	732.9333619901084	-4754.160456338819	1446.3427870497596	-3168.609393011386	-4.630584773025163
?	-1	0	55.36984945448706	235.21242670461473	781.5576678876208	-1795.4866883389873	1574.9343919281132	1549.512915618462	-1.607033930385524
?	-1	0	65.78277741292507	252.03223026961544	643.1590275731594	573.3988039116136	1523.8184328306825	1045.8779620908344	-1.6870906863728115
?	-1	7222.822657280839	67.97146096796779	211.2429095555986	810.2276080832014	34.96265938857744	1627.2282900326547	3372.5221599517527	-2.4539561632845865
?	360.1411328640407	8473.607938933701	76.34492289070496	204.40131166928683	644.9071605425883	-7536.469898884186	1692.4445408282695	1884.892942543681	-1.1959851339378569
?	422.6803969466836	2609.9324742786384	78.19152655143209	-203.8227636266815	433.40411313899347	-2941.1686788596344	1721.4729371598385	1346.0686144987678	8.171818497067413
?	490.63775657797214	1671.056667348503	66.15378470937093	-29.76720377934253	497.84872659960706	1792.9583669551807	1759.7479715532077	249.36338224456992	8.472013782578074
?	506.2332303141084	-1487.024979666125	76.70316636246497	226.50580876995684	523.0520314867522	-1091.1858618276556	1733.941106272067	-1475.81504478279	7.310852180793202
?	416.28650759466615	-3866.7770546383317	77.47907514786873	-139.3651299594912	443.2894335082245	-3066.836783074702	1685.9572193140684	-1484.006630868176	6.677327020223466
?	312.89437758219253	-2964.9981749025565	69.73490986449043	-598.0177442041305	369.71019233301763	1999.1766791942623	1659.7407747286584	-3063.136305178834	11.572118702334944
?	268.03659884953885	-459.42231101840713	47.57818793766231	-304.0255846061343	543.2482674679372	3938.9704566736445	1532.8004040551273	338.59571260502554	-1
?	289.92326203127226	491.04682623861726	54.53363063418377	326.5569235864865	566.6587151666992	-4074.624150226051	1676.6705603589096	6674.432872128906	3.695837985658156
?	292.5889401614696	-5818.465240625465	63.906034116986575	-199.8825362173244	339.5170599566354	-3430.216996285893	1866.5220476615714	3502.6908616184514	10.795579826472078
?	-1	-5871.778803229413	44.53950382331759	127.64676997796886	395.1478653524051	5252.768524523677	1851.8051034398316	-17800.30619119391	-1
?	-1	2863.831751076645	70.288372615885	537.8094059509626	602.1554861828183	2330.5133161090025	976.5067381018789	-21895.0125889934	1.8586322683901164
?	142.19158755383174	2706.078968738039	71.42997412086562	-56.05630958305758	511.6735311578548	-4426.6025282722	757.0544739901656	2111.8821849550095	0.33069517485768096
?	134.30394843690146	2168.8504097109326	67.48555713673213	-219.27132474617287	380.8253597692091	-3190.180132374421	1082.100847349629	13621.06371568233	6.437914088591189
?	250.634108039378	2844.4045560026766	60.46640788355702	65.29524969874296	352.16452453913433	-1730.3584936609484	1438.1076597742797	12093.928825377032	16.363458628336204
?	276.5241762370348	605.5905542944656	70.75031962166926	88.3362570279802	294.307435086162	6422.600765952601	1686.7972886184784	6364.260189738598	18.1666523122565
?	280.91363575410116	-5550.483524740715	64.88322073495601	-12.191220403995871	673.2945628367633	13330.8562337859	1756.3206692612084	2330.1869558262515	1.6250213663644895
?	-1	-3000.980555049161	70.14075860146947	286.15057496448276	960.8502467754547	-5032.203770006486	1803.3066364097906	-6458.702373756618	2.9127300642658347
?	130.864608001641	2544.433660246849	79.19074948318036	58.85340012343478	421.6843743364354	-11483.977249847148	1433.385550573373	-8553.734576748644	7.907856859745917
?	126.22168301234426	-98.6826009085877	73.08342860764125	-359.00651171030705	386.65138428308916	-888.5377808254758	1375.6199075723523	-4768.2243836236285	10.366661790748799
?	125.93047795621153	-98.01324454343731	61.24042389766475	-414.44721886424026	377.25748529516096	329.7394303916416	1194.974331392188	1817.0368532290936	-1
?	121.32102078517232	-2538.6095591241947	52.361067664428944	-200.1687784117543	403.13835580267147	3201.000117707409	1466.4717502338083	7977.462570791722	-1
?	-1	791.1106373174529	51.23198497707689	507.3139915057347	537.3074911805337	-176.28041211698223	1593.84745993178	-7801.492142306886	0.9131315461309181
?	160.87655265104553	3547.445773643027	77.72676723971604	532.2807761636645	394.32433519682223	-2429.4096113107385	1076.3971431184584	-16113.086609769312	6.264818378121928
?	176.37228868215388	704.4318952822189	77.8460237852605	-4.3221350836693615	415.83701061499505	1581.8707182058133	788.1931294433028	-2449.3824527685515	15.735976440903283
?	196.09814741515697	-3547.445773643027	77.51066048553257	-348.06648819652185	473.417871107114	6037.5226285834	953.9280204800291	18426.945935942058	14.867598375207995
?	-1	-3941.9629483030835	60.44269937543416	-308.505360877504	717.7131420441693	6366.585369612068	1709.5404262404188	14283.496640923137	-1
?	-1	0	62.08539244165715	30.675658124287953	791.7471395877219	1698.9437629707354	1668.102852526196	-1307.7383652866542	4.9464752238275995
?	-1	0	61.97648228164858	-32.332530350130604	802.6603301927073	-821.4443743149033	1644.1535079760852	-612.404982075523	-1
?	-1	0	60.468765924150595	-111.07139906780786	750.6749208719762	-2268.629239407546	1637.4826034224195	1560.5009734033551	-1
?	-1	8913.545100802157	56.42291232825811	21.243514784341908	689.2288682223284	-3083.157928363423	1722.178556646254	1872.732420360763	-1
?	444.6772550401142	2966.1861464554268	61.530941663367706	457.845891289602	596.5170244538028	-5220.005921723241	1731.119224440459	-1570.6623219736143	3.7762512403714563
?	147.30930732277344	-6636.80343962842	79.31520689273853	355.3734314532894	428.22857213616265	-5046.028436688143	1643.6454405475722	-2613.8227408791627	5.677847572516251
?	112.83708305868844	-637.6390053671961	79.29961323603243	-170.53786771252433	344.2156026193921	688.0351820186961	1600.428087396499	-1499.155020778791	13.141938613528122
?	115.42735705441318	-2276.7416611737362	70.78831350711219	-240.13881311767562	462.63033123709795	12271.222313820761	1568.6876895086316	1054.7609506281456	3.8302232109315426
?	-1	-2328.5471410882305	67.29267258014848	-141.37342472954015	957.7767183104388	8238.755359658886	1653.166134927907	590.6530470690184	-2.0310814700469626
?	-1	2354.4813104838745	63.719642270635084	199.4211425301546	874.5680992200481	-9125.126260690975	1598.220341862083	-12999.314940404734	-1.2912104854767474
?	116.7240655241954	2457.8790021472555	77.26372970665635	324.4140666080924	501.5204052758836	-8232.136531851953	1003.200387907661	-14755.80456288477	7.746406153136879
?	121.89395010736453	-286.00765845644577	79.94034560103994	3.199193135696089	462.9612726274446	1909.5966987514978	860.4301137178339	5196.635015437431	11.554904216497672
?	102.4236826013729	580.7356076445623	77.42368936344116	-421.8316768363415	597.0002402134599	1732.2637079091128	1263.0321386795363	8111.152872377607	4.644566667437265
?	150.93073048959306	-2068.4736520274287	58.84876175922256	-533.8958659274482	549.5744580229015	-225.9208122988334	1265.98775733672	3544.7789431834276	6.0863581697936695
?	-1	-3038.614609791818	50.72889606706837	-75.91403191043901	585.704199598518	4859.036219274519	1440.2710858387102	7283.211236064322	-1
?	-1	3144.575952774327	55.05306016370056	389.1147844493949	792.5262689866308	-1638.6369254259712	1630.1483191399413	399.7679036038596	-1
?	156.2287976387186	2901.3962131000485	70.18463528953839	363.13876135262757	503.7723533272183	-8641.151949193612	1460.2594810189034	-3676.5603359332067	11.108977080447696
?	144.0698106550045	-1556.5895291299526	73.2099982313322	-12.250140542782443	360.4686715269441	-3254.5055827637534	1446.3203023432784	3361.3511375441453	9.10929939081946
?	78.39932118221985	-1308.3918202823488	69.57212826239926	42.402244963935196	341.0470741890283	-395.6996935222583	1628.327037896113	3648.0434972205994	4.631311854847917
?	78.65021964088612	94.52763100744058	75.33011047952898	-86.75320230716143	340.6836868508309	893.6027233711591	1628.722477204311	-6526.0919457863365	7.570326257259578
?	83.12570273259195	1297.8249248709326	65.23446814704113	-149.79924289979166	385.7272103575869	1024.3562480432993	1302.0224406067916	-10412.239626327439	5.302006239356603
?	143.54146588443368	994.99734339265	67.8401483345393	294.96302762564005	391.9014992529966	736.3401687344865	1108.1104958879316	-3970.4845698733634	12.075050138867947
?	132.87556990222515	-400.61856425971115	79.98261952832334	204.99602443280162	422.54421879431175	277.976683357328	1103.4982121131206	-237.0098343986422	13.138277119115633
?	123.51053767144784	-317.38605619792514	78.08994955617952	-132.97290255494272	405.8003334208632	-332.6358270835429	1096.2600041679993	-1369.9292199701617	16.962225128115723
?	117.00626709232867	-275.9920246046375	73.33397440057611	-248.6988883392944	405.91242744013437	947.2721821289613	1035.0017511146116	-1922.565193997732	15.25273489191573
?	109.71093644121576	-168.7457566177314	65.65500513921462	-407.28434983762656	453.1639425273119	891.9067639627064	1000.1317444681114	1467.7717861519768	11.228072261807263
?	108.56897926144198	-2214.218728824284	52.96975690869449	-479.19187697030554	450.5077656382703	2709.341168834966	1108.3903404222115	8016.443070048596	-1
?	-1	249.6663187247161	41.695411290699006	37.929678079746225	588.6310009690621	984.9972776382068	1400.953897970547	5157.880327157785	-1
?	121.05229519767796	2613.8948991307816	54.86624081268183	454.42806634901183	499.75762952018135	-4620.731832285196	1366.2843567801044	-2619.0336323546117	-1
?	129.69474495654094	-2421.045903953525	64.41681460814992	-1097.324816253621	357.59440935479904	-9995.152590403484	1270.0022163528145	-27325.6871356017	10.850357791343365
