rowLabel	avP	dP	avI	dI	f1	dF1	f2	dF2	h
?	102.5959306314265	2147.61821037117	59.514825769049246	1414.6293953635543	477.4635684166508	8067.465453699203	1871.9804287472011	37613.26149797615	-1
?	107.3809105185585	292.01305782495837	70.73146976817772	381.8837681132193	403.37327268496017	-693.6890370358333	1880.6630748988077	-8604.345993557876	6.260549928866906
?	117.19658352267442	-21.00442415489595	78.60901417471021	-56.895336367149106	442.7791165648591	1788.2332637622885	1441.7631290693073	-9712.698056494684	9.23272024096607
?	106.3306893108137	8757.292990855067	67.88670294982026	-111.75944664719768	492.78493587307463	3328.022917875761	1395.0281720740734	-6438.173675456325	3.1475790925844462
?	555.0612330654277	-2146.6137862162745	73.02104184235033	-102.88058181523158	609.1802624586471	3783.9607402683846	1119.8544452964911	-6254.890716348243	3.7888917009261975
?	-1	-11121.224661308557	62.742673859058684	-414.3181516095992	681.9829728864938	30.376584343955535	1082.2836362566613	-615.4990605298418	2.332524219059802
?	-1	2213.7010370367257	52.30513426187037	122.04447640003539	610.6990916758449	-1813.7149278455722	1089.079492269999	-1476.2735174020033	-1
?	109.68505185183625	2172.1367982991846	68.84489767906045	383.33746599735144	591.2972264942152	-849.7392203168831	1008.4699603865612	-1284.7881598189772	5.8715840990117165
?	107.60683991495921	171.730601600963	71.47200756173794	-77.99016236037745	568.2121306600008	-1687.7165712037759	1024.8400842790502	-2679.581311769237	8.512352727006329
?	118.2715819318844	190.20838542711093	64.94538956104158	78.50096805336507	506.91139793402647	-2494.134027850416	874.4908947980994	4018.0680909865678	2.6431887623068895
?	117.11725918631475	44.40752687792492	75.39705596440619	7.721077317798681	443.50542926748	-1470.1233714644625	1225.7434888283785	10234.36162677726	7.914008282041818
?	120.49195827578065	943.1381829828584	65.33144342693151	42.50776036826405	433.4052293608033	986.37160025055	1386.2089761369627	7645.602245635294	5.262769831880044
?	164.27416833545772	805.442052114799	77.5224439828194	217.80556684404795	492.82400928000754	405.6666260624612	1608.0236011101435	4572.763148774339	9.292817621216608
?	160.76406088152063	274.8440644449611	76.22172176913392	-56.69848551155321	453.68856066392635	-1666.8791319615145	1614.84713357568	-417.73124512217197	9.23165684009448
?	178.01637155770578	6824.666577305294	74.68751970724173	14.16291322341833	409.48005268193174	1006.715019768583	1587.137038854035	1901.0693731454041	5.272633377358116
?	501.9973897467856	6120.783447792366	76.92986743030484	-281.31115106020434	504.02431165235555	2255.505806067518	1709.9006022329502	1741.6006642210261	5.469160112295628
?	484.05554394732434	182.09558598391465	60.621962154231504	-392.2505917057692	522.2553429853077	2581.3636993602836	1674.2170720650863	255.9073778954505	1.842626060960909
?	511.1021690459813	-5251.929495662325	57.31733784501636	88.73983971168548	633.0924966203698	607.4214346811681	1722.6959711277227	-4252.683368476506	-1
?	221.45906916420788	-5905.589953174662	65.05895413981578	96.48519482933912	552.6264147193662	-2471.545867775933	1461.5829036412608	-2289.2232919831013	9.824949137303047
?	215.82267138724794	-4449.1813832841635	62.14159758648332	-110.54466634992423	509.5152032315731	5260.215294275345	1608.2348065285676	8167.1563565689	8.28470690205294
?	-1	1066.1714345950697	59.53172082231958	67.36108222320277	815.637179433133	4000.899634389942	1869.9407214697053	4653.7292844639205	-1
?	269.1312431170015	5120.401237976467	65.50965169764346	320.0970558190896	709.5601849510704	-5493.082973605803	1840.9212707517638	-2274.3314354755994	2.026752070133237
?	255.0200618988236	-893.1268367104079	75.53657361327407	-85.97061303470973	540.9830307528426	-4330.210692751381	1756.2241496959252	-3246.1875371187552	7.29027663494895
?	224.47490128148104	-1118.7430795882842	61.21112104590797	-102.93918768545402	493.0496503135011	-1205.5599431878204	1678.611893895826	-1378.0257178230238	-1
?	199.08290791940934	-624.9878452588371	70.38961422900137	195.0007518948628	480.70503359345156	-1070.287515219758	1687.322863804774	-4226.237374098178	3.9733316878590887
?	193.22550901853916	-515.3039439816776	70.96115864065112	-59.22372219888127	439.53527455251316	-314.56055513168366	1467.3000251909168	-9820.277781520077	6.9992731155997046
?	173.31771072032544	-665.0975897082145	67.4284281190573	61.88086278594619	464.97700583686736	450.524658909106	1196.3089747287697	-9714.408661636977	5.951339109665549
?	159.9706295331284	-3486.3542144065054	74.05520177994843	-124.6522056576143	462.0615074979685	3733.954906075162	981.5795921090676	990.1933094522919	9.293192872264086
?	-1	5199.990903856515	61.19581783617658	-71.11944872642476	651.6747511406256	5111.65017175048	1245.8186402013844	5824.2059485545715	-1
?	419.97017472595434	2521.4957733410793	70.49922934362719	292.50066801507006	717.6440160854927	355.6738473298261	1272.7898895367964	331.27048952504055	0.5550329787008056
?	125.07478866705407	-5984.541773127277	75.8208512369301	-27.68645534605523	669.458443507117	-1859.664448614804	1262.3821646776364	129.24789861975103	1.6206405677102382
?	120.74308606959025	-2521.4957733410793	69.11490657632443	-382.945701076818	624.6607936547524	616.4030354918458	1279.252284467784	2856.9069449510307	3.9248556444873106
?	-1	-2434.861721391803	56.67356618308918	-359.1155307397447	700.2785952817093	2964.9995897234153	1405.227511925188	1959.058199707095	-1
?	-1	2065.8933568927478	51.15913003933718	-76.87787962543617	772.9107731409233	-1720.4900759265759	1377.2051944531388	3799.1218729132256	-1
?	102.29466784463747	1949.1010756235464	52.82967220181737	227.7766826974412	614.2540914853804	-8882.201104813074	1595.1836055708495	10330.831930852073	-1
?	96.45505378117741	-306.8943527282647	62.54796417420925	189.2203720032998	328.8007179002692	-3778.7794045968135	1893.746790995743	4652.432364710148	8.416447653565365
?	86.94995020822422	8239.707726199931	62.290690801982365	276.04892451466003	425.31512125553957	3688.3223720287824	1827.8052238063572	-4705.325805268649	2.4991898346576087
?	508.4404400911743	10139.201418022729	76.35041039994226	15.44461299599645	513.2168365017085	4464.013241993364	1658.4805007323102	-8099.4343175317745	4.205258359052146
?	593.9100211093611	-10188.808801823478	63.06292145178219	-438.6513575768402	648.515783355208	2260.2291440622666	1422.833507929768	547.1162935683601	0.7306901864253947
?	-1	-9674.916108862812	54.41784252110023	-93.5440531463387	626.2282937048219	-1758.3495877904504	1685.8363154107283	5191.826903997667	-1
?	110.16421566622223	2081.081248713713	58.38571879446527	303.04141128598366	560.5983039656858	-2736.8436101367915	1682.4248531296505	-10581.754534370499	1.8523736146064649
?	103.0540624356853	-311.8829550262756	69.56991308539936	89.11324090597492	489.3861131979828	-1811.6032623581107	1156.7485886922052	-5070.478919982752	9.051594957188877
?	94.5700679149085	-2081.081248713713	62.841380839764	-205.91892413691443	470.01814084778056	5879.463331667021	1428.9009071305138	11480.02762044662	5.220258858650226
?	-1	-1911.401358298177	59.27396687855368	-132.69984608577806	783.3592797813328	8159.41591954244	1730.7499697145342	2008.7971665255989	2.0389141909073105
?	-1	1754.476815293865	56.20638853547512	317.05825200265053	877.9889368249011	-5313.616876090039	1529.3407654567934	-11823.723238440403	-1
?	86.72384076469294	1731.178924975889	75.12687947868615	350.1582893884926	517.6784359768318	-6924.756141740236	1139.5638077925162	-10945.175908298981	2.773780001924412
?	85.55894624879414	-173.98544920992725	73.71430300489969	-232.0400856108442	531.7511297378906	-1051.2819397890225	982.0819700418463	3508.659754595363	7.534137853688355
?	78.0245683041966	-88.77325436671558	63.52487519814398	-101.6626852277961	465.11433898738085	-2820.69306985283	1314.9967955222837	19219.42339603227	4.606723699867775
?	81.12028353045838	4.811568529907521	68.6311687435099	-3.4085163089716395	390.71647624524957	-1628.4529930434098	1943.0531398434564	8780.448257074962	9.354264324344994
?	78.26514673069198	-110.51340008478928	63.3544493826954	-7.001722441460483	383.69168933521064	2286.4262887447103	1754.0192083760303	-6693.819046126551	5.726710489915993
?	75.59461352621894	-42.622570454685594	68.28108262143688	262.03984725222307	505.0377906824847	6407.802198485859	1608.36218753713	-5966.14677082165	0.1874172562353097
?	76.13401820795771	88.39940537958316	76.4564417453065	181.70150872573353	704.0817992595024	4524.833253953543	1455.7118698349489	-6096.271515302723	2.636945398031293
?	80.01458379519808	216.62952471298317	77.36615805772352	7.446117055478139	731.279453380161	-115.388269426749	1303.548611771995	-3150.6516713170527	10.427320667324185
?	86.96549444360683	264.4024321721737	76.82874759808041	-159.2825456236082	698.312385788165	-2339.138318148572	1298.1792862690968	-408.76447370777134	8.349514853274132
?	93.23470540380671	685.9536904867185	69.40203077654314	-331.70774557948823	614.3225374727329	-844.6879849994782	1283.1103880866065	242.16252950511347	5.504611527047611
?	121.26317896794264	855.1167357070451	60.24336031910606	86.279713924601	656.0779865381912	-498.1034899243895	1310.2874127443524	-1875.5093758336145	2.5800920091985375
?	135.99054218915882	699.4479079964315	73.71601647277318	203.1599847098876	589.4173629765135	87.50603373717726	1189.334919294926	-1443.6291965784364	8.92357188767281
?	156.2355743677641	3978.3342543837757	70.4013595546004	-358.3299093344118	660.4532882250501	996.5428768964933	1238.1059529154309	1436.2505714697868	7.247454067185571
?	334.9072549083469	-3144.711487355293	55.79952100605265	-313.07765441665595	639.244506821338	555.8862109076923	1261.1474478684152	4964.362474918011	-1
?	-1	-6718.145098166961	54.747476833767664	-26.987929638009785	688.2475987704346	1860.1159565159512	1486.3240766613305	5309.967507033917	-1
?	-1	0	54.450124524152166	-13.357264247037554	732.2503046471352	2398.7914386759503	1526.64582322011	2071.159111049804	-1
?	-1	0	54.07961362141579	26.220217586149722	808.1871707042317	2647.822266137535	1589.8820322138204	1835.1306657853613	-1
?	-1	0	55.76113540345965	50.60708172862082	864.6414179540114	327.1432576170457	1618.4023565093778	1801.626832146314	-1
?	-1	0	56.60996770784682	-104.54340461570987	824.5443335850839	-1433.1096094838454	1679.9633738211357	2123.9251679744107	-1
?	-1	6104.332513973517	50.53396517267417	-63.27665614362027	792.9859374798194	-5516.764491100377	1724.598614908098	-1492.671085749035	-1
?	304.21662569867476	7113.659603210711	53.44613490066582	516.8733894932892	548.706109030066	-7917.808082913358	1605.3298195336843	554.7796477286576	7.0477775080225165
?	354.68298016053427	1074.7491940862396	76.37763464733854	141.5890681227125	397.09553333415295	-2902.206312097343	1752.3375972945307	2543.1510259971674	4.320458604587353
?	357.95408540298655	-5038.1271834455465	60.52558830680142	-173.19078489799983	403.5957934251994	5188.819215953229	1732.4873708335422	-7815.957182784865	1.780159057994504
?	102.77662098825782	-5231.280268532694	67.71809540243858	255.30747185473265	656.5364941318135	3742.3064897509967	1361.539738155289	-15608.386991358419	1.722490948757987
?	96.39007197635279	1377.5205609786974	73.290961899538	-200.0719865344125	590.7111179127486	-6.342483105729593	952.068021265624	-2197.1027231902176	4.985599602154563
?	171.65264903719245	1508.9360395486221	57.71449607571799	-251.37803824106786	656.219369976527	5302.9977318787505	1251.6846019957784	14685.775079589634	-1
?	171.83687395378362	-1365.4015442196353	60.722059987484656	130.05141908837305	855.8610045066852	-4111.135474184212	1686.356775245103	9331.871138923376	3.570148339924561
?	103.38257182621092	-1522.5038310546593	64.21706703013662	5.714254004127802	450.6625962673171	-10060.554073293348	1718.2781589419455	-4166.145848206539	5.034617043031322
?	95.71168240105094	-124.46014674722436	61.007772687691045	96.57143548185564	352.8333008420195	-1028.9863135040664	1478.0494828347769	2449.802731275417	9.490968061012978
?	97.15956448884973	184.66346200986757	69.04563880422938	361.39056832856045	399.21328059211396	1185.4829447157758	1840.768295505716	3319.6137421846906	2.154423872147488
?	104.94485550154428	-173.35283885948292	79.077301104119	52.36804859677922	412.1074480778081	-115.44183511783827	1644.0301699440108	151.2239401448147	5.658883128238476
?	88.49192254587561	-418.34826899564695	71.66404123406834	-257.2934785400455	393.44118883622207	-197.45165844519263	1848.3294925129567	1699.3266870892483	4.814203207951097
?	84.02744205176201	-50.202727375187415	66.21262717711677	-25.96162279931557	402.2348651555485	1870.5333868894681	1728.996504298473	-14523.081647387568	5.3253765063572756
?	85.98178617711625	99.0282878288236	70.36596009410256	45.74843493980796	486.96785818069515	1248.4652079513808	1122.1754101435808	-16813.858662097176	8.106769439165877
?	88.97885644320317	301.46483206087817	68.50004892410716	66.64683393586383	464.6581255531173	-1554.9568470488155	888.303571193617	402.2597525337338	10.306452393336295
?	101.0550277801601	412.43791062450816	73.69830179089574	212.79032744114338	409.22001582825465	-1666.49151279363	1142.2883977702675	13628.118050588562	10.5790286813387
?	109.6007519744285	255.5615546206895	79.13956529616429	80.32937709630915	381.3335499134361	-834.1190476186234	1569.7094737230427	13211.013955156051	13.508793425361684
?	113.83310551119453	69.51410091999033	77.71477064571118	-331.97273610812323	367.5140634473236	2385.9028870451407	1802.8390955280677	5410.328521390157	15.013552003052572
?	113.07645702042801	-2296.6621102238987	62.54092849075819	-487.3890411424158	500.62869426569273	2718.400052131597	1840.2258997925496	495.626941669313	5.3496017499607
?	-1	421.9473684003521	53.34531858859048	-115.05392413629208	503.434066053903	1902.0608967173303	1827.6204426115332	-553.4656055650768	-1
?	134.17382544044554	2844.463660560248	56.78823228394361	492.27897565716364	595.7317391015589	-2760.528523776212	1812.5526195142959	-1410.5855093328687	-0.7558646422533706
?	141.2231830280119	42.160741330206555	77.95926737144858	395.43511075635035	365.4076398650929	-2095.0746474220778	1757.09116714489	-6798.103253081083	8.281281171324109
?	136.28186250695586	-58.69224074046051	76.55998782176106	-28.387620737095276	490.9780067304554	2419.5094272476904	1472.647456860243	-2806.3359318287494	7.294478908271207
?	138.2885709909889	34.56826370949398	76.53988633459382	-302.9797918396576	486.383111227477	-350.01333536042023	1616.774370553453	2744.9232603000432	7.8547925369444425
?	138.01027569243055	16.598658823235215	61.41099822977823	-200.0461678550225	473.4773399624344	2825.579990542286	1609.8936198752447	1586.683491027976	3.033770341820974
?	139.11850393215065	-58.815582300301436	66.53757794184273	355.2308493173568	627.6621107545908	966.8814465506262	1696.1085451048516	-956.5107366389964	-0.09406818386673024
?	135.0694965774155	-182.35550676675538	79.172540695646	89.0747052745127	521.8214122899656	-2434.603756881055	1562.068083043295	-4353.949166889253	10.173661731333938
?	130.0007285938129	449.4642523776587	70.99131320556835	-87.97894369494205	505.9319229105385	89.64181829863068	1478.4110867603897	-1532.6609904481447	5.298307721585589
?	157.54270919629835	4708.596259078275	74.77359351089892	90.12451554958237	526.3035032048971	1657.9543679081623	1485.435033520888	4798.280226465048	3.112022654855419
?	365.4305415477258	3964.336511385	75.49753898304745	-98.11227459372425	588.8296413059463	392.4967204704049	1718.3250980836413	5256.606047091333	0.9311791662495143
?	355.75953476554764	-509.28326990574146	69.86797978121273	-365.84257937502144	545.9283392284173	-956.9033645566481	1748.2653358754537	800.4873147121253	8.06557800892034
?	339.9663780524388	-7135.190695310978	57.20541001429644	-424.4933865002792	540.9844730781141	466.7706945187518	1758.3494638192474	-1518.4190804268392	7.872303454436361
?	-1	-6819.327561048801	48.64331045619884	-277.98744895259546	569.2668739543548	1894.7801600091361	1672.344381854112	-145.90924820213382	-1
?	-1	0	43.30603756666672	-137.08666091616143	635.7234810785706	433.99468971210734	1751.0540014091407	1744.9506504910203	-1
?	-1	0	41.78897741039079	-98.87631414522367	590.96660843996	472.60473532538924	1759.5919143786628	-40.64740058418934	-1
?	-1	7134.311612477593	38.36222185940555	246.6624267572583	659.3537178448399	-1720.7802124205914	1749.0216313799313	-2452.0635584459656	-1
?	355.7155806238784	8386.929614830744	54.12209874825366	734.7948738708246	504.9275978189308	-4016.614398960042	1636.988736456365	-4269.427732406245	3.327571884056475
?	418.3464807415357	-4385.668900099411	75.10196555294665	283.9813565269806	458.52299789683855	-1171.3962393529432	1535.5502447596198	-4018.1647661065203	5.826345691936362
?	136.4321356189086	-6388.876950453745	68.32116657460264	28.624947722134767	446.35778585128384	332.5322636971135	1436.0804981510396	769.7662087877443	3.5294342545020125
?	98.90263321884957	-849.5739860771413	76.53321293905339	94.02978882228189	475.14961108169416	1807.8139919809116	1574.0385551990069	5940.603840131965	7.028579381092095
?	93.95343631505169	-11.560107446108573	73.02265601571672	-34.688835946991624	536.7484854503291	2822.73272165815	1733.1106901576368	476.632681052385	1.8202337420633188
?	98.32462784654415	-0.10732183919884657	74.79877114170381	58.1410171132466	616.2862471646012	-1155.8725947091973	1597.870189251626	-10821.856472566698	2.8806596955072132
?	93.94807022309175	657.7775597201432	75.92970687137904	-40.62244277143449	478.95485571486944	-3518.805699302371	1192.0178665293038	-1921.665477652416	9.21169513328373
?	131.2135058325512	6799.594607747298	72.76764900313209	-354.3717214688539	440.3459621994832	1126.135931973102	1501.7869153690056	6294.380268843811	7.469358370731472
?	433.92780061045545	5473.736354521424	58.21112079793641	-80.30947412181604	535.2616523135243	1629.4768955348252	1506.7368799714932	5104.53042543355	-1
?	404.90032355862144	-127.1013392844809	68.7521752970413	330.0779962857634	521.8198069762242	-1842.051542697453	1757.0134366406821	2685.9899732933995	3.0282658282362056
?	427.5727336462314	404.4724310424752	74.71502061222452	-194.8443763036327	443.159075178652	-305.9218142476879	1641.0363786361627	-249.35535193981738	6.62264070875285
?	425.1239451107451	-8571.45467292466	59.0099564818597	-280.2061811821119	506.52371626383984	7030.531059967997	1744.5456690436913	2048.5146861431513	-1
?	-1	-6742.327019285675	60.704711553118976	167.14320080666627	794.6856281770506	2492.4461938212276	1743.4621129433199	-2537.9282755504346	3.9460668328804562
?	88.00759414646257	1654.2117278112134	67.36711652219299	188.39016051828676	631.1460259549008	-6213.686179322186	1617.64925526617	-3533.506609369246	8.899357696872093
?	81.71058639056038	193.5733710498631	70.12421957903328	157.30772326258716	484.0013192109424	-4531.895663589612	1566.7867824748582	3213.482249971596	4.849796083908216
?	97.68626269895569	1075.4423691464208	75.23250268532232	135.08969992408814	404.551242775421	-2640.66818292768	1778.3233677647493	4439.299109938067	4.391791834536663
?	135.48270484788122	1787.7869419504095	76.87870457523766	-91.10881436761734	351.9679100645589	-235.22219144323768	1788.7517379717608	-1075.9602994084291	4.320523542067598
?	187.07560979647585	1248.8197907486312	70.67706196694147	-399.31885324542617	392.79013320325913	522.7703083551587	1724.525352794328	-1226.3825153031937	5.660067896113035
?	197.92369438531256	-3761.51219592953	56.912761912966424	-393.28810783629734	378.10642548231675	4233.569130192989	1727.4326122066013	-3039.1784288528397	7.215865830554123
?	-1	-3978.4738877062655	51.01265657512667	-125.20883090390286	604.4685897129078	6252.78153937291	1572.5664313516866	-3357.3483296789145	-1
?	-1	0	50.6523203677713	-9.619008465572028	690.7455024509611	2977.327975088123	1559.5651957226562	-1186.2902257519816	-1
?	-1	0	50.53170615184807	-42.64542764033991	753.3349884673135	4612.2352898027	1513.2519200640877	-643.4178321362856	-1
?	-1	0	48.520048985754315	-100.4041991114179	921.3572669410953	1925.55967209252	1527.394304115842	1444.422827937479	-1
?	-1	0	45.51149619627719	-221.01009397640433	849.6129720719391	-2751.663270560048	1585.4730614609614	3511.819074487879	-1
?	-1	0	37.46954428693414	59.18460855792041	783.7741034130934	905.6581918051493	1702.9852578402354	4258.573280836037	-1
?	-1	0	48.4707266241732	441.5812548837775	894.8958816621964	446.63410202139335	1798.4017255027625	506.97624328779693	-1
?	-1	8365.684768455552	59.548607031122934	578.629854471741	806.105808514163	-8671.309549905884	1728.3340700046251	-8541.092269473224	-0.7168394033406432
?	417.2842384227761	9080.461726871896	77.40221934776015	88.92885622133281	461.3304041669038	-5573.457913403694	1371.3471120291028	-5671.194932567052	4.767176764944009
?	453.0230863435932	-6486.311464089093	63.99504984218956	-153.85294551814152	527.4329128439792	4658.609219222923	1444.7743233762735	857.5929144647702	3.2550954525539257
?	92.96866521832266	-6811.520028020822	69.7095720718531	128.2465225970289	694.2608651280491	1389.3894176875078	1414.2267577523412	-958.3810203128621	0.08632596295598678
?	112.44708494255335	2556.063680584998	70.40737597204098	-302.6077665015922	596.9023837283544	-678.034664738998	1396.8552723606306	9.27544169688648	5.424547286446518
?	220.7718492475721	206.248402774407	54.579183746773545	51.163989507167756	660.3591318910993	-1226.5129667359608	1414.6905298371855	6447.658730410681	-1
?	122.75950508127366	-2268.631946759569	72.96557544739936	424.27982289961557	535.5767353915566	-4329.193440050962	1719.2382088811635	4932.543857972813	2.558958431201117
?	107.34025190959406	-674.5567729898245	75.79317489175425	-280.4208415710231	443.899459888552	-1602.309144408299	1661.3177227358253	-653.0895145634418	9.82419835878548
?	89.03166643178255	-265.36382148841494	58.944533368848255	-330.6527253490095	455.4612781711419	175.99327438594236	1686.5837331529915	-0.38196973450340144	2.8678776110102255
?	94.07206083517336	21.90120737043977	59.260538624303834	231.06351142812625	452.69912360784906	-587.0652693188888	1661.2986242491002	-3819.42258718997	7.740286949417015
?	90.12672680030454	-247.078267509246	70.49770894025453	160.1189158094357	426.10801470519755	1656.752016494892	1495.6126037934937	-7960.248189316195	7.543445820909983
?	81.7181474597111	-114.45282714806594	67.26648441477559	98.22240502848906	535.5367244325934	2407.249809129241	1263.2862147832918	-10296.714674606264	5.174337624523568
?	84.40408544290126	96.64054049904144	75.40882919167896	-37.94429419102939	546.4705051616592	1272.685893766452	980.7768700631823	-2691.430091139751	8.905784069743389
?	86.55017448466316	117.72947055816259	65.36926970522413	-65.94549992389426	599.1710191209157	770.5285505927809	1128.7147102263048	5090.140149769204	3.9568060217630006
?	90.29055897080937	19.456528493567827	72.11155419548426	-176.01634743362018	584.9969326912981	-470.6028641766073	1235.2838775516416	3433.345486015704	7.018634883439792
?	87.52300090934155	-1825.811179416194	56.56845233354315	-416.700187286124	575.6408759120855	1693.383635048382	1300.3819845270893	2627.9525189003475	-4.321887344398708
?	-1	40.66428647501809	51.276544831178136	307.99138173558157	669.6661144437169	641.8543567233337	1366.6815034966585	-4912.585921486347	-1
?	89.55621523309245	1789.3341424317425	71.96802142032217	299.1332183018557	607.733593748252	-1451.1329807620548	1054.7526884527729	-7808.095804025789	3.9856096228228806
?	88.46670712158681	-23.674326693104973	66.23320574627087	-318.85892174847396	597.1094654056144	343.88423930323944	976.2767132953704	4127.677737360301	6.565126381660235
?	88.3724988984372	1206.2894825605733	56.02507533289853	130.63183397517167	624.9278057134139	-2662.405572737138	1261.1365753207872	12914.103311820933	-1.13442101812288
?	148.78118124961526	1498.2755597002813	72.76479744502943	354.8736697162508	463.989186768758	-4743.724116219634	1621.9818788864147	12320.340634684333	3.9400608951199643
?	163.286276883451	445.55493527644205	73.768758818711	70.81174407326185	387.74159990243305	-1690.4013987950443	1877.1536070550017	5124.5551413886915	5.626642120139893
?	171.05892801343728	-29.496996092962707	76.30538464869251	32.46177704824174	379.46911682900605	650.9906794626352	1878.2096359558484	-3362.091270014328	11.572601451383104
?	161.81142707880286	-3441.178560268758	75.39184767112309	-312.11855100331786	420.2911338755647	2530.9229534434357	1709.0490435542858	-4701.086824132188	7.673607344452483
?	-1	6583.086625532648	60.69945709852667	-168.5720158081003	506.0152645011774	3268.17185420038	1643.1552947492398	-2927.320855945551	-1.8052674280753211
?	490.9657583554341	10532.831758419628	66.9632468807181	241.93877413452654	583.6997265855831	856.6739465516056	1562.6830007570088	-4439.224451969191	1.429996855433739
?	525.6415879209795	891.7253995783867	72.79639580525296	-179.66940530164072	548.8489618287575	185.89803611885665	1421.194072150781	68.50802524395955	5.212959697983576
?	535.5520283343533	-10532.831758419628	57.9797766156361	-234.6063358309132	592.9946283915259	1901.89497744944	1566.1084020192068	-1278.7500589935644	5.995024512872615
?	-1	-471.3367505373258	61.06607901370734	222.6606975506416	643.9437107012292	317.33979789537784	1357.256569201103	-9752.792691862445	4.845960438769151
?	511.9851908074871	7399.788730413626	69.11281149316814	112.2180905682144	608.8616182862947	-2752.5621321905087	1078.4687674260863	-3464.7400041864043	2.7953733705915753
?	368.98943652068	-8066.600321060111	66.67698354211804	109.47974819492411	506.31560409170424	-691.4490821178654	1184.0195689917834	9415.816212611613	2.7295573984959227
?	108.65517475448299	-4330.976507637346	74.58679890291433	165.245381334139	574.2891641804016	587.8055028494871	1549.2595780566653	11024.589245935807	4.066178962843749
?	152.44061113881344	1333.5049859385185	74.93925260882496	-244.47234982081727	535.7058792341785	-198.0931424422245	1735.2490312885718	3628.5030883709205	3.449915836415336
?	175.33042405140867	-3068.812222776225	62.363181411873505	-402.4977180414221	564.3845070582904	2856.785472814718	1730.6847324752107	-324.11908277093056	4.0476333440830405
?	-1	-3526.608481028123	54.81436670675357	-260.584792630095	678.5451528749164	905.8619986476909	1719.043077150025	-1652.0831786461933	-1
?	-1	0	49.33394178036857	-146.9828948991546	609.6776069906756	-165.65624968075545	1648.0805735428999	-1765.0213382662491	-1
?	-1	0	47.465221961795734	6.562763292886635	670.2623403908785	4171.545896766884	1630.7920102367113	-673.1963987702507	-1
?	-1	0	49.662079945012906	50.16239308884053	818.2549018290227	3299.4987917818967	1614.4207536043868	-842.4617098646257	-1
?	-1	0	49.973341616237796	-50.212071796165105	835.2372799799757	-1491.067598625688	1588.6689247434795	-1564.0231196908194	-1
?	-1	0	47.151476355204615	-138.78020152587968	743.7015218977373	-1512.327174637038	1536.2195976198448	126.13510976435285	-1
?	-1	0	43.034331539943715	-169.69888625285506	759.6209212481227	-863.012549573747	1594.9756802316972	2623.516639349472	-1
?	-1	0	38.66653204256174	-51.19919377217853	700.5508944190493	1272.373732451606	1667.3954295873202	-67.70603615386239	-1
?	-1	5433.592955055197	40.47437185133475	737.6395576984519	823.2396078707039	1427.8157356068825	1591.590378424004	-349.908724829415	-1
?	270.67964775276374	5579.580025701902	75.54850992748486	739.4313179758249	771.9416811993945	-9565.70808648094	1649.8999933458492	-5970.198104014482	1.8343562385553802
?	277.97900128509906	-346.3311253731958	77.44593775012652	-183.44264855474955	344.95420354665015	2145.1769135401096	1293.0804732232757	-571.2039943249112	10.4161635623616
?	253.3630914841037	-5579.580025701902	66.37637749974725	-177.5292396949266	879.2005268764015	11985.942872484118	1621.3397936296033	9045.626787161535	-0.381851797444662
?	-1	3382.5070869399888	68.56947576538006	236.30594966191558	944.2513471708646	-7911.164856257028	1745.361812581359	-1373.6462356205798	-2.883963113663242
?	422.48844583110554	2852.9276199896103	78.1916749828432	195.11579719303433	483.6422840635444	-9038.9055382748	1552.6574818485733	-1922.268560895841	3.186206030716673
?	141.64638099948255	-6584.088531336585	78.32526562503192	-19.013659965220043	492.3060702571183	946.6956293574722	1649.2483845365655	2738.3497929649384	8.318381034862473
?	93.28401926427158	-767.1178359648956	77.24099198458218	-44.190391103279524	530.9770655314187	3213.672576085031	1689.5749714968222	-4338.972766682379	11.153507924771896
?	103.29048920123722	-1885.6803852854048	76.11574606986791	-312.0910599571513	652.9896990613721	3533.206819306763	1432.2997462024434	-5414.779295052035	6.628105608602654
?	-1	-2085.8097840247146	61.63643898672439	-430.2242537689591	707.6374064967594	101.9973213751413	1418.8360067442165	935.9251212726261	-1
?	-1	0	54.60453338141965	-250.38246382079762	658.0895651301292	-1058.824346004386	1479.0960022660754	276.51122202376035	-1
?	-1	0	49.117315795684334	-135.34443172902263	654.6961891965393	1974.466929878494	1432.6615678454048	719.5989563210276	-1
?	-1	0	47.83731179496842	-28.86750079224628	756.8129116240554	2692.4210686315932	1515.0759500821273	27.56793118115599	-1
?	-1	0	47.673940756072	-88.14788756098824	789.3172426281209	1235.9365908002003	1434.0399644044626	-3087.326890822357	-1
?	-1	0	43.42991741691895	-237.14787776149325	818.6097411640662	-942.5026473270057	1360.7096055410072	2678.0224232711844	-1
?	-1	0	35.81654686799717	-125.30569514825167	742.1921102617699	232.23143647275617	1567.9410855680237	6528.638966008582	-1
?	-1	2045.0356522348925	37.164632659506275	683.1780368747759	830.2213129877042	-2110.605216717533	1687.141553841441	-10098.637520191944	-1
?	101.25178261174608	2049.288044382731	69.97544871173645	665.7051562702311	636.6618494258918	-3809.2070016326447	1063.0092095584193	-12919.133278833058	6.573224617276042
?	101.46440221913801	-2045.0356522348925	70.4498904730183	-73.67597244658109	639.7609629060693	4100.5279380155625	1041.184889899779	11598.325960052947	3.153153917471662
?	-1	-2049.288044382731	66.29165008940734	-47.61554671292931	841.6882463266728	5061.770190211847	1642.925507561075	15352.326355521764	-0.7463333022070323
?	-1	4122.844220795623	68.0691131373718	204.4059756232826	892.8494724166652	-4331.761128399612	1808.801207675878	-8347.629712504298	2.4495104244245423
?	205.1422110397841	0	76.51194887057162	-82.20237936886431	625.1001899066891	-3447.442855654916	1225.544021935854	-11319.615814045705	2.7235582497236535
?	-1	-4122.844220795623	63.95899416892853	-470.59153573686274	720.477329633917	1911.2706809584577	1242.8204169735848	3963.246397049159	-1.191417811643614
?	-1	7693.442774774604	52.982372083728144	-68.825849315393	720.6637239546134	-1728.1180363257981	1423.7063417883148	12865.101018346957	-1
?	383.67213873873567	9143.889489788864	60.51770170315883	465.51571273521324	634.0714278176258	-4880.032202590696	1886.0754678909418	1433.0631947737834	3.46338978211918
?	456.1944744894497	849.1068579918401	76.25815772048914	318.3532634287748	476.6621138250751	-2997.9933519731962	1495.359501527005	-12711.28058573832	6.270501579227571
?	426.1274816383283	-1086.3928753703196	76.4353648745978	-104.35794265639595	484.17176021896387	-542.4509921937377	1250.5114386040168	-6100.799755237454	2.2554440132033777
?	401.87483072093295	-328.4584711685135	71.04026058766927	-319.5189086075688	449.5395642153878	1128.4894964179873	1190.319513765128	2909.099169823698	7.480569125844927
?	409.70455807990237	-3771.181120780617	60.45941944421913	87.25772428429754	540.596235039864	5495.172403111616	1395.9663970952038	-1716.3433813815147	7.410951028734013
?	213.3157746818994	-8214.091161597931	75.4031468018842	191.01652392189376	724.2981843709725	1767.1549947028916	1104.502344696051	-9505.910473212149	4.059401763940174
?	-1	-4266.315493637927	70.01024564031395	-1508.0629360376627	628.9539847750099	-14485.963687419246	920.6708734345896	-22090.046893920706	0.610545581675225
