rowLabel	avP	dP	avI	dI	f1	dF1	f2	dF2	h
?	-1	5424.2064155963135	36.77294207189154	1060.9151563519474	570.545779862546	11656.387312045827	1591.4391019925038	32530.651164413506	-1
?	271.2103207798157	5185.466017200036	53.04575781759738	795.7596989015239	582.8193656022913	3345.7109893235133	1626.5325582206754	-7593.809619476742	2.1887456515920736
?	258.2733008600018	-60.305325910939	76.56092701696774	440.00522151692064	737.8313293287217	3075.6587624423937	1211.7486210186667	-1147.516054782454	10.109194038945452
?	268.1950544842687	-39.88650604459509	75.04601889344342	-236.78453685823206	736.6023037244111	1360.4645768842968	1569.1567554815526	3525.3067495325613	17.27980537556718
?	256.27897555777207	-5383.901089685376	64.72170017405614	-593.4180972681047	805.8545581729366	-2902.741642865374	1388.0139584952947	-3196.8902206255743	8.03269757403665
?	-1	-1011.3889434061385	45.37511403003819	-28.88147257599585	591.4652215811424	12.581755444618924	1409.312244450274	2275.6680471087707	-1
?	205.70952838746516	3466.6645133675297	63.277626545256346	579.4959591059045	806.4836459451675	1177.5192624629929	1501.7973608507332	1625.8226513022923	3.035048114641102
?	172.33322566837646	-850.2600445111156	74.3499119853334	180.60367465451935	650.341184704292	-7218.972209856762	1490.6033770153886	-6379.364986460329	7.737208916970528
?	163.1965261619094	-441.8532743940507	72.30781027798231	-185.05752825158967	445.5350354523295	-936.6590049627055	1182.8291115277168	5703.630716363274	15.596798812787814
?	150.24056194867393	-237.68082928101768	65.09703557275392	-142.0263083094304	603.5082344561567	5667.922722367182	1775.7849128335522	12267.351596823057	11.988043622857536
?	151.3124846978585	345.3881116436949	65.2064948625108	164.8961853913896	728.9311715706886	-5212.801823340814	1796.1966913688696	-13741.759132876838	11.308927878592872
?	167.5099675308587	789.9240917582374	73.34184484232341	271.39852290446277	342.86814328911584	-6691.878836186612	1088.6969561897097	-16251.519467143837	17.39499728814535
?	190.8086892857704	806.8560552552889	78.77642100773394	59.07636876364132	394.33722976135766	3419.032233370122	983.620718011677	5486.5683413273655	21.25828901637389
?	207.85277029362317	880.9065364549284	76.29566328050548	-64.7834668129729	513.8197549576221	2328.40038926023	1363.0253732560782	13596.087684232092	19.75909393273225
?	234.85401610851687	1184.2668751840824	75.5372476670853	3.4021223754544363	510.7572492243693	1617.7235099173467	1663.4251022232822	-510.5542264834453	16.553763633434162
?	267.06611405282734	687.4530369003884	76.4657693992782	-16.020781078473178	594.7059304534895	341.41996057651994	1337.497661931906	-7695.553977170786	16.62646575175201
?	269.2266679535363	-694.1760638269415	74.73620861316164	-176.31865915457024	527.8282472531953	7548.253890495283	1278.6474033647426	3377.9548096342583	13.545192229778653
?	232.35731086148024	-5404.533359070721	67.64983644154968	-451.0361552204843	972.1186249782539	5123.470381769835	1506.395402413619	2870.9226745241376	1.819335793342992
?	-1	-4667.146217229601	52.1844008521374	-352.0313591158766	784.0017663416872	-6348.903635020878	1422.1935370909496	-3155.56472796891	-1
?	-1	3994.3659807542244	50.048268485755834	371.34989969534325	654.6734432272098	-3764.888872354009	1348.6171660151733	-9098.956861683817	-2.778047742840999
?	198.71829903771095	4048.8467799335936	70.75189583690454	568.7656223328818	595.757322723987	-4925.173553601861	967.2456940067593	-12665.077490402657	0.850370252539328
?	201.44233899667987	-160.34853306513682	78.48654960239995	74.86996555601529	408.4147655471165	-6394.8686732417245	715.3632914950399	-2984.550676657854	23.68776041853986
?	190.7008723844541	-551.6468856291381	74.4953941147053	-271.4017248349575	276.01388906190056	-1193.9175509911206	818.0181601738665	14060.866242739086	18.261132332889765
?	173.85999471522294	-3834.017447689079	64.91646336065206	-133.50689548051054	348.7188879975604	10664.885836816384	1418.4066036319948	12433.061316830108	9.520979802304582
?	-1	39.56514867006657	67.82004934067977	207.28838666586864	809.2581809027201	3862.7494066039444	1439.6712260153724	3991.8029184051475	-1.9016793258163225
?	175.83825214872627	3523.2034468164156	75.2808826939455	173.834390329733	541.8563583277578	-6837.141627405804	1617.9967495522524	226.11964541392334	5.515452832547753
?	175.16017234082094	-260.68912264572396	76.51176885716643	-14.593270394920511	467.40109953242967	-1175.2976521532344	1450.9772082860686	-10479.026390372737	19.482547169217657
?	162.80379601644006	-426.96875426797664	74.55121917419947	-57.17990704931703	483.091475720096	109.98464274119091	1094.045430033615	-9886.39448931827	16.333696450862227
?	153.81173462742208	-413.9640769325282	73.65277350470058	-149.797950648922	472.9003316694892	2326.4093529918364	956.6574838201547	8740.774938993833	18.00051752250344
?	142.10559216981363	-3096.234692548439	67.06132164175337	-128.82518400231407	599.411943369688	9207.096705646934	1531.084176983307	12699.712500258256	8.098986576383037
?	-1	-2862.11184339627	67.21151430458487	0.17548474656962282	933.2551669518364	5817.069724941036	1591.643108833068	5180.035152058695	-4.420329576047372
?	-1	3701.099436779652	67.07009587908185	71.86028540488246	890.26542961674	-7702.304726293025	1790.085934586242	-4788.454994725848	-4.404016456671241
?	184.05497183898277	3956.6270328843425	70.80452857482899	219.01696385927502	548.1399306371848	-9617.988734896466	1352.2203590967754	-17996.440740035294	3.250460590937658
?	196.8313516442173	955.3529814347346	78.02094407204561	126.26040243911478	409.3659928719163	-2477.965025236765	890.2638975844765	-11941.62583504311	18.81541306997361
?	231.82262091071954	634.1008947785849	77.11754869678474	-83.18634188325682	424.2416793753464	-873.6076939401827	755.1390673446193	166.2295541281354	21.258335115669052
?	228.53639638314658	-632.4025269434918	73.86162697788276	-528.6999927711611	365.68560817490714	814.7617357712061	898.5753752908832	13769.029499051503	18.606278644435324
?	200.20249456354492	-4590.727927662928	50.68254905822666	-582.6405021617882	464.97976616390673	4003.8514687681027	1443.590542297195	12454.620857703363	-1
?	-1	-148.9704488141784	44.72960186979333	479.33507657374236	565.8781816133125	2974.699644763517	1521.306418176052	-2157.447687871607	-1
?	192.753972122836	3613.0086770345156	74.6493028869138	597.1171212359604	613.7147484020827	-1723.8628758213947	1335.7181579036146	454.24365031401027	3.8514324421743553
?	179.65043385172595	-3875.0794424567334	74.58545793159138	-151.3315679850555	479.68503782224263	6550.73370043702	1544.0186006917525	6071.454818727856	12.009402147119598
?	-1	-3613.008677034532	67.08272448766105	-362.19353670240156	941.2514334239326	7133.667713990247	1639.2908988400063	1454.4325633072147	-2.506296067565445
?	-1	0	56.475781096471366	-139.55423601264633	836.3684235217537	-5204.518841443021	1616.740228857113	-3874.1251693952017	-1.3321747778821806
?	-1	4125.440991933157	60.10501268702876	448.79976755603525	681.0254913517824	-9230.468057366974	1445.584640370247	-11197.642158505894	-0.967961815598003
?	205.27204959665713	3686.4370772124353	78.91576947427305	285.4359260297891	374.84502065340666	-8470.717642098543	1056.8581209318202	-15203.75457285546	11.700923771773772
?	183.3218538606211	-392.49874030426923	74.37680898851816	-92.82035159227551	257.4896092468568	-1362.0136745711786	685.3969117274767	-7426.562928476289	20.34729470860275
?	185.64711258144374	-14.56557237606267	74.27475189465929	-9.01902262725034	306.74433692484797	1446.7413877126996	685.5299745080071	2318.476042940323	24.856688461038747
?	182.59357524181797	-630.6549925870678	73.92585785715565	-161.75496879587968	329.8266786324915	3731.6394347450087	801.3207138744924	15923.83181271688	24.35668033508808
?	154.11436295209046	86.28119550783	66.18700345486533	-61.086624054877284	493.32630866209774	4376.263479356262	1481.7215651438482	15292.947137418205	8.518081664228065
?	186.90763501720946	542.9317284639083	70.8715266544118	185.90676204280138	548.6398526003038	2129.6360866775476	1565.9680707454	-4922.215776313723	9.035329328176609
?	181.26094937528578	-559.9531285991244	75.48234155700537	-29.677804230449674	599.8081129959747	-2540.6462605260526	1235.610776328163	-6247.858227809965	14.59897790215254
?	158.90997858725333	-624.4488003930286	69.38763644288932	-225.79170972792804	421.60753957400163	-3511.77521222247	1253.5751593549028	5527.426821524484	12.255950478281758
?	150.03850935563446	639.508657128153	64.19275607060901	110.39243163721278	424.21935238485185	-255.89296621667108	1511.9821174043861	-9610.487209614854	9.543800005876939
?	190.88541144366087	1417.8141723542597	74.90725802474994	174.38282750133232	408.8128912631681	-933.6071949889343	773.0507988741618	-14901.20701651255	15.75399515229191
?	220.9292179733472	731.5584366663715	72.91189744567559	-174.06401008504253	377.5389926354053	1371.537478124126	766.9217665787613	2713.503477576044	22.31618795340153
?	227.4633332769793	-4438.5843594669595	66.20405752049784	-580.2809994315461	477.3897651693742	3559.9662159059917	908.7259727529636	15224.99945134578	16.145640887847428
?	-1	-634.7867664983653	43.89784747409839	-88.50616146814363	555.5373034307042	2012.9520213055096	1528.1717391460477	6484.11760575877	-1
?	195.72399495206116	3485.0520569856358	61.778749447090675	639.665383918058	578.0373662346493	-467.60219450984715	1232.931853040901	-6244.17964600398	4.755920617570819
?	173.25260284928117	-591.723197299821	75.88111667000118	288.63046624096444	532.157193705212	-3337.6537541234934	1215.9627568458498	-3419.5079809116382	10.273432688195564
?	166.13783508707021	-163.49217524300002	76.21027275913885	18.20381203340424	411.15467852847524	-4762.866133725298	1061.9564539953196	-6472.084700074354	16.06835255754502
?	165.0779940871312	-21.975597684220894	76.79130727167139	32.724642687534924	294.0138870189479	-2258.8851906479536	892.3585218421332	-8500.254735142258	31.579213170754304
?	165.03905520285917	52.84931495856445	77.84650489351559	36.80386685498503	298.210418996078	-241.01783007043963	636.9437172382083	-871.6406391960603	33.72387249170108
?	167.72045983505942	97.0953178535317	78.63150061442063	38.80565564380205	281.962995515426	218.79873169672882	848.7764898823303	5665.352539862599	30.279188388362194
?	169.89382109553574	205.10304749270364	79.78678767570568	-10.627584517849906	309.1503555809144	3927.2607655360403	920.2113442313372	1396.4668941820269	18.183600473356993
?	177.97561220969456	437.67115548593307	78.10012138852814	-47.02333704742631	478.3260337922273	4100.4074749092515	918.5998345914314	493.1209684002005	16.079446875714282
?	191.77737886983232	241.9871974837062	77.43562082333438	-28.221565328563358	514.1707293263762	-489.4836917400398	944.8673926513471	1506.1587394708918	19.85647704321778
?	190.07497208387983	-224.09944285274742	76.68904312209997	3.094934251829511	453.8518492052254	-3819.144937065555	993.9077715649758	-6675.933139577345	16.381068470412732
?	180.572406727195	-608.1668239578385	77.59036753592585	-37.87565838324311	323.21348247309913	-3266.7611580095686	611.0707356724811	-5325.168165813796	25.981456884537625
?	159.666630885988	-862.8914433927795	74.79526020293783	-174.15618515587175	290.51379130474754	1784.963451053322	727.6493632742869	14728.180205386077	18.282267754293294
?	137.42783455755617	145.91779034112898	68.8825582781323	39.18366827709363	412.4616550257649	8321.895225355227	1347.4797459417823	8771.77970942381	-1.974747725209203
?	166.96252040304444	624.7628436924305	76.7544436167925	93.90028213891758	706.6085525725074	6008.346538147281	1166.2383487454758	-1232.6811598889888	12.093717700438727
?	168.66597674217758	182.0413040258911	73.57757238507816	-87.28944594141612	712.8789819331279	-1502.4715890525642	1285.845687947333	3366.7289980041487	15.902455104316237
?	176.06458560433896	698.8160080807435	72.38997131972171	-40.5609822197043	631.4849731198794	-2421.243361778183	1334.5747986456827	880.0971861724006	13.913921418182621
?	203.60677714621463	1423.1608179512682	71.54952327409295	-61.59649960472955	591.8168138442192	-3502.760272012591	1329.850547255953	2665.0912077490334	12.010340431039877
?	247.2226265019021	1482.8727850745556	69.31014633948524	-163.94919033619004	456.3469595192505	-3005.2046863368732	1467.8293590331339	792.7025190103842	13.866052550931258
?	277.75041639994214	-4964.45253003806	63.352063757283474	-491.892373065768	441.556579527376	2292.052872455612	1369.485673206472	1663.240816631252	20.139959315368813
?	-1	-5575.008327998863	44.71552768619693	-466.81131961590006	570.9496031420307	3100.37259107062	1550.9913998646962	3901.3703640791755	-1
?	-1	0	40.011497776488554	39.76746160392764	596.5752090809065	1496.2499750024	1564.5541914104301	761.6870139056646	-1
?	-1	0	46.7039007663933	156.8519397869396	645.7621018921504	1779.8815579622938	1589.0757505599793	1073.5576536410001	-1
?	-1	0	47.854094765835505	12.708074969653227	685.5692869790208	959.1575216829017	1618.23207409248	-367.0243640468165	-1
?	-1	0	47.33930451487596	-38.85895971551974	693.7199779762954	-943.2503343514974	1570.7245323576385	-1193.030104165732	-1
?	-1	0	45.911146780059525	-92.01508466959074	638.4067702614461	-1649.882706710604	1558.5805688841936	-788.1459764044558	-1
?	-1	0	42.73855028139644	-2.250610363969664	611.2258426407655	1212.456774460363	1531.3172335374159	1642.6497511221091	-1
?	-1	0	45.79861626186104	599.6925924557512	699.0296089844641	5378.134995971264	1640.7130564402987	3637.229988352855	-1
?	-1	4746.200761298598	72.7231799041839	654.1866418161743	880.1325924393277	-2979.8590503084474	1713.178732955058	-13.86215631543569	-3.7756236371683825
?	236.31003806492905	4985.721307373449	78.50794835266964	64.94849047865296	550.0366564690422	-12198.55118395815	1640.019948624527	-7062.6601733498665	3.691431569784457
?	248.28606536867156	11.55188397979718	75.97060442811653	-91.98123516047819	270.2050332414223	-5327.0421805422875	1360.045724287566	-10262.704664173934	22.864275464709152
?	236.8876322639189	-898.8115841602505	73.90888659464575	-115.68568062107359	283.68454744192877	1521.8129999585435	1126.884715415832	6084.488613362495	23.877033085448552
?	203.3454861606592	-821.5865737626014	70.18632039706287	-291.31594859106275	346.2956832393492	-248.48717197408152	1664.2701549556896	-1161.16690737806	17.868926090637178
?	195.80830357578898	-719.35374733769	59.343089165092664	-221.91269244919022	271.26018884322474	-2995.810199506683	1068.8263700469292	-7268.921323784892	14.996118959309
?	167.37779879377482	-962.4027598115447	59.0906857746034	-13.647849719425315	196.50517326401558	-610.3578365562048	1300.8240887664463	8860.624749761355	-1
?	147.68816558521192	284.4993799331063	58.6606966791214	275.604911333818	240.7422970154146	6181.598763123947	1511.8576075349954	9914.06672534636	-1
?	181.60276779043008	747.3202695525331	72.87093134129425	430.94562576210177	505.58511142021183	-37.41522639450195	1796.5274250337625	488.3100091684327	6.417619029846996
?	185.05417906283844	440.05074783431655	80.20797796722641	123.4653487644458	238.87153569568952	-4981.204717173316	1536.273107993417	-5458.002789602302	21.4294283827304
?	203.60530518214583	369.9158640517256	79.04419877951652	-198.28290528982635	256.52487556154693	558.250671702215	1523.6272855536483	142.94789123977858	21.292420045240526
?	203.54997226542466	-4092.106103642931	70.29383270273513	-700.2380699094991	266.78406928080017	4876.131482250684	1543.4205025554058	-160.9994239356871	17.867223164582608
?	-1	-4090.999445308508	44.03229528404169	-564.5162775993509	500.33144967408026	5130.398992367384	1515.577314356864	-1653.0165725050815	-1
?	-1	0	42.068018822767684	234.06218687787242	523.3040188991685	1973.8940387558423	1460.769673930152	804.2361665415348	-1
?	-1	3637.545773354975	55.73540462793527	630.1818359547201	599.026151611872	-948.6630177135658	1555.7891226839406	4566.255389078367	-0.8197222395576316
?	180.8772886677481	3562.0030967500284	73.57711062050358	476.706368211411	475.87086801349034	-3078.482750320953	1689.0824433840696	-3788.628703543204	3.6421191087646783
?	177.10015483750078	-275.91588197770346	79.57072303850573	-44.06991034053918	445.1020140958249	2803.240487341886	1366.357687506781	-11146.785438973337	12.044580600091376
?	167.08149456886298	-202.84787914813265	71.37361510347662	-202.9764444891869	616.0328923805841	4273.0451786849	1131.7431714354047	1902.0457414174757	16.40508123002573
?	166.95776088009418	-36.516405680574294	69.42190081404642	-334.56624955847565	658.7542730300692	4487.658622922581	1461.4599745776545	5556.470885597816	17.21194882329515
?	165.25567428483427	191.5743360115796	54.6453026255529	-409.7990080820498	840.4158235267124	1092.2604189967562	1409.5667157152945	1362.6228643600828	7.099957028943487
?	176.53647768067313	61.14759397408499	48.93195040994401	317.38204579562705	713.3672939799068	-11009.416534432698	1529.5911177956584	-4837.411734720812	-1
?	168.3130539835385	-213.48908371120464	70.5144049153342	496.2757434546686	289.9449968050795	-7254.524597547675	1167.6961289792548	-10821.011175830216	20.2825478569846
?	165.86202349511294	-116.35903630007006	73.74573758267735	57.82769725374428	350.64106410252435	4050.009067063856	988.5405590041496	-4244.051235927179	21.22349536047722
?	162.49510216853503	79.66255833005306	73.4057897780214	-7.773521918577756	492.44545015827157	2905.032491855642	955.4935671828966	-831.8324419491394	18.09857151678542
?	169.84515141161557	604.0021241429843	73.35706148674846	12.874501247220042	495.89268869530594	-142.86289455099615	946.9489369066928	90.0730343813078	19.280280315941656
?	192.69520837568413	1277.2973535952206	74.0495148403824	-71.33040083551404	485.3023054307218	-1402.0936640845712	959.997218901962	1077.7933903160344	15.192146301355242
?	233.71001909137638	1671.8585934629298	69.79054144497277	-115.73719972182188	425.7880054910776	-436.8988885559717	1000.8386064224943	708.7027069388935	13.115085183963846
?	276.2881380488303	992.9294893529625	68.26265485429133	-300.794204224398	463.4573610029233	1394.1002741831032	995.4323542489066	4196.975000970796	20.09909296951899
?	283.35649355902433	-5545.762760976626	54.750831233752926	-557.9304018394921	495.49301920023254	2549.3534931224494	1210.6873564710334	9206.065756439633	22.29042728751292
?	-1	-5687.129871180507	40.36613476231682	-297.4876467960032	590.9250356590453	2134.7243564382993	1455.7356420708866	6449.144835361217	-1
?	-1	0	39.87644889395282	-29.51360547164864	602.2292370221471	373.1712476748102	1533.144598239093	1572.9983552460692	-1
?	-1	0	38.89045448873439	-16.58001341684886	609.5835980427858	1325.1103094621933	1534.3855598331897	-726.8718341035655	-1
?	-1	0	39.04744822311038	35.587079213495926	668.4847524952565	1238.2205720055933	1496.801006533915	-1196.9138872079427	-1
?	-1	0	40.66980844940918	401.08202660922376	671.4946266430652	2266.6665288790014	1474.5398654727928	3393.1863468741026	-1
?	-1	4228.731063305265	59.101549553571495	718.6322004031002	781.8180789392062	-4781.956927462007	1666.4603238776194	1403.1619128674179	-3.826686940272442
?	210.43655316526247	3896.427262050731	76.60141846956407	372.8137581979033	432.3967802699657	-9955.679620335484	1544.6979611161635	-7716.923728662841	8.111895107534274
?	193.82136310253586	-847.2374172287875	77.7422374634666	-50.26160215134741	284.0340979224337	-3271.0237907517253	1280.6141374444787	5623.427993461234	13.654311031377159
?	168.07468230382324	-995.2281410878039	74.0883383619967	-297.43240979800424	268.84559073238	9741.13165590657	1825.8693607892242	8383.084176984878	16.075525228084018
?	144.05995604814584	-3381.4936460764766	62.870616973566435	-232.8781641007225	771.0906807177605	12831.89565861741	1699.7683462937212	-3744.919034526251	7.604537505299824
?	-1	-2901.199120962927	62.44443015696062	-4.413903311203756	910.4403736632482	2166.1337297686473	1638.6234090629123	201.2646958152807	-1
?	-1	4738.304751672842	62.64992180800625	54.334942468751045	879.3973672061925	-1550.6455128260504	1709.8315810844852	53.78412769674488	-1
?	235.91523758364127	4826.322284920187	65.16117728039816	331.592485725199	832.908098021946	-9688.684652950502	1641.3126154477495	-18005.44177684966	-4.210424725558083
?	240.31611424600845	635.7537201057232	79.22954609426614	274.7131415950677	394.96313455866914	-9581.572975926378	809.5594922420054	-17363.098206731534	14.652966665663556
?	267.7029235889273	578.4481622961639	78.8968343601515	-68.16479887931332	353.8294492256288	275.63169243168073	773.1577051111758	-445.45141740412805	25.34932859171004
?	269.23852236081655	582.9773537556557	75.82130615030049	-195.27764147459845	408.7447191802531	1588.5569549668458	787.286921371799	-181.16447084348758	24.6810466700967
?	296.85179127671	1487.350951020514	69.13295228642161	-326.07025486303513	433.2572969739708	66.27203925542996	764.0994815690015	4647.320395077557	7.657588040298714
?	343.606069911842	-2337.5855054552053	59.51779340714879	65.87115627471059	412.0583211430246	-1429.9291103235685	1019.6529411256761	1891.1745051169464	-1
?	179.97251600395015	-3924.2419470881846	72.42651010015713	177.2873262274607	361.76084145779265	1024.9113670427848	858.6582068248484	10517.680632767248	11.735274174890945
?	147.39397255743344	-3619.450320079016	68.38215971852179	-65.59734689013988	463.3038894951637	10009.191190115818	1545.5369727640366	14689.605339123109	5.78122048059761
?	-1	-2967.8794511486794	69.14664275565015	97.83910461871477	862.2204009635818	7095.41719289144	1593.1384737810013	788.2094018482559	-3.6905295912206273
?	-1	0	73.27411494945751	-63.64229063330208	818.0747491397344	2646.933110886069	1584.9474428564492	379.3921820329765	-3.7400590753320246
?	-1	4774.890082342473	65.96452822398506	13.901656193612602	994.5670565078848	-8876.84126651748	1612.10808288265	-6596.07572115474	-4.394291733925215
?	237.74450411712277	4607.262800123807	73.96919775913814	219.23340396506367	374.232685813862	-14030.819335987962	1255.1436567987134	-11053.26798720829	16.636441541039314
?	229.36314000618952	-1084.2525651938317	76.9261984222382	-405.24726246504446	293.02608970848917	-1529.6074976545672	1059.4446835222375	3334.413316266662	23.514623160335603
?	183.53187585743137	-4607.262800123807	53.70683463588599	-626.8437907415655	297.75231093113393	2634.977328196741	1421.864322612046	6375.713704263844	-1
?	-1	209.39663327554246	45.58400888516004	318.1983536726049	424.77495611832575	5586.987357570482	1378.2303687354286	-2462.683036517728	-1
?	194.00170752120846	3855.6866960882458	69.61675231951618	625.3222888306341	577.1016788096571	2324.853131177736	1298.73017078616	-7973.624787970179	2.3828139230380323
?	191.7843348044116	-287.5254349107063	76.85012332669163	96.55362186017845	541.0176126772121	-2683.7968562883525	979.549129336921	-8041.763026068089	16.784645301951652
?	179.6254357756732	-490.385472008569	74.44443341252509	-96.14806451938426	442.9118359952399	-3338.2503658024125	896.642019482757	870.2416257723015	18.071461074749738
?	167.26506120398324	-442.07396676338635	72.04272010072243	-105.88233072865714	374.1050943870921	8757.897262963112	1023.061210625536	17079.135604478142	18.049048474777635
?	157.52173743750396	-3365.3012240796766	69.15031687609225	68.37095816151783	880.806699143394	9217.184260821243	1750.598799706661	13848.31233457758	-0.47883058733662776
?	-1	-3170.4347487500904	75.46126800879831	48.69695094041606	834.9643074281526	-2094.5617383843914	1715.4768273544125	-1320.2948518319547	-3.5704746055085392
?	-1	3917.7712144046363	71.58516442311304	-116.90653499602702	776.0786122241748	-361.87745620469644	1684.5840571150636	1598.916243634086	-3.902583949954205
?	194.8885607202311	3819.275046767866	69.61594125899698	174.9637947073507	816.8704346179178	-7635.4109275117125	1795.4226395361165	-91.22316469202393	-3.1098701867990277
?	189.96375233839262	-97.78821685195373	80.33335415848055	206.55136874885602	394.3080658485905	-8511.237495229592	1680.0228988804624	-10708.602819852924	15.93511631130979
?	189.99914987763344	269.5123310742245	79.94350969643975	-38.63657976437948	391.30855985643973	150.3896141565127	1259.9924985434723	-1978.4672416727542	23.096938690248415
?	203.4393688921038	581.2435098885889	78.40152517026158	-109.17295197613622	401.8275465564161	519.0603478740031	1581.099536796825	13027.292864968946	22.549220708617774
?	219.06132537206278	385.6456367472989	74.48486209763296	-149.15942683029013	417.2615772501398	-58.237738285022466	1911.3571417919172	10840.744047444448	21.340757775041865
?	222.72165072946868	-456.5314910127358	70.9435538287471	-433.8951474240802	398.915659642165	-957.9346771660755	2123.1367391690455	-8210.885601147576	22.204885568565697
?	196.23475082142608	-4474.433014589389	52.79010472642902	-472.04048767313407	369.3648433918362	5380.656587035127	1500.8128617345399	-6778.63987581644	15.875466973011447
?	-1	-3944.6950164285354	47.34152944509048	15.051684118776674	667.9484889939204	5080.847002791358	1784.2047453782247	6920.445738687997	-1
?	-1	0	53.54268893236785	78.94856403038048	623.4071935314032	784.4062525954138	1846.8351486689385	-316.86199493685876	-1
?	-1	0	51.28895764660949	-76.9507096385908	707.1688016236909	1957.1556201462865	1768.3616456313819	-4356.524231953624	-1
?	-1	0	49.695153450438326	-30.529279190213682	721.2649745387172	1725.0817849541584	1629.008937071258	-6113.734174885584	-1
?	-1	0	49.76249368709881	-188.94274471141497	793.4228908713985	-1270.483349032047	1462.6749368871037	-3052.9020650872526	-1
?	-1	0	40.24801621486761	-182.3878027349533	657.7408070871151	-3396.2251703467914	1476.363833816896	1700.752075608131	-1
?	-1	0	40.64310355035118	288.7653916206154	623.6116323540596	-1853.9114224130979	1547.71254066751	-2788.3719997426633	-1
?	-1	4416.33028788846	54.68628579589833	795.6722508945566	565.0452359664605	-3911.6600266035084	1336.9452338297633	-18147.484153983463	13.684414766881186
?	219.81651439442612	4440.760911603016	80.42671609507957	491.14378270891007	428.02863102388136	-3499.6979860319734	640.3383329683239	-16416.4143241342	12.556048370202937
?	221.03804558015395	239.09654771946123	79.24347493134418	-36.14036309582252	390.06033666485934	-2413.8364979241987	516.1245176230417	-3117.3307391597905	26.198733184167065
?	231.77134178039935	309.89573832904756	78.61969794028842	-32.30586820791654	307.3368061276697	-1603.457651237968	484.4717960103322	-364.3007335615533	30.113364053704366
?	236.53283249660655	123.91038071048735	77.62818152094833	-29.723860085341162	309.8874541029598	1440.4796094466906	497.9094809449638	1567.3604008315185	27.929855308654872
?	237.9668608159238	20.38133047032118	77.13350493602134	-7.566049346075551	379.36078660000527	1553.2983122355274	562.8398160519092	2827.7287848082105	35.77034922225813
?	237.55189902012262	-308.3693257841539	77.24987905364455	-16.54012375495204	387.55236971473727	676.0117677757052	639.2959201853763	-201.5329381083205	30.88491723163533
?	222.5483945267159	-948.2222779533681	76.30649874827373	-154.2549497748275	413.161374988791	1070.8680843926488	552.763169146493	4712.265139502748	23.124980671403204
?	190.14078512245354	-4470.967890534254	69.53713156490306	-568.3211025083992	441.09577393437047	1018.6285058342893	874.9091771605171	13930.051459337172	12.760338979335922
?	-1	-3822.8157024490165	47.89044362285336	-606.1885525337945	464.0928002805062	1366.1405739738382	1249.2657421133615	12266.184690759637	-1
?	-1	0	39.22770393821291	-212.22515006729634	509.40280263306335	3565.805955940312	1488.2184116985077	5481.5454528820455	-1
?	-1	0	37.279186119488394	-59.03382494283464	642.3830980775243	3431.9753191044992	1523.3430147574677	93.27281487229679	-1
?	-1	4185.008380967248	36.27601269107114	373.82863567999533	681.0015685882908	-2549.3623836364463	1492.8820524421226	3859.300096294	-1
?	208.2504190483654	4042.9938275334944	55.970617903488424	811.674536627948	514.9149788957002	-5905.727346753333	1716.3080195721705	8908.421291606497	-4.58174101991154
?	201.1496913766776	-116.86504180888168	76.85973952246911	299.03153015334556	385.7152012506199	-2442.1284618027	1938.3031170224538	-5697.423959742142	15.22627414433371
?	202.40716695792122	-145.23407420623548	70.92219441115591	-161.3801251163039	392.80855580556346	-372.445510113652	1431.4368215850593	-2869.811314926269	23.05324710671752
?	193.88798766636572	-320.7029345263595	68.7907332666538	-40.90977279785845	367.092925744937	-1261.1419679565406	1794.8125512761383	-4644.937976540011	22.859508124030008
?	186.37202023160302	-176.0439869839613	68.87670577126296	64.35887867835072	329.75145740773553	-1341.5382971341799	1199.1899227580554	-22367.540609995103	25.31147066839412
?	185.08578831716753	-96.09650956112637	72.00867720057138	107.1459190923945	300.0160108882271	-366.7981374548008	676.4355207763671	7708.504413715955	28.56124917753388
?	181.56719475354663	-254.4009218528445	74.23400172588276	51.993625304201146	311.41155053499523	366.51165268728437	1584.6151434438586	27764.659486287663	26.375889005565302
?	172.36574222452512	-348.17773697169474	74.60835846578148	-11.433307942929341	318.34159352259155	-115.89886933291785	2064.6684950907697	561.5387922410093	26.534963859804463
?	164.15830790496165	-363.9726037524326	73.66233632873629	-17.39927223577471	305.61660706834925	-235.36936901894256	1612.6920830559095	-22871.882387339043	25.634633844038596
?	154.16711203690323	-356.57634070988826	73.73839485399273	-43.26247194031135	306.57312507164426	849.3724191488427	921.0743757238013	-10219.55367871551	22.980724751778006
?	146.32949086946698	57.03918176739852	71.49921273172069	-208.2612516260011	348.085228025792	2009.3398699108534	1101.7143991201267	1732.6167333412518	18.66622475285613
?	157.0190711252732	-2946.589817389298	63.32533227269253	-576.3840074874831	407.04011856718836	2668.6324341246436	1007.7052123908651	8587.503989014831	9.820746480546815
?	-1	-3160.381422505419	42.68001235734612	-412.42787084892154	481.51684973202606	4912.409008056558	1531.0895985708744	14490.32141487906	-1
?	-1	0	42.70393873024616	4.743454998104756	652.6605689700198	3339.2447125510116	1732.2212831348284	3718.977404786976	-1
?	-1	0	42.91718510725136	-33.94885729172623	648.479085359579	156.664449323464	1717.0384688102258	-1184.3096161720237	-1
?	-1	0	41.00649586565982	31.100308067154984	660.4937914361931	1359.5347389117853	1673.0058023262263	-5755.028868738368	-1
?	-1	3632.367216207451	44.472200510609134	603.3232358880085	716.4558223051693	-93.38396891802272	1429.2870253733033	-13400.303045921195	-1
?	180.61836081037512	3559.130432928466	71.17265766006068	668.4925966603496	655.8245929902919	-4341.779504462079	1002.9906500301571	-11131.49129708697	3.0334843946714733
?	176.9565216464258	-102.37532106850975	77.89683034362709	66.32486640057059	499.36684708206224	-2339.2891304990017	872.712460518947	3904.2353242354525	15.186147446092335
?	175.49959475694956	-3559.130432928466	74.48890098008926	-169.54507709243856	538.8601364653401	6618.043131832316	1198.2024162419325	14516.54050327192	15.055146206716438
?	-1	-3529.991895138941	69.41957648900504	-8.087538281321427	830.2690036736827	3459.5686536205753	1598.5394856825533	8009.767218815141	-3.317155519741411
?	-1	0	74.08452406602318	66.13837306056743	711.8385691463714	1677.9785831863103	1598.6907771826952	-86.11555441500391	-2.9990205848077593
?	-1	3827.8176561389305	72.72649514203346	-129.85615436873545	914.1679328329994	4790.843303203167	1594.233707961803	2386.4721206914032	-4.954643189252854
?	190.39088280694924	3490.706531235365	67.59171634758631	106.95775976438559	951.3807343065331	-10297.587912494697	1718.014383217267	-6027.114433064299	-4.130093228245693
?	173.53532656177075	-408.03619116811194	78.07438313025281	170.93427057696786	399.28853720825725	-8181.309017400324	1292.8779863085838	-10487.294732120501	11.132569236196149
?	169.98907324854335	-171.89709387762701	76.13842987643483	-73.9755799016269	542.3152834365111	3867.097610547141	1193.6496466112346	3798.918888247786	14.332883260970187
?	164.94047186788927	-3399.781464970819	74.37560413517142	-1522.768597528675	592.643417735617	-10846.305668730069	1482.8239307209758	-23872.99293222435	19.148331938479018
