rowLabel	avP	dP	avI	dI	f1	dF1	f2	dF2	h
?	-1	-20	68.17617253775546	1356.894191569186	517.1220694511201	10238.979657912261	1755.2929507472413	34745.05587319201	-0.4054088100732151
?	-1	0	67.8447095784593	-3.3052673956228773	511.9489828956131	-1272.864002677768	1737.2527936596005	1028.1965899474653	1.8507727637644795
?	-1	0	68.01090916797432	-45.36541070958434	453.47886931723167	-426.6961168223905	1806.7027802446146	-1573.097527399886	2.20180910977268
?	-1	3007.4041123318643	65.57643904298008	14.968349197203569	490.61417705449355	471.3791704254028	1658.5979172896061	-9629.51419417878	1.2227290382201672
?	149.37020561659318	0	68.7593266278345	214.01050474375586	477.0478278385018	4419.0022168031	1325.2270705356757	8819.79614511113	2.0980307360733894
?	-1	-3007.4041123318643	76.27696428016787	35.111644402104226	711.5642878946485	2143.3326084678497	2099.5877245451625	5654.094948006192	1.349860169113078
?	-1	0	70.51490884793971	-20.788907996425227	584.2144582618943	-7441.124192131126	1607.9318179359852	-16206.001866817982	-2.210664181151053
?	-1	2594.872164244029	75.23751888034661	108.80034197375042	339.5080782880923	-2566.2423497179266	1289.2876312042636	-4889.670353812413	-1.1265705471921221
?	128.74360821220142	0	75.95492594662723	-292.9977479855325	455.90234077599797	983.5268979401874	1363.4483002453646	2814.4832317169316	4.88234325719691
?	-1	38.49013716066225	60.58763148106999	-140.97768910366372	388.68442318510165	448.6002424317111	1430.0117927901101	-3532.9896764977466	-1
?	130.66811507023453	2669.062025067944	68.90604149144404	260.7422458628057	478.3323528975835	721.7347523602125	1186.7988164204774	-6061.688101010635	1.7709504772256666
?	132.4531012533973	28.929114129222146	73.62474377421029	80.7241602873929	424.7711608031123	-1725.8740948746658	1126.927387739578	7603.311528958159	10.741927750075023
?	132.11457077669564	-6.296034141175818	72.94224950581369	-130.1478366476552	392.03864815385015	-968.5947006815175	1566.9643928683856	8483.270617773153	10.443484286554877
?	132.13829954633852	-2662.2914155339104	67.11735194182752	-197.3912358470224	376.3414257690364	1466.771570709495	1551.090918628236	-3115.1743281292574	9.91445292518386
?	-1	141.1652073931906	63.072687713462564	145.4946096234697	465.37722668932497	3281.359850061387	1411.2056764619226	-5466.417767770872	-1.3150079973026576
?	139.19655991599805	3041.9471973892314	74.39208242300101	42.94300412261105	540.4094182721059	-630.9825326733613	1277.7700302396922	4691.546032334859	5.205541982358912
?	151.0973598694617	337.81211217838546	65.21983791959312	-142.365886887783	433.8281000556569	-1273.4826231417617	1645.7829780786658	2394.654806445494	1.5625835647436486
?	156.08716552491734	-274.7195217014755	67.27378807861186	14.167333779614909	476.73528711501774	1041.4484646963742	1397.502770561967	-7713.470400270032	-0.09889255066355703
?	137.36138378438793	-3141.743310498344	65.92820460857386	1.1582763555142594	485.90052329047563	6666.74307660429	1260.1094580651638	4303.985449646117	7.866055560532782
?	-1	-2767.2276756877623	67.33170189638757	48.538064275698	810.0724409452325	3616.55124450488	1612.702043044273	6852.448665987358	-3.388538394217632
?	-1	2696.7673257052375	68.35510782235876	138.45249673532226	666.7280855157194	-7744.551805410747	1602.7318913645313	-466.00743034305157	-2.6735787774137143
?	133.838366285262	2732.3150927546667	74.25432673315369	107.33407830319341	422.84485067469484	-6977.914599238344	1589.4016715271205	-2315.3574560399807	8.157963991876342
?	135.61575463773346	165.0406840324318	73.72181173751844	21.054933994101912	317.8323555538019	-575.0704637776557	1486.9640185625321	-5534.3155813419025	13.83248798465726
?	142.0904004868836	176.7784403487455	75.30707343285879	60.722734045837626	394.09132748581203	3629.0899007905523	1312.6858924600251	-10924.433814454069	13.851680671571245
?	144.45467665517074	45.37601732650781	76.75794843981032	25.56643680192733	499.2868505933297	1216.4239830683402	940.7423278398283	-7232.737097598354	19.45094042403951
?	144.359201353209	-26.33602693054795	76.58539527295515	-2.7625714617721515	454.9125266392291	579.0195397052872	951.0490375801071	2166.841953016131	17.897944291320066
?	143.13787530864334	-69.38362843181716	76.61981986672171	-15.034334968505888	528.2378275785941	2532.377644898347	1049.0844254906349	3490.1328439387103	13.658891527846425
?	140.89001993161813	-161.73575155430044	75.83367852452986	-31.88223819813939	581.5314088841466	2535.306099990014	1125.5556797770428	4651.380541144395	13.358309092611341
?	135.05108773092832	-183.79056035234765	75.02570795681474	-21.559738075655996	655.0031325780949	2004.0141594022662	1281.6534525478548	4192.339160685961	13.107251486878601
?	131.70049191400074	-48.37179474226896	74.75569162074706	-63.83709931656222	681.73211685426	-365.92942076053725	1335.172637811341	1147.613363847403	12.233340690845651
?	132.63249799381487	152.6111209775756	71.83385299098663	-222.504062884697	636.706661540068	-5107.8996309098975	1339.034120740225	3042.3324625196183	1.9796877095230472
?	139.33104796287952	-2672.649959876295	63.6304884765122	-253.83351097236832	426.33713530876486	-3542.4552543043233	1487.289260937322	-489.345533119385	5.073070050919751
?	-1	-319.6576213466969	59.1421774423682	-106.58927864726483	459.5838988248517	75.26931464043507	1314.5668440842558	1875.9357068157335	-1
?	123.34816689554467	2399.0593840053957	58.30102454414895	-17.44617447530699	430.1006010407866	-196.7884123748375	1581.0860462781088	5865.1391903855565	-1
?	118.95296920026989	-2486.963337910891	58.26986871860285	26.664628729814243	449.7444782061098	-761.9763918122878	1607.8238036035339	1612.5700789096286	-1
?	-1	-2399.0593840053957	59.634255980639665	-16.987801535355644	392.0017814501722	-1178.1244641113517	1661.7145502235903	1954.7177257357116	-1
?	-1	0	57.42047864183507	0.9047466215038461	390.8382550005422	-143.91322886016485	1705.5596898903195	-1392.8863648788126	-1
?	-1	0	59.67949331171486	30.46145950027079	384.80612000716394	952.5545621260725	1592.0702319796496	-6403.201166939256	-1
?	-1	0	58.94355161684861	79.10668995827983	438.46598310684584	2341.9154617792924	1385.3996315433565	-5092.03163585179	-1
?	-1	0	63.63482780962885	240.0806403029054	501.9018930961287	2235.724859147599	1337.46865018706	1602.1590921159316	0.4907342664535296
?	-1	0	70.94758363199384	194.90159789578823	550.2522260642254	3452.1044650144186	1465.5075861491528	5541.0935244528555	0.3304244170020505
?	-1	5723.667698481447	73.37990770441823	-28.436606663561108	674.507116346849	278.323803847728	1614.5233264097017	2236.220844297835	-1.4666018216849372
?	285.18338492407133	5042.949668098644	69.52575329881579	-44.574193194665824	564.1684162566118	-3983.443581068222	1577.3186283640441	1341.8445933860405	-1.1955678598539412
?	251.1474834049313	-2869.3082680483694	71.15119804468495	134.82845681081747	475.3349372934386	-3490.9570645528684	1681.6155560790035	4445.365500422933	3.0044277578008733
?	141.71797152165337	-5042.949668098644	76.26717613935664	49.97970547376713	389.62056302896895	6627.705464686801	1799.58690338519	-1998.9516439763681	7.281439864475274
?	-1	-2854.3594304330777	73.6501833183733	-33.97104707204574	806.7202105277775	5413.55422863137	1581.6679738801854	-4048.3193885244245	-2.991500807376056
?	-1	2667.5224987963884	74.56862378575436	44.621853548236615	660.2982744605365	-3288.7773266577738	1597.1709339589695	-1717.792383914795	-1.564317783584363
?	132.37612493981894	2690.0775775364464	75.88127599578512	-46.434561955720305	642.2813441948894	-615.593745600563	1495.778354684446	-4421.556782290547	3.6160613969392763
?	133.50387887682183	99.02510744405255	72.24689568796835	-125.61038406421277	629.5185871805085	-3718.675662864052	1376.093094844443	2144.2858009954066	8.55384105551294
?	137.32738031202155	228.35150624343296	69.6007567925745	42.24874723869775	456.3475610516874	-5238.388953443467	1602.992644734216	13278.2141795068	7.982657094545966
?	144.92145418899344	104.83088580710537	74.35933304990323	72.44548270905395	367.59913950833607	-2374.3699814034785	2040.0038038197806	10119.738123839079	9.617934258621546
?	142.5689246023768	-217.12144566199603	73.22303092802719	-183.90315409406136	337.6290619815139	-666.4014019374657	2108.979550926168	-5215.388664382062	13.647653678432224
?	134.06538190589367	-131.87605271123732	65.16417534520019	-99.54843296105601	334.2790694114629	-278.897616255292	1779.2343706006784	-13387.082906763924	7.675244929205965
?	135.97512196681495	-125.64182688307754	68.2456092799744	94.3864704162491	323.6841811687494	1006.485211939122	1439.6254055879742	-10717.462184662265	10.659047465050175
?	127.78329056173982	-101.22767100051739	69.88349886601263	137.44902930365717	384.6033300084188	3256.635690407136	1243.361261367567	-3977.3010190816153	3.2753200494395274
?	130.9137384167891	72.43686037538251	75.11806074515724	73.7828724539423	486.5159656891056	1243.9432570439474	1240.7603546338942	147.603374287824	13.024383008622872
?	131.40513358050893	56.83374095869189	73.57264248870973	-49.83556245130149	446.800492860616	-3112.9354034423313	1250.7414300819582	9024.795919466966	14.27284795376131
?	133.7554254647237	113.92897016967862	72.62628262259217	13.947617942900528	330.8691955169896	-1761.6525727737685	1692.0001506072408	14614.021554208623	12.415739842771846
?	137.10158208899284	26.617167705482057	74.27002338585476	13.163658673923965	358.71786422192787	-239.88018610001603	1981.4425077923868	2064.070875700302	12.921309411649563
?	135.08628384999778	-197.33260753181227	73.28446555628837	-148.77300758122428	318.8751862119888	-1686.394642025198	1795.2036943922556	-7877.204088355344	8.648115020919118
?	127.23495171240226	-4.8554151318291074	66.83137300679357	-103.85716360391692	274.39813212066827	763.2889300011657	1587.582303374621	-5122.681009011135	7.106815666961708
?	134.84351309340633	440.17196688281746	68.09160737609254	242.08258924728682	357.03963271204697	1293.1365152494982	1539.0696439416997	761.8092118258282	6.963345086427512
?	149.24355005654306	354.9632826239657	78.93550246915787	132.59477278254954	339.05495788314295	-1376.362312575589	1625.6727639659123	-2779.6604474985143	15.011414805504836
?	152.59167722460455	74.38154973371609	74.72134601521999	-168.67982779658692	288.22151708326777	-1260.2875973922721	1400.0866215667745	-4785.883009225171	15.538770624575596
?	152.96262754322885	-124.48237981829026	70.50151107932855	-59.15883689079287	276.04057801352957	2458.640540888559	1386.3786135046546	-10447.096849655745	14.285155219149345
?	146.36755823369006	-96.1659889177455	71.76340417068036	35.29364645202419	411.1535441276953	4681.770823182513	877.7317790839891	-5576.344116900738	10.952680547840776
?	148.1543280973416	46.39093278184378	72.26619340192976	-38.51779783730435	510.1291191726544	2575.188153593366	1107.5614076596187	7235.412311095541	12.969541812922255
?	148.68710487278224	-145.22843443065477	69.83751427881515	5.824408593810822	539.9129518073631	1478.8141402338142	1239.5023946387648	2949.493750062917	5.380537932208284
?	140.89290637580888	124.36260567347448	72.5574138316203	-71.37348839648465	584.0698261843448	-4301.774592119936	1255.036095162764	1849.1290921137372	6.447952492601523
?	154.90523515645594	-2837.858127516188	66.26883985899093	-228.1772653657397	324.8242222013671	-4464.498407729079	1331.9588492444514	4181.096816728169	1.658824604116723
?	-1	-3118.10470312913	61.14855056333335	-62.22424495870691	360.84490579789167	4541.188409184824	1464.0909359991717	3148.8062161462426	-1
?	-1	2873.123287894491	63.157627611055595	276.1504830107327	551.8836426606075	2551.767430791193	1489.399160051763	2344.6923674080144	0.2613844162377576
?	142.65616439472404	2893.81340038686	74.95607471386994	169.30426048938517	488.4332773374509	-4299.828459809218	1581.325554369572	-1998.5050282500085	7.044829381508793
?	143.6906700193425	38.34150063324628	71.62284063552482	-101.427107577911	336.89221967014737	-5006.793012920471	1389.4739086392628	-739.5374883852427	11.403723754033262
?	144.57323942638635	-45.00459720009717	69.8847193349744	12.949870401797387	238.09362669142823	-671.6341565057486	1544.34867995031	1311.9072823818306	14.741509303038981
?	141.44044015933764	-290.6271980885747	72.27033415561469	47.14173203799464	303.31051184486006	2395.4585733604254	1455.0692727583541	-1671.0909489645715	13.07856405644562
?	130.04187952195767	-205.59492400036464	72.24180593687413	0.5721975385230869	357.8665553594491	2014.4275102047768	1460.7941325020818	359.81739445998426	12.18974910852984
?	131.16069395931945	-67.45275680938757	72.29894403254085	-20.145256056014844	404.03188735509855	1782.6448152718554	1473.0601424813533	1488.5852034456964	12.039255820589252
?	126.6692416814883	-6.967625110561951	71.23454313407339	1.339872302133647	446.99879612304153	-49.56628851675777	1535.2233926743663	7794.9449425405555	9.504850331805999
?	130.81231270379135	35.642964444443365	72.36593764764753	3.524059860957335	401.55357292926067	-2575.3096303372595	1862.8073896083797	9565.02058757965	3.114041987057239
?	128.45138990371046	-99.1716058991765	71.41074612712126	-42.48603384686235	318.233314606179	-1803.974503286982	2013.474422053347	-714.273140388407	12.069265604406855
?	125.85373240883254	44.20251405087315	70.24163595530442	83.23267357420066	311.3548477649119	760.8301509823177	1827.0937325889595	-2742.8579983028117	12.492623227287748
?	130.6615156062541	237.69876056725224	75.57237980583128	124.05499479812663	356.27482215529477	768.187741750226	1876.331522138207	2196.061660192921	11.069964811912262
?	137.7386704371951	143.05731695166338	76.44438569521073	-16.375851069492512	349.76423485242304	348.13314231100674	1936.8968155986051	597.5952356210586	12.839731362022047
?	137.81438145383726	-113.13690734933556	74.75358725235665	-44.80861284432096	373.68147927084505	2939.5416891384866	1906.2112839192598	-3893.8373182449504	15.57623188790917
?	132.08182506972835	-201.38340771249077	74.20395505299469	-63.85997560018092	496.74131930934686	1918.4923944507193	1742.2049496863583	-5221.00478952354	10.681844061048015
?	127.74521106821275	-128.87403727075383	71.56058847234762	-70.10279538358728	469.60609899338067	-3308.4676715416153	1645.1610444430837	1527.4286976905623	14.452567716784046
?	125.63812320619068	-7.221490206690388	70.69881528381534	25.333490351569967	331.3179357322667	-3435.733103770352	1818.5763845708861	6118.641319849557	11.208869230224591
?	127.38413655787824	140.00508373052833	72.82726298992611	82.78764902964441	297.8194438048637	-132.55700014445372	1951.0931104355604	1796.371272731314	13.550740705775691
?	132.63837739271708	126.08180224443561	74.83819773529754	13.5128342221194	324.690085725044	664.6177908162248	1908.3949482074515	-3965.5501943890163	14.702585628726473
?	133.6882266701	-52.688238691576615	73.50290470103208	-63.74540568074531	331.0503333456748	-318.44112073560154	1752.8156007161103	-7292.234926054255	12.838821837762088
?	130.00396545813825	10.960165966128596	71.65092745126029	25.081977268528224	308.768029688264	-359.9496693111986	1543.78320190474	-1693.1688461395847	10.209521435892185
?	134.23623496840642	193.28277742363593	74.75700356445849	19.754459582508233	313.05284988011493	2701.0378993417867	1668.1571584091314	4887.180750473107	11.730579444831083
?	139.66810432932002	-2704.724699368138	72.6386504303857	-134.49488971516578	443.81992465535285	10876.054101956968	1788.1422394283945	-119.4247253609187	8.103793655601006
?	-1	-2813.3620865864104	68.03225907870022	-139.2005979381445	856.8555549779615	1837.9782483461063	1662.1859221410855	-2471.1254420679365	-4.061724348158242
?	-1	2763.225481319956	65.6786205334785	-22.774225385811146	535.7188370726578	-9778.173764937455	1664.5859673249981	-2410.2609040007787	-0.7498492409401656
?	137.1612740659973	0	66.89354780940967	-12.870813079261485	367.94686673109044	-2056.9101154414857	1541.672876941047	-2743.7538286125623	2.9996693632783065
?	-1	-51.97989060739663	65.03507987951542	-22.60852389070956	432.8733313005839	531.8946350448786	1527.3982758943705	-2843.1270532694507	-1
?	134.56227953562748	2715.6432885395134	65.7631216148742	-14.78875526289249	394.54159848333427	761.5583436291574	1399.516524277575	-3184.2316657301285	-1.0668036420427873
?	134.78216442697519	-2711.245590712559	64.2956421163708	-53.888031352202056	470.95124848204165	1598.2864233581915	1368.1866926078646	3743.6000534290083	1.4829062435100584
?	-1	-2715.6432885395134	63.0687200472641	-41.076972799481844	474.45591965124356	-1141.6098047318162	1586.6965269490247	4258.72140264679	-1
?	-1	0	62.241793476396715	42.781069103471346	413.87075824545104	-343.20310616293574	1581.1227627402034	-2689.1096300772965	-1
?	-1	0	65.20777350243766	24.63325179802249	457.29576434309683	1005.7984213912267	1452.2410454451604	321.1796286766423	-0.6736714888661924
?	-1	0	63.473456066297835	-8.07549194209659	464.1606793150122	-451.0930149717983	1597.1817441740354	4619.248934242735	-1.7328976611469873
?	-1	0	64.80399890533283	52.184858662910514	434.741113594507	-680.5445376711749	1683.2034921572963	2141.106557231213	0.4389162764970911
?	-1	0	66.08269899944335	61.56645384928276	430.1334524314536	186.49857718104337	1704.2370720355957	-951.908198746363	1.3496231919777093
?	-1	0	67.88232159779696	2.5626925250702564	444.06604245355913	-182.384505441541	1635.6080822199783	-1430.7078179121258	0.20991469292861567
?	-1	0	66.21083362569686	-28.71792177233242	421.01422715937656	-473.1169292618853	1632.7016811399897	1404.861074823471	-1.0392423680272942
?	-1	0	66.44642550918034	60.37496323679129	420.41019599046496	298.4740770861776	1705.8511359611516	1367.543934874516	-2.153658407633669
?	-1	0	69.22958178753642	33.604841762960525	435.9379310136854	988.3132849300104	1701.0788778837152	2240.8089743132896	0.16040347177783965
?	-1	0	68.12666759732836	-47.82721086062668	469.8258602369653	1449.82337085147	1817.8915846768157	2659.4510872023425	0.5265894037834459
?	-1	0	66.83822124450509	4.742858273055236	508.4290995562586	108.31083920482722	1834.0514322438319	1901.5413884435316	2.228259968153387
?	-1	0	68.36381051098113	-2.4348442303176028	475.24140219720664	-2351.7966245423354	1912.968654098992	2521.9427454920196	5.825714080972646
?	-1	0	66.71647903298921	-54.91989394383315	390.83926832914227	-379.83504401512414	1960.1485695184324	-3076.521385278499	4.072675246334338
?	-1	0	65.61781581378948	-20.032109042307766	456.2496499964505	3548.9901338874915	1759.1425848350675	-8948.313085333251	1.47508479596596
?	-1	0	65.71487358087383	76.82586673645118	568.2887750235162	3487.881085685117	1512.7329152517714	-4296.8837425230295	0.07246573243299115
?	-1	1883.4342054799945	69.45910915061202	222.9812153602631	630.6437042807057	4129.970938642615	1544.2983977089168	-125.41214471064494	0.4914703933991714
?	93.1717102739994	3072.029238819921	76.86393434888694	154.98172799855294	774.7873219556462	1111.6166905249104	1506.4623080162391	62.5143007219824	2.7447335055120377
?	152.6014619409955	1144.255451155451	77.20819555053964	-19.499198460361878	686.224538806951	-5117.060634025452	1547.424112745016	-323.0233510572373	5.784759176979196
?	150.38448283177175	-201.4657336723026	75.88897442586885	-69.65892715511724	518.9342902543746	-4098.138547964729	1490.3111404633773	-3458.3507864874387	12.127973283992649
?	142.5281752573804	-109.58291640901489	73.72524919278379	-132.41880578104477	481.3176114087153	-5015.714492071672	1374.5065734206446	-4968.442383874643	9.075384633122715
?	144.90533701132102	212.4547374514187	69.26803413681664	-43.2310812856865	268.14856565079185	-2154.1004993422866	1241.889021269646	-3201.696403634271	19.00491023590022
?	153.1509121299513	296.29142241107667	71.56369512849948	178.8807830883943	373.61258644160137	7303.824168333462	1214.4217532389316	3367.571463864904	11.980221492009935
?	159.7199081318748	156.69817351329925	78.21207329123632	120.38902927286969	633.3397740674636	5210.364213649926	1410.2675944628907	5327.430571228566	16.014697580409315
?	160.98582080561624	105.96952160070694	77.58314659214294	-41.923121706480096	634.1307971240967	-2036.2580783545177	1480.793281800359	3128.202302147749	14.433113431325939
?	165.01838421191013	-98.68224374627438	76.11591720591233	-100.57678840504686	531.5268701497381	-5167.013509966771	1566.6777095702776	2385.065645030408	13.674845497925066
?	156.05170861830254	-392.62867934527577	72.55430717189061	-153.48398103524116	375.7801216257591	-1608.1308318847732	1600.046564051879	2383.3022838864686	13.359580562628356
?	145.3869502446464	-317.1147447646615	68.4417181541503	-117.71522048610633	451.1203285554997	3468.9744987731465	1685.8428237646006	405.9890480051868	5.034187166281705
?	140.19597138006952	-108.83715016883382	66.66854614758532	70.21830506157923	549.2288465644158	-1896.8019822659403	1620.3460164521382	-1676.6123602953771	1.3597971707758882
?	139.94509273620474	-12.260683229810114	71.95263340722924	131.51156523988493	356.28022944220305	-2842.30804813434	1602.012205749832	-2149.7809295053307	11.45784676819263
?	139.58293721857902	-89.7446401127016	73.24412440957954	-13.06703785036608	407.1134441576993	776.6438399530198	1512.856969976872	-2413.3061178438716	15.916048287366825
?	135.45786073056968	-70.01488545633802	71.29928151471094	-79.75337578325963	395.1124214398539	-1476.2238047107742	1481.3468998576388	5107.859350415574	14.75786432642425
?	136.08219294576213	128.07086262403107	69.25645562041657	-68.80862576501012	333.30225392216084	2922.948841698085	1768.2499374976499	8000.158051865693	12.962697334586192
?	141.8614038617712	-2741.643858915252	67.85885022646045	21.641914294139973	541.2598635247576	9443.244896672062	1881.354802450922	2705.570282812128	5.568776087702725
?	-1	-2857.2280772354343	70.33855133512357	57.619674817996646	805.4644987557623	1892.0400947934513	1903.5284516382558	3437.786241537459	3.0803420375815564
?	-1	2969.255555022002	70.73983396736027	-4.267914017657987	635.8618682644299	-5006.8214913303445	2053.2441145277944	136.53041499733766	1.7002599575441153
?	147.4627777510996	2887.956355228102	70.12515563424067	-21.193437192760104	555.123424189246	-6486.856946395258	1910.3549723881226	-11633.366604398761	3.2876303962727293
?	143.39781776140458	-274.1742459960828	69.68016210772227	-283.7710037737702	311.5190209446681	-4409.6487301627285	1471.5757843078584	-5880.688066018341	11.976989430700268
?	133.7540654512955	312.8066515175516	55.93660544555221	-39.87575697182919	334.6409876811103	2947.2947933684604	1616.3205690872066	-4096.512709347736	-1
?	159.0381503372821	464.9494368531071	67.68637425913082	400.79642655858567	458.8837606130906	2072.2744092915577	1266.7501488404723	-12492.713130441458	6.434170436626513
?	157.00153729395078	-209.88670305511863	75.97642677348142	46.88641104406076	438.2547081456878	576.8817242324096	991.684912565136	4652.615545259921	17.675718649202558
?	148.5438151845262	-3160.0307458790267	70.03069481133385	-145.3931062498301	487.727846824711	8838.968649161747	1499.3809261034676	12624.155029264344	8.074979912304052
?	-1	-27.484448771080093	68.70677146098994	70.76693316949186	880.2031406037736	-2037.0251170371369	1622.892664028351	4985.922945407432	-3.163673373245827
?	147.1695927459722	2818.0183326061833	73.56904146980843	-94.31420477808536	385.8765909728545	-11850.248571477438	1748.6770733738383	-3707.3832734058165	7.983913500426947
?	139.90091663030867	-2963.3918549194545	63.99106122208569	-372.12366559050326	287.69071202990386	-1304.2572278172793	1437.5235003580608	-3922.6947111434133	6.478219390494792
?	-1	-2818.0183326061833	54.96285819028333	-125.0110629404435	320.66372958199076	2256.4134017943106	1552.5423378166684	1218.0929137901692	-1
?	-1	3050.690692251109	57.74050807506354	425.5273169993164	400.511382119619	5282.557554901962	1498.428146047569	-7706.270461772624	-1
?	151.5345346125549	2959.0957436055223	76.23922404024907	240.21610657533486	584.791607327088	-447.53735033927046	1167.2288147280385	-4068.978994489572	11.47320979692957
?	146.9547871802756	-145.21102887598823	69.75131340383024	-360.19664554388174	378.13451460265554	1646.094583385683	1294.9791963230912	12027.430863019332	14.28051696318252
?	144.2739831687555	319.5589120429753	58.22939176305505	-90.60367853444238	667.0963364963718	5072.493352295027	1768.600357879003	1834.2251117724502	-1
?	162.9327327824243	-24.494208600821793	65.22112947710814	175.24469384524258	631.759182217406	-3590.0949833593327	1386.6904519117134	-11382.863615314163	4.568987119625685
?	143.04927273871442	-3278.6546556484977	66.99162645531715	13.408158093035118	487.5915873284058	3833.8293522159347	1199.457177113297	4536.188924012816	8.134220692144684
?	-1	-2880.985454774299	65.89153738175989	41.33830808182396	823.450649828202	7832.826612377549	1613.4998981123533	7430.672204417018	-5.249074290098442
?	-1	3097.9993867436697	69.05854185940834	187.0112022580373	879.2329179472819	-8593.81247652759	1570.9907873341465	-1871.8983715288298	-2.728530963672199
?	153.89996933718294	3080.0057929580084	75.24209749466172	131.41975304253367	393.76002600182403	-11086.647068790997	1519.9049795359122	-2868.349710406852	7.732837916739077
?	153.00028964789988	-29.521470596899455	75.629529511535	-8.618862169296081	324.900564507734	729.4735745505878	1427.5733018138044	-6383.237507936574	18.484045483370288
?	152.42389580733797	-61.15332102304159	74.81115438619692	4.139557986491995	430.2337047293533	1551.4281794603583	1200.7431041390846	-8068.281958598752	15.915125372044452
?	149.9426235967478	-172.99005094708497	75.8365074108596	-157.80173025742357	402.4719734807516	-1467.5871440464432	1024.1592038838683	82.49595003183943	16.79215492407564
?	143.77439325998375	268.30970977137935	66.92106787332577	-210.30315044429943	356.8543475270314	4687.180312852079	1204.8679016406766	18588.217267323267	11.664660664009086
?	163.35810908531673	174.4921490242354	65.32134988864466	89.34759082651968	636.8309891233547	-332.32978991780334	1953.5700672500284	17058.785788587313	1.5682782099052917
?	152.4990007111955	-429.4466475034786	71.38844741465174	158.29163796712353	340.2378580311413	-5890.98613431677	2057.807191070039	-3023.293146578151	9.171175234253047
?	141.8857767101425	-463.6911106806283	73.23593178700095	-237.7097539438039	342.281682407512	1318.4406089386716	1802.4054099211187	-14025.863808213526	14.51426083801557
?	129.31444517716375	-2857.715534202809	59.50295971746137	-201.2223455547689	406.1598884780758	3733.6652286748576	1356.5140006593529	-2740.3496255319687	6.262730118222677
?	-1	371.12353080619226	63.17481450926236	290.8111726963972	528.9649438412575	-579.4413456944685	1665.3879286445183	12213.659360234564	-1.663267394328344
?	147.87062171747363	2923.8761024025653	74.04351835228144	108.81298587868274	377.18782119335197	-3099.4839476330994	1967.1969686710897	1601.9739961882942	8.407988704489132
?	145.19380512013035	136.6349918714625	68.61546380319658	-238.26956685356112	373.99074645960036	4156.473859414004	1745.4866284539341	-6367.6364277682305	11.837972398314754
?	154.70237131104685	64.86590689793694	62.13004000960321	75.94651814153173	585.0115141640551	-175.77178789141817	1648.8151472826737	-1478.6048298950727	-3.6868385273711315
?	148.43710046502724	-190.30270377629975	72.41278971027322	171.99997145591422	365.2021570650293	2303.911963982529	1671.5563869591795	4122.716183727149	5.0037271326743005
?	145.18723612223172	-2988.7420093005026	70.73003858239905	-94.82697241809468	700.2071123631832	1776.293195146943	1854.950956469034	-1897.8237048259236	2.934560506294379
?	-1	-52.28713074835735	67.67144108936842	120.19892970678939	454.01681682237773	-6662.993058927778	1576.665201717882	-9839.293420240398	3.777650151069086
?	142.57287958481382	2735.98229319299	76.7399850677386	49.46884911375762	367.0574594167896	-2185.063952372072	1362.9862854570072	-954.5471395991946	13.754757967844146
?	135.79911465965142	-156.12793512158424	70.14488354505633	-121.47434978277231	344.7636192037726	-822.6562413202097	1528.9378447379215	2229.0224142293846	10.135738910055979
?	134.7664828287345	82.95772931608322	70.6662675785999	87.75091155764517	325.9246473507785	949.5246598100438	1474.437406168478	-1530.163568605868	7.517539127472442
?	139.94700112545564	-2715.3296565746514	74.53242912293865	-236.58187321022814	392.23985219427544	2633.0657868832122	1452.429666307627	3173.1641507164845	14.549656773516926
?	-1	-2818.9400225090726	58.837173918088325	-130.14672582998614	457.577936694941	6833.989302622114	1633.0956137043045	2829.4015464852655	-1.1385381106007555
?	-1	3050.080204939659	68.02509283143925	286.6358632092967	733.939317325386	711.5293392341779	1593.8997436318923	-967.5845280887505	-0.02626258354826676
?	151.5040102469851	2928.2676980441815	73.16896707855337	152.78124815039928	493.1544036566504	-8229.4262342081	1584.7163872998663	-2908.6300885876103	5.357566277479069
?	145.41338490221116	-69.31745281191029	75.66415523895932	62.66325586852272	322.4680056149752	-3601.4219057557557	1448.4682392025097	-6434.1123984468995	16.002925310144825
?	148.03813760638954	-30.709699170796075	76.30212987197955	-61.52598149341143	313.08330836886006	-869.9074645736426	1263.0107673775167	-2932.301009701231	18.378656194026398
?	143.87789994367134	-127.05526389588148	72.58785616428871	-61.420416107974326	278.97263238629245	1105.151189132695	1301.853188717446	-1706.8283557211664	14.325973150909487
?	141.68537441159538	-0.45312197526072207	73.23110906658079	108.45548369049811	368.3408678254956	2670.6891408724728	1177.6693495914571	-5848.961904888239	14.716978939624235
?	143.8552438449083	-81.80116319279304	78.01063034881369	69.19019311549009	412.507089429918	2566.486493400806	1009.40509347303	5924.393870795513	16.574812685857925
?	137.59531625195567	-261.9391953939609	76.69061872235534	-136.09794140884338	496.6651924955377	-102.28896256870567	1473.889043131237	14206.391031589725	9.028750449288026
?	130.75828407521007	-175.04689295643834	71.20573327837143	-68.41343786109366	407.3926413014826	603.0379297980784	1719.7246450525263	4563.34442409568	5.868559241212147
?	128.84297160413362	-48.33939084719804	73.26994682930061	-4.506459908704919	526.8170889854421	3396.103810406409	1702.0562643360242	-6376.1404940637885	10.208468436360874
?	128.34131453285013	53.01279554121304	70.98041028293618	-84.36538097112782	577.1978318218055	-823.4653476747016	1400.9176203493323	-3769.526716760962	11.137124716744898
?	131.4936113811943	274.60548563425965	69.05167778074416	2.4579780375571763	485.6438216017064	-4379.894487821462	1513.5799284979735	10850.534748849865	8.32158068641301
?	142.0715888145633	562.0492192785525	71.10330918481404	58.579762911374495	358.2031074307293	-3294.6074428650263	1943.4443577918332	5464.85676019603	10.622370702550048
?	159.59607234512234	773.2884426684954	71.98066592631292	86.87491827872027	320.91344945845276	208.24999715767876	1786.8227665077789	-3257.190935749485	11.530456528384965
?	180.73601094798863	446.56403818562285	75.44705509875011	11.557090589962634	368.6156072886134	520.3917745883229	1780.5848110043567	-3211.6871433580764	12.988685420789285
?	181.9242742544038	13.557880715789942	72.55852045581106	-334.0904931254605	346.9330381878693	-20.846705912573203	1626.2384093398728	-5622.362339635744	13.103372436868023
?	181.41390498377814	-722.9813947567249	58.74253044247685	8.104322678878928	367.5732719929847	3303.726228158725	1499.4666940225654	-6739.028986336693	-1
?	145.77520451656704	-869.328101367188	72.96373658975502	118.23863246597259	512.1193495958079	2739.889611478876	1289.2869600230333	-6205.794198157394	7.39243244341056
?	137.94749991541812	-2935.5040903312993	64.65446206577556	-320.76987993242466	504.56775256693044	75.65081503200764	1189.1769841146913	3771.8601935512206	10.44563591116233
?	-1	481.85571365808755	56.925242593133554	-13.492328257771028	515.9018903474083	1161.875054412208	1477.879969700597	419.12133497038525	-1
?	162.04028559832284	3204.9782558018414	63.979845652887	419.3779710153375	562.6615052875417	-2537.5578612708923	1210.1330508632109	-11379.188433800131	2.661586050861979
?	159.24891279009435	58.7437581898948	77.89414114390073	209.77552005271633	389.0239972838619	-5421.683548622838	908.9205480105824	606.654116639766	14.960279851362586
?	164.97747350781762	-150.10197643106963	74.46862165552297	-281.01128231123226	291.5773278563959	-1799.1606096204073	1240.4657566951996	12866.276871402062	15.810386285886159
?	151.74381396854076	-3319.5494701563052	63.84357702833891	-334.7503774753364	299.06596680284025	1613.6641218436737	1552.2343915806946	9291.775139756237	14.110699100189693
?	-1	-3034.876279370772	57.73110278175591	-1276.8715405667601	372.26053394858076	-5981.31933605672	1705.054513683018	-31044.68783161345	-1
