rowLabel	avP	dP	avI	dI	f1	dF1	f2	dF2	h
?	93.95429883019806	1790.5610075900183	71.45081862846148	1408.2289999084678	617.2337327820717	13060.465327555854	1156.7254922267637	23926.407791732825	9.947652213104755
?	89.52805037950093	-243.59090769796694	70.4114499954234	-69.7313133152204	653.0232663777928	803.3127525760915	1196.3203895866413	1182.4932653652786	11.21534749165632
?	81.77475344529971	-269.0491310623695	67.96425296270046	-132.98616345594832	657.3993704108763	247.63021008449405	1215.8501554950276	100.76603383719427	9.100634058371975
?	76.07559382638245	-1655.4950689059945	63.76214182262598	-272.48376786421125	665.4047768820175	-1252.444353930173	1201.358691278501	8251.202750651835	-1.1625334431256906
?	-1	-1541.5118765276493	54.3400645694899	-234.25963947836883	594.7771527143676	-3667.768610567925	1628.4102930276192	7474.6342715142755	-1
?	-1	0	52.04915984870754	15.807594305192655	482.01634635362126	-2167.9702246505467	1575.0904048542147	-3068.030534592231	-1
?	-1	0	55.13044428474953	90.48418553216679	486.3786414818403	-325.11089230985255	1475.0087662980077	-1380.6869450266552	-1
?	-1	2066.223410724361	56.57336912531588	105.51786687093542	465.76080173812863	-487.7432801627357	1506.056057602882	-3760.871352730929	-1
?	102.31117053621804	1867.5066136884018	60.4063376282963	231.5941523651174	461.9914774737035	-842.0784656165179	1286.9651986614613	-7110.322586579579	4.404845556210914
?	92.37533068442006	-274.56625775211	68.15307674357175	77.3327645611903	423.65687845730275	2483.9468453847285	1150.5399282739031	5661.9734149096585	8.414911311024849
?	88.58285764861255	409.5402586198062	64.27297585635581	125.44234914269043	586.1888197429399	347.5878698974495	1570.0638694069441	2822.6799416471085	4.46172957340881
?	112.85234361541039	866.4149160496176	74.42519420070627	160.75623380892225	441.03627195217524	-2868.7145577845727	1291.6739253562587	-7134.4959151331095	7.46401187242235
?	131.90360345109346	-2277.046872308206	72.31078754680193	-429.9751257777766	442.75309185371117	96.1442152708536	1213.3390736502884	-2359.9358190685894	7.832374766746124
?	-1	-74.25753087540265	52.92643791181742	-48.4551889611421	445.8434827157179	4211.102082767079	1173.677134402829	5961.210458024042	-1
?	128.19072690732332	2261.974085501414	69.88802809874483	331.3322146688425	653.3081959920653	1347.4776303352905	1511.3995965514907	-2526.0755615484254	2.5097939805330767
?	112.0987042750708	-424.94098519245557	69.49304864525956	-149.71067831623245	513.2173642324825	-4418.739559236561	1047.3733563254077	-2831.3634755183984	8.171870971110659
?	106.94367764770053	96.92976757092274	62.4024941829332	-8.826970918138663	432.37121803023706	-3042.06332187647	1369.8314227755707	19669.581554398337	6.1599902519936665
?	116.94519265361694	152.7052687611588	69.05170009935263	-115.31008114188727	361.1141981386589	-823.9883085021102	2030.8524340453255	6455.983557906619	9.321374895806196
?	114.57894108575847	-2358.903853072337	56.63699012583883	-298.9471302190465	391.1718026051315	2105.8726164702002	1692.630600670902	-12066.485218620577	3.377225451120242
?	-1	-277.12565797890596	54.10434358840029	74.39337278394201	466.407828962169	2644.79289703929	1427.5281731142961	-2964.7335510431817	-1
?	100.72265818681319	2031.9500854559938	60.356658765035924	372.0558475246501	523.4114474570959	-496.14284265994183	1544.393923118743	6455.784554422479	3.2614376580646125
?	100.59750427279978	-203.90166515078687	72.70713596463281	154.08579812670325	441.6006868291719	-1783.8661793823867	1750.3174008354204	5789.659650062503	10.976987777841167
?	90.52757492927384	-233.89777244840283	68.0609486713711	-265.57954498195846	434.21813848797643	-300.9513834612696	1833.8769056218684	-5506.291469725579	12.373646409435185
?	88.90261565037963	6746.103058520764	59.42815871553488	-234.39294353681555	426.5531176561084	286.98797784372096	1475.0028273491412	-6671.674930964935	4.731007914710151
?	427.8327278553123	2778.9570804749183	56.341301494530306	-69.50497969868417	448.5675373801625	67.77114583404904	1500.2931590736214	-5369.435418784856	-1
?	227.85046967412566	-6139.322232496155	55.952909730600666	-39.57708154420171	429.94167494781084	-768.3845365608299	1206.5310564098982	-7722.791313611476	-1
?	120.86661623050426	-4577.009393482509	54.36244741732022	-11.695124265670945	410.14831055212096	290.8842736700578	1114.1535933930472	3302.101817597306	-1
?	-1	-677.2380760683728	55.36815351731712	258.65041787319046	444.48588863131374	924.6938017058941	1371.6361472897636	-5649.4835374568165	-1
?	87.0047124270856	1872.2213742103463	67.29496831097976	303.24103279082766	456.3830006374157	780.0130067522575	831.6794165202061	-5075.271714941796	3.5171546618476373
?	92.6110687105174	58.026239142810375	70.53020515685851	98.65818184942177	483.48653896892665	2808.7302334773094	1117.8725615426736	7809.599371517194	6.232419102791136
?	89.90602438422611	169.18037324553765	72.22787740345085	146.90940567888035	596.8195123112813	2323.572497215464	1222.1593850960662	-3828.512666040225	8.06183255244528
?	101.07008737279429	588.1849807465187	77.87567544080254	6.3788120251913885	599.6651638297	-1468.6163529663017	926.4469282406622	-1540.973103395921	9.566984213761115
?	119.31527342155208	339.1281030809134	72.54681800471042	-229.78532105763358	523.3886946629662	-4833.4056450887465	1145.11072992627	8523.698082526	7.749898971527484
?	118.02649252683997	-78.07923743733731	66.38640938792085	15.225603746161468	357.9948815752624	1464.5386507397425	1352.6318323669625	5203.705651806481	9.537081856962363
?	115.41131154968521	-187.52436502295592	73.30809819201849	44.38386343166765	596.6156271999533	4798.914533898458	1405.2960125165944	1103.5932249301677	5.610144715946271
?	108.65027427569217	-187.47969743802867	68.60560255950423	-421.1765404958459	597.9406082701855	-1454.0406890809945	1407.811493613471	-1291.706293285273	12.271450386742819
?	106.03732667778377	-2193.0054855138414	52.249271167226176	-291.1724967794902	523.9135927459035	204.1462831548709	1340.7106978523307	2078.5030560118576	-1
?	-1	111.06509179976986	54.04697772052971	425.1200929263539	608.1479224279291	-809.9638015870396	1511.736646414064	6544.3771395328795	-1
?	111.59058126777227	2139.7071712754864	73.50527581354389	366.1824746708788	483.41540266655153	-2063.8971734874726	1667.929554828975	5412.553555654608	7.660266656796874
?	105.98535856377443	-225.57357970248	72.35610145407367	-31.229485668399203	504.95306375355534	508.58628556825306	1782.3643241967945	727.3356614989942	15.850476704565262
?	100.3119022826483	-357.56190994552935	71.94380153012394	-101.22990552147492	508.8447169449641	741.3932112983085	1704.2963379039245	-8822.698189351808	12.40272264757123
?	88.10726306649802	-397.22191204326947	67.29460617799994	-249.80105986837546	542.0227243184706	1513.786212902032	1341.2294147292057	-11484.44181006188	8.77828588850777
?	80.4508066804849	-57.60779884659335	59.453748536705206	-66.83935757291603	584.5340275900654	-1530.6378679382792	1130.0742474008325	-7291.11274275641	6.513130657017052
?	85.22687312416836	122.2456231883409	63.95263829935415	58.68721466346549	465.49083092155695	-3449.5892551210895	976.6737775913865	-1846.1642872711966	-0.273302280963775
?	86.56308783990193	85.6989940034481	62.38810926987847	22.8911024444765	412.05456483401156	-1582.5501019644798	1037.766033037273	1668.3829935029362	10.464226669167157
?	89.51182282434075	11.00057909735828	65.09719342157797	-19.21499671995029	386.36332582333324	826.0207595663878	1060.092927266533	7107.791566726026	10.42167197814392
?	87.11311679476984	5676.22610455033	61.42735943388096	-110.10281703287458	453.3556028123308	1740.3848890161491	1393.155611373573	6366.305939097401	9.059595093902273
?	373.32312805185626	954.887913892054	59.59205256993426	224.90475699277633	473.3825702741404	-1.6575763104071999	1378.408224221402	-10598.583009935925	-2.0553678952890504
?	134.85751248937237	-5288.347752195583	72.67259728351974	307.92809890777346	453.27272399681044	370.28857512427993	863.2264608767787	-12381.828969274015	8.37772411097869
?	108.90574044207807	-408.3351356386553	74.98845751532288	4.880227057036581	491.8969990303543	335.2255662825417	759.3167757577035	-4147.77555287444	12.988665443934599
?	114.44075570743968	-123.52965739130853	72.91660863637156	-41.61055394580317	470.03400231093747	-1060.6039158834567	655.8376832330574	2556.788867792093	15.715182296962315
?	102.72925757251267	-498.59046652922564	72.90792981803273	-267.4668806132412	438.8668032361817	243.72765065163634	887.1562191473076	12610.64746661024	6.8157512819414645
?	89.51123238097848	-2074.5851514502606	59.54326460570955	-276.9688155634601	482.22038484351924	2433.2192264598525	1286.3700565635672	12992.706875138247	1.8915886720706097
?	-1	-1810.2246476195762	59.05948903985977	-12.421388368530915	560.5277645591739	3387.9188737142663	1536.7915629042177	631.1211068437001	2.448565629639088
?	-1	0	58.92219518728301	-3.1646440699886225	651.616328529232	2642.6096594844016	1317.9261119057521	-1646.1088998470145	-1
?	-1	0	58.90125683636034	-40.44562248118794	692.6582475333935	-690.5247869140569	1454.4861179118673	-179.2373110117075	-1
?	-1	0	56.89991406322362	-81.47798945395238	617.0900891835292	-2247.2638535811748	1308.9642463551668	-5427.073878404204	-1
?	-1	0	54.827357363662735	-82.14294926891101	580.2950548543352	-762.4045029525705	1183.132423991658	-1139.909072037562	-1
?	-1	0	52.79276659977808	-65.84999899120129	578.9698640359009	-228.7811047531258	1251.9687927532889	3399.3288995802445	-1
?	-1	0	51.53485741410268	-45.89001733340597	568.8559996166789	-607.3826152691116	1353.0988689706696	56.4010715087945	-1
?	-1	0	50.49826573310779	43.905657992381336	548.6007332724454	-1020.5028056302526	1254.7888463287286	-1482.7908508970957	-1
?	-1	1585.569850698518	53.73014031372174	129.10331760799582	517.8308593351665	-2183.072083800349	1278.959326425815	5062.943566185772	-1
?	78.27849253492562	1976.3497013924728	56.95343161350756	264.2693169516334	439.4471290824283	-3904.7260730516728	1507.9360246380163	13214.745595466444	-1
?	97.81748506962329	459.8916833226874	66.94360616130336	289.25289056670056	322.5945556825835	-2468.577156460303	1939.696606199135	8732.115111765574	12.121333493257701
?	101.2730767010599	-39.647936042567125	71.41607614184254	24.97694471488538	316.0182712594136	-136.40464261739842	1944.5417802262934	-3817.059631586112	13.125218303857247
?	95.83508826749494	-298.87252044999735	68.19245339704763	-137.74062477255134	315.7743235517136	7594.609432026291	1748.84362461983	-3272.754898939391	13.733668120764525
?	86.3294506785601	76.86032361717507	64.529044903215	20.362181377096604	695.7487428607268	4251.20988453836	1780.9040352793245	-2900.1155311880498	-0.13421334458902875
?	99.67810444835368	238.71586920529694	69.21056246590246	238.6139605371477	528.3348177786309	-1748.4377338752658	1603.837848060428	-6368.105393741794	7.1242167297204695
?	98.2652441388249	-124.94559358618902	76.45974293007234	-10.60391118169637	608.3268561669638	-1553.25770268725	1462.498765592236	-4240.165771325171	11.907856055906398
?	93.43082476904425	50.5124279492718	68.68036690681764	-68.56926696700522	450.6719326442686	-2901.3152089384234	1391.8295594941703	3923.0230421798574	9.404017637192174
?	100.79086553628848	-2.552986347560031	73.03127958172209	-30.508848360934845	463.26109572004316	-1804.3710585348613	1658.649917701228	1293.2600620136236	13.37364332544021
?	93.30317545166625	-337.281534243401	67.1549244887709	-212.08050391809755	360.4533797175259	-2237.5849118810015	1456.4925625948513	-7181.135425879923	6.480783251311921
?	83.92678882411849	133.70720274677032	62.42725438581725	129.7105159330032	351.3818501259935	1382.051698644214	1299.5931464072332	-279.69624766758085	4.014158113989778
?	99.98853558900474	278.4117383978933	73.64045028542104	124.47196305173365	429.5559646497363	2471.377312061496	1442.5077502114723	-7172.858066481968	6.120512384274479
?	97.8473757440131	54.284228896139744	68.65085253840391	-1.8567222792430083	474.95071572906784	3037.5674179066273	940.9502430831361	-8622.460381474768	8.89806648206458
?	102.70274703381172	-80.39779400025054	73.54761417145889	5.388197050677965	581.4343355450671	3005.4039671615888	1011.3847311377355	2487.2730326993287	6.640628033309656
?	93.8274860440006	2121.448328433655	68.92026239093781	-195.56654048245986	625.2209140871468	-3030.1594791209454	1065.3138947181021	6846.422871040894	9.007444557208588
?	208.7751634554941	6403.24750283518	63.76928714733593	-110.91967595938738	429.9263615890204	-3567.0773184488985	1353.705874689779	6019.535044088101	1.1901143906484144
?	413.98986118575846	-4195.503269109897	63.37427859296846	-128.95061015867032	446.86704816470245	2329.6439435836273	1366.290646922506	1999.8186076776417	2.2201532187568387
?	-1	-5936.260528440372	57.32175663940244	-12.607584697549514	546.4085587682014	4315.725919832369	1453.6968050736607	1463.698826754249	-1
?	117.17683476374091	2333.444767239719	62.743899358090985	336.52078907672495	662.6533441563201	-764.5556895014288	1439.4755882602183	5340.154253832071	-0.4350963604088121
?	115.67223836198553	-151.1358716582532	74.14779609323863	-84.40216725905331	508.18077429313007	-4285.726718936579	1720.7045177652633	3625.223555949341	5.56532395302859
?	109.62004118082828	-2333.444767239719	58.523790995138334	-398.2866050150356	448.3670082094919	3526.229953812357	1620.7367660576847	-8319.468622351044	3.226372154262829
?	-1	-81.08442292435058	54.233465842486915	265.78625829358737	684.4922719837473	355.21494257295797	1304.7310866477126	-10317.072062690504	-1
?	105.56582003461077	1904.0987483532015	71.81310390981766	251.8749547664085	466.12775533813976	-5269.57648702925	1104.8831629231613	2173.1939461549914	10.538899167221143
?	94.20493741765974	-2131.316400692223	66.8272135808073	-188.3248330444135	421.01344763228576	3692.186214794876	1413.3907839554618	14450.988089145918	11.604571183749398
?	-1	-1904.0987483532015	62.396862257597014	-49.10619500350197	650.7370660778829	6670.820530289949	1827.4325673804547	10396.830633526233	-1
?	-1	2259.926955623263	64.3719038306322	175.61497784531602	754.554474146782	-3742.655990852615	1933.2323156317716	-5231.642354896826	1.2513804765111995
?	111.99634778116274	2202.3557827010804	71.17761114986278	145.79002202222165	463.6042665352528	-4861.175712029104	1565.8504496356143	-13966.9945742797	6.6219792891048925
?	109.11778913505363	-284.7480337647848	71.66140493174326	-171.68182791968934	511.49568854532765	2929.559086682829	1234.882586917789	-6065.553303928686	12.07194959527985
?	97.75894609292355	-2202.3557827010804	62.59351975387835	-195.19309380215103	610.0822208693937	6410.659847919828	1262.572784439181	13292.210288945622	7.953904188060148
?	-1	72.74204158281205	61.901750241635746	60.91529677854716	832.0286809413179	531.5846676529483	1899.4931013650678	2607.692732839864	-1
?	101.39604817206414	2030.416581888695	65.6392845928057	120.1753471688653	636.661454252041	-6581.855688749208	1392.9574210811738	-8990.214258750199	8.806691769915176
?	100.52082909443439	2977.2225550227304	67.91051760007899	-105.76247107139375	502.9358965038587	255.0021366396286	1449.9823884275595	6664.000490526888	9.153172469342252
?	250.25717592320012	2926.201651892504	60.351161039236025	-187.7863370678437	649.4115610840224	2214.9547802703637	1726.157445607517	6168.527500527588	-0.3956536419232718
?	246.83091168905906	-3137.534499347697	58.52120074668684	151.51293358593063	613.6836355173765	-4855.527213982368	1758.4087634539378	1530.3471084619387	-1
?	93.38045095581585	-3258.0718508105033	67.92680771853253	186.23415591851904	406.63520038490486	-4501.4226956012935	1802.6748010306137	-6283.427042441335	3.1199279994733335
?	83.92731914853447	-264.7788434636497	67.83290854261276	34.66592278923441	388.61250073731264	2430.9163218950384	1444.2374113318722	-15508.374672603619	7.042528667267019
?	80.14150878263341	-151.3217791974952	69.66010385799424	-220.1545896740961	528.1810164796564	853.6705193910492	1027.2560674004355	-2055.6681621541775	7.568856035559577
?	76.36123018865973	286.98363154197284	56.82517905890799	39.48190133634185	431.29602670686495	1719.8601320110076	1341.4540032241637	2662.273580474976	-5.187933727194042
?	94.490690359732	440.25633933651864	71.63419892481133	242.49950186405187	614.1740230802064	4052.614225186702	1160.3697464241839	-3769.801075035784	6.347699070758984
?	98.37404715548558	113.48121698392998	68.95015415211054	-326.6553031404213	633.9267379661993	1034.2058702399631	1152.9639494723751	7587.852169095486	8.09870556512698
?	100.16475120892848	-1987.4809431097187	55.30143376779032	-313.4172482638141	665.8843165922044	587.8051405843755	1539.7623548789568	12116.340610043597	-1
?	-1	-262.67860372746276	53.279291738919895	126.32847095515632	663.316994995418	-1938.2626378405303	1758.7809799745528	-201.13994847552547	-1
?	87.03082102255539	1549.897285378612	61.617857315548115	237.50083141629403	568.9711847001782	-3162.1752994455833	1529.7053574551805	-2725.468907414261	7.411092285575761
?	76.49486426893033	-1760.616420451114	65.15433330973455	-177.57867851099311	505.2082300231394	1876.8453714184736	1622.5075346038402	-3957.670339838028	-0.4062665369032601
?	-1	-1549.897285378612	52.73892338999849	-399.07858207622195	662.8134532711016	2051.967405762575	1331.8218404632798	-8337.025747663267	-1
?	-1	0	45.200404205923526	-84.6733086847715	607.8066003112677	-5775.958376305631	1205.6562472206783	5940.308893793847	-1
?	-1	0	48.50525795575993	145.92079348736073	374.01553445582107	-4957.972418878336	1628.8372851529712	10591.181096811662	-1
?	-1	5991.578152909099	52.49644388029154	170.2235699484476	359.90797936735186	-55.3962468524721	1735.2153020612595	1543.0245761600063	-1
?	298.5789076454539	5971.484369918924	57.01643645318228	3.252206779202152	371.2457221131975	2358.257692777209	1705.9885139609712	-559.148070226881	-1
?	297.57421849594516	-5991.578152909099	52.659054219251644	-81.66452321833418	477.8208640062119	3128.590585020123	1707.2578985499156	-3043.4804153080922	-1
?	-1	-5971.484369918924	52.933210292265585	-31.721644583654268	527.6752513642031	1169.8349420669247	1553.8144931955671	-2019.7723041154886	-1
?	-1	0	51.072971990068936	-19.965477007841557	536.3126111095579	-1533.8298541055972	1606.2692833441415	1418.8337322072725	-1
?	-1	0	51.93493644187351	79.00487436407559	450.9837586589235	-1307.6691827299737	1624.7561798059305	-2242.696500223573	-1
?	-1	1818.2382166710256	55.0232157082727	344.70139110356024	470.92915197305945	661.9304756350017	1494.1344583329633	-11182.734454599638	-1
?	89.91191083355096	1739.1214043872576	69.17000599705146	-2.0665327276499643	484.08028244067344	1331.7329842221263	1065.6194570759505	-6826.763315208393	8.127540013495128
?	85.95607021936257	148.87431497408753	54.9198890718902	-171.97185695043092	537.5158011841655	1396.3581489455912	1152.7962925725449	6578.957206013671	-1
?	97.35562658225531	216.50650681534123	60.571413149529945	366.0094268278621	553.8981898879528	-1028.584768640916	1394.567317376633	5383.992106584252	-1
?	96.7813955601296	-113.0040185789407	73.22036041328325	262.09282701782206	486.0865627521199	410.91902080681314	1421.9958979017565	-5522.637784820142	6.347736313544258
?	91.7054256533083	-78.6184840344805	73.676054500421	-162.7729416503783	574.4441409282933	-1782.4526296747224	1118.4354281356268	-5774.952171042408	10.516924415462402
?	92.85047135840559	187.47313567603706	65.08171333076436	21.543344943995997	396.9639312683841	-2889.543058878546	1133.2482893496372	10648.92968451809	2.569316056527089
?	101.07908243711012	134.71229343509427	74.7532217476208	-110.75388440864839	429.96698798436654	413.6499776464635	1650.8819123615294	13455.168116807115	5.727828400132287
?	99.58608603016027	-2041.5816487422096	59.54401911033196	-322.6460773999931	417.6464301507072	2831.993498769584	1806.0066951899905	2625.6239746572605	6.2210642882356755
?	-1	122.83779877344175	58.6209178776212	237.5737991593499	571.5666629228452	1999.0953006762552	1782.163111094392	-5471.527827587016	-1
?	105.72797596883234	1951.0566549723483	71.42270906829941	198.3848980820332	517.6011951845196	2104.2074900282664	1532.4303038106407	-7627.814330680935	4.809089888788621
?	96.55283274861706	-273.3295008244941	68.54016278172283	-133.26702084694907	676.7770374242582	1662.4149618287256	1400.7723945603466	-3893.6243048886945	11.235812434248441
?	92.06150092760768	-17.502569676184187	64.75935802595198	68.62053451498379	600.7219432759556	1380.6629964110793	1337.7490885662066	-781.310803133113	8.949300721251872
?	95.67770426480786	10.129711245870148	71.971189507472	-4.184404409056428	745.8101872448119	72.00853365970968	1361.706854403691	2241.9053210132906	14.81013292333964
?	92.56798648990119	-200.23251645370308	64.55013780549916	-256.6499253017381	604.3223699589411	-1623.1942765522388	1449.8443546168708	8936.793714943151	11.466927427796948
?	85.66607844212274	-1871.3597297980305	59.138693242385145	-6.069609984991779	664.6504734172003	2317.9560281486797	1808.546540150847	7584.57476320958	-1
?	-1	199.63779857449722	64.24665730624957	152.4994138321031	720.2201713663746	-1196.5359442128145	1829.0730927773484	484.0254554271286	1.6466750192697484
?	95.64796837084757	1929.4018954016437	66.76366393399027	193.43875174569672	604.8236762065598	-5229.611874391279	1832.7478129222034	-6939.634231231896	4.157593807749444
?	95.47009477008184	12.598812084604036	73.91859489353438	89.73087125220505	458.7395776468116	-182.62229043858562	1482.0913812157548	-15895.714677904196	4.857154279487443
?	96.27790897507776	-59.39623363740047	71.25020749660051	-127.59672089847885	595.6925616846305	3720.7448460536157	1037.9620790269964	-12436.057372284802	10.892949014804085
?	92.50028308821183	-122.13581590551131	67.53875884861046	-321.9470835135623	644.7768199494917	-2040.8930337308634	860.2885126015169	7355.685341475868	12.578234043187102
?	90.17111817980222	-1870.0056617642433	55.15285332092245	-302.2834703507788	493.6479099980877	-4280.530393177644	1405.7463461007885	8486.560705093329	-1
?	-1	-1823.422363596051	52.42458533107157	-57.690474178709856	430.75030029061026	-424.0220818398579	1284.6165478561818	141.5112500471701	-1
?	-1	0	52.26832961198697	10.10854528191917	472.4468059060949	-1184.0501549787948	1412.821908603147	4392.3001356939785	-1
?	-1	0	52.930012595167526	-21.68863893338405	371.54779254167073	-2774.9413978791445	1504.23155464088	3779.5781321639515	-1
?	-1	2240.643963879878	51.18389766531777	-12.477797258650059	333.69973601213815	1278.4618963875096	1601.800815211344	742.1493662872834	-1
?	111.0321981939935	2118.634725001371	52.306122732235025	239.42812073793718	435.470887361046	2135.8477413134447	1541.339022955244	-9040.154444419064	-1
?	104.93173625006817	-247.03211215531698	63.15530370221459	480.24171199868476	440.49212307781	2508.032135749671	1149.7930929903923	-6679.0076634665875	4.882363429246477
?	98.68059258622769	-216.29031882324105	76.31820833216918	-18.501297379464102	560.8724941485291	54.01491090478563	1207.3886397819158	6408.143096176718	5.930437855814423
?	94.11722030890616	15.675377127967122	62.23023883324139	-367.6607317475401	443.19286862304926	-1559.6258903863575	1470.200247799227	6099.927252847255	2.42007296248625
?	99.46436144262604	-46.128444909123395	57.935171744792235	205.5128844397534	482.8911996292115	712.7100801502345	1512.3850024242774	3508.123575739554	-1.782422003137127
?	91.81079806345	-314.75804755300516	72.50588305522902	-53.932842287567745	478.82837263056086	691.832792540953	1645.6064265862042	-953.3596867986114	7.123958273373449
?	83.72645906497584	-1856.2159612690066	55.23852963041386	-285.8308957658406	517.482839256259	2950.4821134242165	1464.717018084347	-3255.8702423644013	-1
?	-1	-1694.5291812995229	58.21433826693704	106.53509300453176	626.3524783017712	3657.135138636165	1482.8129144679847	-1976.2123320685012	-1
?	-1	1959.8735721417174	60.56528428064043	326.0235029855038	700.3395961880666	-1318.083456286893	1365.9064014809223	-7959.988714261191	2.614676238951981
?	96.99367860708553	1917.7165008051204	74.51551341621217	-50.76209039030264	560.4483054874268	-4733.46233646327	1084.8134787549266	246.87670554957637	8.296253064551848
?	94.88582504025568	-1959.8735721417174	58.0271797611253	-372.5706863305014	463.6664793649039	2272.726908526178	1378.2502367584011	8863.032071092694	5.9798949390871154
?	-1	73.06129658774094	55.88697909968717	145.6399796889	674.0846509137352	-370.1912239569312	1527.9650823095596	-3119.834343655145	-1
?	98.53888986964272	1763.8295273577091	65.30917874557028	81.18822575421802	445.1569181670574	-6530.856739372073	1222.2585195756444	-11286.053200018769	7.976851399152488
?	87.19147636788514	-65.5869724117195	59.946390387398054	-93.57854047161159	347.54181394513273	-2319.798652309011	963.6624223086233	-2466.128597083752	-1
?	95.25954124905675	282.82954387069327	60.630251721989715	246.12685411079727	329.1669855516073	313.13965724892796	1098.9520897214572	13410.236039257963	12.451076051703375
?	101.33295356141976	20.855504205214363	72.25273309293787	-24.75753405847721	363.1987968075791	1667.9295797852617	1634.174224271519	5270.221438185059	12.02792681739343
?	96.30231645931747	-2046.6590712284024	59.39237501906586	-253.39044864315588	412.5634645408701	4712.117773008854	1362.4631616307092	-8687.562614203074	12.441406319668696
?	-1	-60.46349691108354	59.583210660780125	261.83876425017496	598.8046854580209	1648.8735572461158	1199.796093561367	-7605.109868133779	-2.3385771420895303
?	93.2791416137633	2041.0741888879145	72.48431323157456	265.809167931077	495.0071424031756	-2098.290888616653	982.2076682240216	-5336.470831440482	7.948761762317479
?	101.05370944439537	157.21076311099043	72.87366905733393	-219.54749170813585	493.89014102718863	-1285.674695516875	932.9725519893437	8836.465320998896	15.165048818408659
?	101.13967976931293	-2041.0741888878783	61.50693864616761	-273.4520726729478	430.7234076273309	3413.580944322438	1424.0309342739727	13657.59265403547	9.27760326226904
?	-1	-2042.7935953862298	59.201065423686345	43.14647292543337	664.569188243313	6819.530072077232	1615.852184691127	-3340.8762835102225	3.5744932928874222
?	-1	2166.29499117471	63.66426229243931	187.08970752263883	771.6999112311974	-2326.9695733157923	1256.9871200984592	-8927.519046579642	-9.080351491178035
?	107.31474955873705	2087.7023340058663	68.55555079981842	240.83523311925475	548.2207095775217	-5759.743343027197	1169.4762323621385	-1048.0373842391496	9.360802525623427
?	103.38511670029479	-100.81876127808043	75.70602394840222	93.34849530230723	483.71274407983344	-1850.1592706699134	1204.585250886501	2335.239406718441	15.376398474027138
?	102.27381149483296	-190.53602923492818	73.22297556493385	-179.23498851838673	455.7127460440247	-229.03514562996307	1286.2382026980622	2630.9061384128872	19.980220591261215
?	93.85831523854824	-332.3336603539094	66.74427452248276	-347.2973797004264	472.2609867983351	1039.916583746301	1336.1305578071472	1381.1448582353646	8.785826087002697
?	85.65712847713725	-1897.1663047709378	55.85810657991228	-257.01849338653307	507.7085752313405	747.9664105587923	1355.2954456098314	-861.8354027990031	-1
?	-1	-1733.1425695427204	53.89334985315592	-66.56094625274339	509.65930732627527	-1241.9021408237545	1293.0387876671964	2632.3330522075494	-1
?	-1	1824.1573405808363	52.530059267275064	52.28533648522113	445.6134681901519	-559.2538196582859	1486.9120982202107	6297.857507981582	-1
?	90.20786702904312	1782.519923797015	56.50761667741701	276.99928874379486	481.6966163433606	-339.4121382325588	1607.93166306628	6967.32034641249	-1
?	88.12599618985202	-109.43704688320894	66.380023704465	257.6272016305656	428.6428612785237	-1326.721041851909	1835.2781155408402	6019.575077569308	10.136692279080021
?	84.73601468488259	-115.24243983716907	69.38897675894548	67.25958956595027	415.3605642507642	-139.8918582510592	1908.9104169447496	750.9427242151226	13.401590691742578
?	82.36387419799348	-101.92775991999522	69.74300318276256	-16.941549804310554	421.64826836597064	309.0664611441186	1872.8252517515969	-679.7977988959968	12.824124516175297
?	79.63962668888276	-53.544515503508116	68.54189926872994	-46.310187041649634	430.81388730797033	532.616538186035	1874.9205269999493	-894.7377692657265	11.96857215425797
?	79.68664842281804	16.490653833753633	67.42749383068005	-89.8626405534607	448.27909527527277	2279.6942472833352	1828.08836328831	-3912.0121455980134	6.623466212122172
?	80.46415938057045	153.53542979104085	64.04876724105684	23.094622530444965	544.7985996721387	3814.8618775343975	1679.3199197200458	-6865.160259175466	0.561406998127765
?	87.36341991237019	216.88054131292978	68.58222495720231	112.59221408200015	639.0221891519954	-321.65227179820704	1484.8303503295317	-5394.395418334985	8.310357145683346
?	91.30818644621709	135.50181046028973	69.67837794515693	-1.9053098548297682	528.7159860822281	-3832.2093832244445	1409.6001488032928	1387.8284458941591	7.433969635093581
?	94.13851043538477	136.0975221341801	68.48695946446082	-43.30519235331759	447.4117199907704	-114.33811828533246	1554.2217726242407	3318.3369017137675	8.015286377152854
?	98.1130625529262	-1902.7702087076684	67.51311832749101	-229.04360027745284	522.9990801679614	6673.2260287541	1575.5169938889835	963.2714089805813	10.697211115872946
?	-1	-1982.2612510584956	57.03477945058802	-106.72102862680948	781.0730214284802	7590.720166433156	1602.3853430732704	3289.0908068459235	-1
?	-1	2042.8701185409889	62.177066896150464	210.51823499508245	902.5350884896246	-4772.932560289085	1739.971534231282	1290.9806609927634	-1
?	101.1435059270509	1874.2121631605596	67.56069120034229	169.22694463033807	542.4263934140225	-10294.38691419864	1666.9343761229095	-2574.7300844978554	7.393797048958535
?	92.71060815802932	-403.3605172731395	70.63841412766749	-152.16751511644586	387.8157427796853	-1234.5342204743777	1611.2350300063874	-4559.24457822341	5.465030968655485
?	80.97548006339363	-214.25476517913532	59.95231544451989	-291.3467565817383	480.69968239030277	5011.93627257594	1438.9721472117358	-2481.065706900209	-1
?	81.9978698990724	-1639.5096012678493	56.071076298580365	-61.84066601818441	638.4125564084859	3190.2469836422756	1487.1817446613752	7.315112502169437	-1
?	-1	253.9501723396709	56.860282143610625	324.57593374781874	640.2120315724188	-2610.750457536091	1439.3379028368443	-7358.273752401838	-1
?	94.69537851605612	1777.2980344713665	72.29987298597153	165.96774965470848	507.8750335316795	1442.5772371572862	1119.268057041278	4312.995825611259	7.296841310514056
?	87.86490172356959	-1913.9075703210954	65.15866962634617	-155.59077919031245	712.3408934302842	5892.313149346181	1654.9876941174102	14212.64807534366	1.5256778839992362
?	-1	268.6758980603766	64.5203340264558	125.4017852776024	802.4906909989927	-6173.181234183864	1829.9004608084713	732.6253928433184	-0.3198795031274472
?	101.29869662658861	1938.2226962103848	71.42875889022638	-42.16025422617517	403.68183172108655	-1231.0277019345956	1691.6189637595767	-1391.8600518796286	12.525395555155793
?	95.91113481052062	-2045.973932531743	62.41232131514701	-103.75564624784255	740.939305902262	10104.234867787523	1760.3074582144889	4215.106443309936	-1
?	-1	235.86224406821265	66.24097657783418	25.678046438094444	908.8935751104699	-4592.246388493007	1902.3742859250765	3276.710490717727	2.9498380209483734
?	107.70424701393142	1939.2040207088476	63.69622363705175	-39.54087924426546	511.32698647760844	-10972.448088311392	1924.1429827503775	-1430.0219641682568	4.491432727764594
?	95.96020103544376	-322.3174079290464	64.26393261562087	-129.92974742894177	360.2711706948925	3592.9765432274908	1830.8731877166626	-4099.5378620553	10.499782711967796
?	91.58837661747887	-267.62391991050225	57.19973626560457	-173.3935231361752	690.9758136389855	6804.31432165799	1719.1660896476096	-8910.754328283038	-1
?	82.57900503991846	20.36452421040195	55.59425645881199	135.69906723471567	700.4868867777968	-4137.7244611383385	1385.3354713025044	-2265.282534687935	-1
?	92.60660282799898	-1651.5801007983457	63.98468962734045	-1111.885129176224	484.0895905820657	-14009.737735555738	1605.9019629132113	-27706.709426049696	5.5227759859624905
