rowLabel	avP	dP	avI	dI	f1	dF1	f2	dF2	h
?	-1	2898.914881763652	54.127061965112794	1271.8662478262502	451.90517059417175	5957.4626837849655	1751.9588957379399	33094.88503281449	-1
?	144.9457440881826	2772.566270008406	63.59331239131251	108.64065650607529	297.8731341892483	-3457.829839925915	1654.7442516407248	255.46646163172227	7.959467758904618
?	137.6283135004203	-2918.914881763651	59.55909479041656	-194.20229822123454	279.013678597876	-931.153063376935	1764.732218819526	-4426.261939614895	8.808482772608066
?	-1	-2772.5662700084063	53.88319748025078	-67.62390561636552	251.3154810204015	6425.577458073149	1433.43115465998	3402.5501731575705	-1
?	-1	4483.716780627494	56.177899509598284	312.346883436225	600.2925515015334	2990.96121774075	1934.8597274774045	6665.612520607635	5.604452935524909
?	223.18583903137466	4452.239398203114	69.50054165206203	333.11861466309887	400.86354190743896	-3118.5348606040643	1766.7117806903616	2675.015963615138	9.57735787695091
?	221.6119699101557	-379.12447199665684	72.83383024275322	-27.36135535843119	444.3658084713302	-479.9566349304099	2068.6105256581614	-1277.5818487520385	17.648656064390554
?	204.22961543154182	-1209.429717352409	68.13247388414047	-94.26807489915605	376.86571016091847	-1522.9695807500368	1702.8326882527597	-5053.773819621611	10.904651609476556
?	161.14048404253526	-1535.4466024718315	68.12042649779542	-78.10778707629142	368.21732943382835	-1181.606236966742	1815.9218346770808	-1817.4168248568008	9.70748913519807
?	127.45728530795026	-3242.809680850706	64.2270845303259	-267.5065346714782	317.7853983125814	-2372.9034457091825	1611.9618470099197	-10682.254121222442	8.637479393125926
?	-1	-418.6491151313844	54.745099764221514	-112.88167696504492	249.57215714836926	-779.3128506217902	1281.8091286159588	5314.458460744745	-1
?	106.52482955138102	2559.113672873435	58.583000682073646	109.3372860514737	278.81975578149184	7050.153755682066	1877.6847700471571	11942.072287554987	8.459095607557572
?	126.95568364367186	-2150.4965910276183	60.211964066795204	-59.2970137586857	602.0798449324728	11276.121897978197	1878.9127429937087	1070.748078447581	-1
?	-1	-2559.113672873435	55.61814999413936	-132.08683047392643	842.6258506804022	5942.536734325024	1931.2221739695362	5271.196818783665	-1
?	-1	2779.3546201212534	53.60762254309888	96.95218540234995	899.2066816487243	-9293.170470444467	2142.472583932892	1356.1492319887827	-1
?	137.9677310060628	0	60.46575926425686	82.84990273968298	377.9673271581784	-1164.9630539349334	1999.0296355689754	-2132.973430933678	7.700334971829067
?	-1	55.48999117479918	57.75011768008303	-39.779658941000626	840.9585289519775	4408.150647130771	2035.8239123862081	-1936.7605763558622	-1
?	140.74223056480275	2768.0574730440353	58.47677631720683	175.20054496306727	598.3748595147172	-9730.068915265454	1902.1916067511822	-16581.480736026646	4.680363369950627
?	137.4028736522019	-163.06695924192738	66.5101449282364	52.900188765034194	354.4550831887044	-5306.757847357808	1206.749875584875	-8104.448731098393	11.111281311919232
?	132.58888260270638	-2768.0574730440417	61.12178575545854	-236.86050803138403	333.03696714682656	5104.81736488002	1496.9691701962622	10677.319756509993	11.661783150213589
?	-1	-2671.777652054125	54.667119526667214	-119.12417213493318	609.6959514327051	5644.866907818693	1740.615863410374	370.2663343674109	-1
?	-1	2882.6986638183284	55.165577148711876	155.99707974538362	615.2803125377615	-1142.3801275737846	1515.4824869146328	-4745.447237108938	-1
?	143.13493319091654	2785.86871800944	62.4669735139364	101.36232856037515	552.5769450540158	-3338.5982504543986	1503.343501554927	-1181.8784398144442	6.8383384054787735
?	138.2934359004721	-2882.6986638183284	60.23369357673064	-193.62531770443465	448.3504000150414	-826.0034868144969	1456.3885649239105	1868.538208934004	12.199350830329603
?	-1	71.2133660662459	52.78570762871466	70.6193017330852	511.27677071329094	-388.62138150851786	1596.7704120016272	10716.963559189247	-1
?	141.8541042037844	2662.6406767235762	63.7646586633849	175.29343721113136	428.91933093961546	284.8916493410477	1992.2367428833734	8842.116706635294	9.048203562842042
?	132.13203383617892	-120.14968328107204	61.550379489271236	-62.515795099970944	525.5213531803433	2018.8493006429956	2038.8762473333923	1008.8387204670144	8.602721781121392
?	135.8466200397308	-19.689476967402566	60.63886890838635	16.57456513814408	529.8617959717653	-5352.436975421133	2042.6786789067241	-10777.531416748556	9.017720035779986
?	131.1475599878088	-2736.9324007946134	62.37910774617844	-140.72381253701468	257.89950440928646	-3644.542817407645	1499.999676495964	-8713.705769834889	13.702388651285986
?	-1	-2642.9511997561735	53.60267828153561	-109.2860256943968	347.6346551013829	10272.765391753159	1606.9933904149793	7110.228064576939	-1
?	-1	2877.260889978335	56.914806461458596	82.59764973332544	771.5377739969449	4019.325377300862	1855.5110797248112	413.9028273788741	-1
?	142.86304449891688	2687.6111656920452	57.732560768201886	176.23932181618994	548.6009239664262	-9110.342481528378	1627.688531783923	-16893.528865872286	-1
?	133.3805582846024	-268.43282365070456	65.7267725522681	193.99941322990426	316.0206499205256	-5757.8980333808195	1010.8346364311963	-8709.75926062528	11.518129778342683
?	129.44140331638164	0.8614263872141229	67.43253142969711	30.865435728611004	260.70602229738495	-300.1978539466572	1192.2005687526587	7373.6574129975525	12.66142171053227
?	133.4236296039631	83.88072111018737	67.27004433869865	-1.4060487622126048	301.01075722319274	2752.276493506663	1379.5175070810742	6463.743133750453	12.561174107741321
?	133.635439371891	28.350230634106854	67.36222899158648	11.581547555470866	398.3198469727182	-152.07876614145206	1515.3877254401816	-2826.804408492564	7.08332716333571
?	134.84114113566844	109.49367412940366	67.8491217164722	24.474550859126204	293.40681891612013	-1938.1331134594898	1238.1772866564459	-4561.078447402152	13.913840526439557
?	139.1101230783612	-18.126621203986115	68.58595653454279	-33.40011484346971	301.41319129974363	1503.7426497473914	1287.3338030700738	2485.054651279272	14.799102216132287
?	133.93481007546913	-253.8779409765039	66.17911597429871	-156.77180399832324	368.59395140348977	-239.65511719870713	1362.4300192204096	-5163.710977981004	15.538451165310736
?	126.41622602953599	-2698.6962015093923	60.74736633462662	-261.70450127315354	289.43043543980826	6229.536123690702	1029.1482541710234	8313.395933013751	12.471801547105065
?	-1	-2548.3245205907288	53.09389091064108	-148.3073266884146	680.0707575880238	2802.7050711045895	1778.0998158710956	14363.016254928503	-1
?	-1	2187.7250733745045	53.332000000205916	11.499198329804342	429.56568899503725	-4812.587377364065	1747.299066917446	1102.8111083161223	-1
?	108.38625366872485	2182.2428812060025	53.668850827131294	11.707036322883978	439.44138871982136	111.70646683652234	1833.2403712869016	3749.7217222935155	-1
?	108.11214406029974	-2187.7250733745045	53.91735181635011	10.661851138686737	435.15101233686335	8873.61557498358	1934.7851530321211	4978.375279365186	-1
?	-1	-2182.2428812060025	54.20194338406563	-17.18712273713371	883.1221674689988	9021.950878196441	2082.15913525516	1557.8873533894339	-1
?	-1	0	53.05799567949343	-6.858072433741877	886.2485562466839	-11552.47816503882	2012.6795207015925	-11156.369362218664	-1
?	-1	0	53.859039762378536	-29.465314299497965	305.49825921705985	-8406.63103630259	1524.3406671442287	-8589.535699994452	-1
?	-1	2897.0503502136585	51.58472996451854	234.94439497524195	465.9170044315559	4548.786035193616	1583.2027357018715	-5459.699134988174	-1
?	143.85251751068242	2687.9521992738605	65.60625951114059	361.8614001164832	532.9375609767399	2833.6976162433143	1251.355710394821	-8013.331635372134	6.322459081612645
?	133.39760996369256	-364.5384425871048	69.67779997034263	64.06693341551937	607.6018852437211	-2356.0650016795594	1182.5361539332662	2380.4310833499535	12.326379369134012
?	125.62559538132724	-183.7596606413613	68.80960618191655	-17.9645101682599	415.1343108927623	-4296.955711972145	1370.3772645623183	10824.455120295395	13.653867800453
?	124.20962693162453	-83.97451295002925	68.77957446192964	-218.28646996163405	392.7540996451146	-1995.2043288868904	1723.758909948034	3647.5299013989516	13.454499604505102
?	121.4268697338258	-2504.1925386324992	57.895282683834886	-185.2476505226104	315.37409444841813	-1135.1929593993652	1552.7537596322652	-5730.635848180552	8.074683162982176
?	-1	-136.5354934928532	59.517191935799154	222.31156244636915	335.99445167514654	7314.384026649964	1437.2271175390074	-2341.9689598972163	-3.546549559489166
?	114.60009505918316	2228.8494516126466	69.0108608061533	33.598764115250056	681.093295780915	3607.1865447493797	1435.6553116374048	5239.59521551757	5.8187587633870494
?	110.44247258063193	-2312.0019011836716	61.19713014156165	-235.59506177217355	516.3537789126149	-1155.2164006271933	1699.206878314885	9188.519049759489	6.527815549989478
?	-1	-2228.8494516126466	57.23110771754467	-89.73224270837352	623.3324757495556	5431.55199442806	1895.0812641253776	2691.7339102876444	5.071785027824433
?	-1	2869.5075410564673	56.71051800614299	139.68027126789542	787.9313786340169	-787.6411190455434	1833.7935738292667	982.4158750549067	3.6607582896088227
?	142.47537705282286	2514.832905067493	64.21512128093941	76.59842746798573	583.9504197972785	-10505.077748713058	1944.2020578781228	-5381.645588533835	10.086511294108076
?	124.74164525337419	-2869.5075410564673	60.54043937954226	-127.1743656419196	262.677491198366	-423.01044135721816	1564.711294402576	-11353.342244449204	15.048410692587943
?	-1	51.33683077476992	57.85640299884346	163.45877399274997	562.7998977294177	3924.4127723944316	1376.5349456556646	-9989.943067605203	-1.1410941449881264
?	127.30848679211267	2401.721534130881	68.71337807917973	112.72956833831142	458.8981298180869	-802.9210562466693	1065.2141410223176	4169.724066532927	7.539772437452133
?	119.08607670654364	-2566.1697358422625	63.49288141575901	-164.62879469310383	522.6538449170844	9517.709874554346	1585.0211489823103	17885.239256640467	7.706082412170995
?	-1	-2401.721534130881	60.48193834452457	-29.087122444169143	934.7836235458025	1790.2999449199338	1959.4761038543377	3615.0585850715415	-1
?	-1	2284.7502655741855	62.038525293550556	129.05664733856358	612.1688421630807	-4662.574911408275	1765.7740782358867	-9228.114214506846	1.2154805466781338
?	113.23751327870886	2452.7891386270794	66.93477071145273	50.57476394886496	701.6548779753896	-3136.8913704941815	1498.070393128997	-8753.172920187635	6.530350806415697
?	121.63945693135354	717.1588275357041	64.5672634909938	20.01766187399859	455.32427363837223	-8076.90859932791	1328.1154322265065	-4210.666122906692	11.137491284714324
?	149.09545465549394	1484.458264607793	67.93565380515265	57.302123744356585	297.8094480089955	397.53758970539394	1287.5370869836631	9677.72318055386	10.618861112803431
?	195.86237016174292	2196.4294553796353	67.43236967821161	35.122050271677224	475.20115312364186	4058.882570541585	1812.0015912541978	1546.2994980875292	6.450845581126302
?	258.9169274244753	1693.4451306390858	69.69175631873651	-18.890306455694553	500.75357653607404	-2915.0865952613094	1364.8520618880393	-10736.878714456308	11.524888825116363
?	280.5346266936969	-1405.9153871669405	66.48785435542689	-75.03793242746353	329.4468233605769	-419.21684542802643	1275.1576555313843	-1151.5446136061423	11.006690288215342
?	188.62115806612854	-3089.8380621524925	65.93985969736335	-32.115498437219514	479.7927342646728	3402.010118743071	1307.2748312077324	-144.95660178799932	3.638856185979195
?	126.04272358607285	-1237.9197099900862	64.88207943356592	-204.38888135917085	499.54732929772985	-5160.072855190616	1267.9098254419844	179.54371376944954	8.103049772057998
?	126.72517256662445	899.2475767687178	55.72041562940484	112.51345074581974	221.7890915051429	-438.8225338790816	1316.2520168962049	-1139.5333585204567	-1
?	171.00510242450858	1630.6309575219593	70.50775197085689	323.0262642806076	477.60620260377584	6681.280521725745	1210.9331575159617	-3205.2676197275673	3.403995181156753
?	208.25672044272213	1232.5389770295485	71.87172884343516	-167.8336819330622	555.8531175914289	486.62173832975384	1155.988635909827	2383.3971715620914	9.711909261262619
?	232.6320512759858	-4185.134408854457	62.11606787420381	-333.31367764347465	501.93728952026345	402.7428079774168	1330.1030160940659	6182.608720039847	9.644073811540034
?	-1	-4672.6410255197325	55.20604496126149	-92.06079498926674	575.9902579902997	8918.065654993641	1465.1190719118183	9807.010367428979	-1
?	-1	0	57.51302812474049	-12.865010160278747	947.8405722699439	-1862.631234234219	1820.453534465513	4161.54381152504	-1
?	-1	0	54.562794453247555	23.41320674986215	482.8586962785891	-9950.955680279682	1673.1962624880696	-4633.507432027503	-1
?	-1	2123.1959711482627	58.68368846223359	132.3963961178831	450.2927882559616	-2983.4833456856386	1588.7781628641387	-3365.0732413765654	-1
?	105.15979855741276	2265.528676908383	61.18261425914169	13.67501222992066	333.6845289943077	945.0401590452123	1504.942600419242	-4544.323229564728	-1
?	112.27643384541877	140.12889228951275	59.36743907372962	-44.71017292355286	497.54479620822207	2779.134180899792	1361.5620013859032	-7300.015018876728	-1.8404184976984594
?	112.16624317188837	234.55640928987546	58.94710561296405	-64.72805707101182	472.6412380392968	8986.83707192322	1139.9418494754068	15584.792771995713	-1
?	124.0042543099125	149.47798274690936	56.13103622017904	67.39190387229793	946.8866498043815	3315.045022423681	2140.801639985686	990.6145948322763	-1
?	119.64014230923381	-2500.085086198259	62.316700806578936	14.868431104200024	638.3934891604803	-11632.770349824841	1189.4725792170204	-15169.45847423689	1.5456120693329407
?	-1	-2412.8028461846848	56.87445777538904	-148.20614280302874	365.24813231314147	-745.2361747137346	1382.3287162738443	11550.278566220122	-1
?	-1	3838.8304541302414	54.906393666427526	55.59912769420086	601.1316804247937	3159.3201906507397	1766.9865075280245	6456.727561204343	-1
?	190.9415227065114	3916.9512421453383	59.65441416009907	265.5420173914592	523.2141418456779	-123.44981621507075	1705.1650943340603	-5490.785091435938	-0.10404490287313894
?	194.8475621072662	246.35773434390418	68.18349453600044	14.010278227717713	594.9591896140402	-664.7728094412595	1492.4472529562286	-7894.602930667198	12.579417747204023
?	203.25940942370656	-1090.364503546604	60.354928071484956	-160.41625572713073	489.97550137361503	-5996.585051597717	1310.4349478007018	-3684.425768911496	10.736979037927142
?	140.3293369299362	-1500.3711896597697	60.16268174964393	80.99365058636423	295.1299370341554	-1403.7477184220988	1308.2259645106544	-5530.485440555164	12.129096746642066
?	128.24084994071833	-329.0103097326409	64.40461060080315	49.99838040808644	419.78811545251034	-852.1095655170378	1033.9106757729446	-1686.9025829013585	10.890443049619725
?	123.87882144330422	-156.04410810273833	62.66260077004824	-158.39380517938736	252.52445875830364	-784.8239290268936	1223.8808353655868	15569.542239836355	10.97393991981501
?	120.43864453558145	-2497.5764288660935	56.48492034183381	-103.11905429404953	380.5469190011658	6993.537265134541	1812.3877877647597	11792.14599720861	-1
?	-1	1773.7336446583195	57.506648055345785	12.138471462795096	602.2013220150294	-330.98461579788597	1813.4881352260152	994.1663424439538	-1
?	209.1253267684971	4197.821222177322	57.091843914973566	205.9168531722054	363.99768821127157	-4163.017585537773	1862.0961048869572	-91.51405606442073	-1
?	208.89106110886536	578.6738337280733	67.80249071395602	174.82156798037556	394.0504427381415	1166.8920458299756	1808.9124324227942	-13965.05445716541	11.745032300009992
?	238.05901845490067	698.1208684204992	65.83292231399231	-204.12451594410928	422.34229050277014	-636.9327414679128	1163.8433820286891	-13121.759283544117	12.387984899316049
?	243.7971045298902	-4781.1803690980305	57.59626491675059	-214.46805193412706	362.20380566474597	1857.3853105199655	1152.8244682455907	6456.82729831989	12.18071515758152
?	-1	-4895.942090597821	55.109519717286	-63.86226642304757	515.2115560287681	4088.5916556978823	1486.6847469446825	8722.846517556436	-1
?	-1	0	54.403151595598224	-42.41058474799133	566.6333884496394	-987.6774760928732	1588.9667941234109	4544.27333540172	-1
?	-1	0	52.98899047988644	14.394040401252449	465.8276822241246	-2892.0266432960625	1713.8984137147677	3289.7877990442503	-1
?	-1	0	55.122853615660844	24.582197550541114	422.03205628483676	1112.1074537565362	1753.4561840756228	1720.4413478585745	-1
?	-1	0	54.21810035741349	-1.8627968552922947	521.4330549119512	-978.0475071198965	1799.920481107696	465.3069352667097	-1
?	-1	0	55.02971377289623	-26.739330521363865	373.1296809288421	-2962.42532679127	1776.7215308389582	-38.2682018403058	-1
?	-1	0	52.8811338313453	-58.75817390354462	373.31178857238825	5231.3166627109895	1798.0070710156808	-1900.9266636584175	-1
?	-1	0	52.09180507771901	-30.58724995136441	634.6955140643906	10757.576475220838	1681.6751976560377	2234.412492021291	-1
?	-1	0	51.35177133377709	74.10687513568034	911.1906123334281	70.14452952689024	1909.727695616745	-2020.0552638411846	-1
?	-1	2805.3709775806064	55.79714883450301	349.553069917913	638.2027405407351	-3511.5679355964685	1580.6724344639788	-6864.3790784012135	-1
?	139.26854887902982	2882.2119148605543	68.82942482967268	404.03939544141895	735.6122155536053	1500.3011240948201	1566.5087416966855	-24.598129984419845	7.338560505695715
?	143.1105957430272	137.8166585143122	75.99911860657389	109.9576566691574	713.2177967454759	-3238.6844636956084	1579.4425279647578	-835.6886294845965	13.158024708606238
?	146.1593818047454	-35.80093445254887	74.32730766313053	-231.39957650999943	573.6779923688255	-7843.9669498721805	1524.7243102224559	-1117.2310986888117	13.35497706712891
?	141.32054902039977	79.84754125891101	64.42913978107396	-154.74301363655653	321.01944925186825	-3688.126497625731	1523.5809730303174	3493.7592076986525	9.855745306810226
?	150.15175886769094	244.19496717949332	66.59015698130273	173.66051441689285	389.27166748753956	2884.897668293229	1699.4122706073879	7225.026229535522	11.58349078746882
?	153.5302973793744	-3.198702663334541	73.11216550191857	84.71956178871439	465.2643326665292	526.739398729937	1884.8322845070923	3663.535628883096	17.29674722890421
?	149.99182373452422	-99.97301082174069	70.82613507073843	-326.6870830679318	415.6086374240363	-3621.7357942992094	1882.589052051542	-10163.651983083182	13.295285164463369
?	148.53164683828737	-3019.836474690495	56.777811348522036	-345.9160997035573	284.17754295156936	-3249.6599236206107	1376.649685352935	-12742.659171371979	-1
?	-1	-2990.632936765758	53.53033008556063	-0.7153356477758192	253.12564124300636	9030.85576810915	1245.4560934829453	6987.369487785688	-1
?	-1	0	56.742044566133245	71.75607753371861	735.7203313570252	5565.504991748739	1726.0181597422181	12803.825108716552	-7.947486609688164
?	-1	2816.447850967446	57.118133962246546	247.17981113899074	531.4008908304423	-6002.939136788212	1885.6473489187706	3068.2573254930976	-1
?	139.8223925483718	2655.522171140975	69.10103512308274	282.3747841495977	435.57337451761566	-197.92693435768868	1879.4310260168725	-1637.3504463933218	9.189967229310138
?	131.77610855704827	-239.8822986471572	71.23687316972638	14.164167375554989	521.5045441125579	1858.2274861524613	1803.7798265991048	-2508.5598358603693	12.121808600126055
?	127.82827761601398	-158.8602477352046	69.80924349186049	-82.52690672671152	528.4847488252384	413.4423660778672	1754.0030342238545	448.9712512659178	7.421884135847494
?	123.83309617028807	-2576.5655523202886	67.11052783339082	-184.9662294004815	542.1766624164512	1301.4221853060508	1826.2283891624006	2870.877631349309	3.878171450288381
?	-1	-2496.6619234057703	60.56093202183644	-190.72877836180535	593.5558580905407	-2871.836904355333	1897.5469157913194	-517.6434479495374	1.0289600442185947
?	-1	2709.6868562208824	57.574088915300585	88.66437001854212	398.5848171986851	-5479.2476061732905	1800.3462167649238	1210.7325569103793	6.719471872082579
?	134.48434281104363	2585.247138121455	64.99415052276353	169.00056213226168	319.59347778187714	-2170.6955677875962	1958.0835436368382	-378.9614402847624	7.837540445392069
?	128.26235690607228	10.065384748248256	66.02411702191364	64.24806176285665	290.05003880930565	-775.2390134934028	1781.3981447506858	-16048.169685821793	11.713685258714015
?	134.98761204845604	87.60773537794395	68.20655361090635	9.119680829128956	280.83152710720714	4483.7968318303165	1155.6750593457514	-14640.947417923515	15.740542690852035
?	132.64274367496947	-107.92328629572619	66.48010106337009	-145.3254225587798	514.2398804008207	505.0963507273259	1049.3507738545127	2537.971088124368	12.15174676024559
?	129.59144773366975	-2672.8548734993988	60.94028248296739	-213.7757715432719	306.08634464357334	4056.5164082877923	1282.5736137519693	14466.774051190192	13.707995283569204
?	-1	563.4314386382162	55.79131248620653	-79.407781815748	717.0657008152095	1129.7119480240833	1772.6894764140197	13946.855451216707	-6.763454966089336
?	157.76301966558046	2902.1827085578893	56.969893392180005	153.82499397269368	362.5719420447773	-8171.409639769761	1979.9163863128022	1091.5275834074093	9.464863803856877
?	144.10913542789396	-3175.2603933116206	63.482562184841186	-26.526698575669865	308.4952188267229	-352.48665374293876	1827.26585558439	-6917.734911848813	10.122648518075223
?	-1	-153.25681819631708	55.643558463396516	-3.2045171537002775	344.9476093576304	3680.512864090338	1634.0296407203627	1635.6060208505473	3.2284409139518604
?	136.44629451807813	2592.6996430738845	63.32233632715617	222.1005812300944	492.5208620312392	2425.31182658747	1909.046156626917	3553.478932678612	6.4835353200819155
?	128.63498215369376	-314.7178612582002	66.7485875249012	-58.44762022468877	466.2132006870035	5139.632978907648	1811.7035873542927	-3544.516371080339	11.572169941596115
?	120.71040145516818	-2592.6996430738845	60.399955315921744	-166.09402848628437	749.5025109766207	3923.3514732155677	1731.8203380729008	-1181.6477897785485	-1
?	-1	379.1468805987321	58.44388610058701	142.31380230849447	662.3807743477812	-8401.446012026392	1752.6211978653655	-10518.573063605723	-1
?	139.66774548510472	2658.468310302586	67.51564543134644	166.36554965549695	329.4302103753026	-7573.827282677148	1205.8916848926165	-11164.846490004036	10.725328209726728
?	131.92341551512882	-303.9666271588879	66.76216358336183	-144.86906926466355	283.68941021392516	-1791.1988318799479	1194.3788733651656	7094.778836686599	14.17811554572703
?	124.46941412716038	-117.9823584574889	60.27219196811329	-82.72503098218623	239.8702687813055	275.9753559200281	1560.6306267269451	10658.160883742754	7.908492973815871
?	126.0242975922544	-2509.3882825432165	62.62591203425253	-164.42333553301498	297.4881780099265	3381.220318018501	1727.2869175523015	3031.407398262415	8.613489227775217
?	-1	-2540.485951845097	52.05102519146257	-158.31739885385701	408.93128468222994	7452.812316025023	1712.2009966400653	-7338.139014255061	-1
?	-1	2571.0372771154393	54.71004209155971	284.608949615067	670.1287938111764	2135.014728410209	1360.3799668395498	-11714.465371734968	-1
?	127.55186385577151	2605.1510739190676	66.28147267221587	114.84394580065482	515.68202110274	-735.6105729169784	1126.477728053319	161.47089607035525	0.8127371980156901
?	129.2575536959529	-2571.0372771154393	60.45223938159243	-218.97950812024723	633.3482651653276	5518.778588267252	1368.4535116430675	8739.586263406363	2.027833743351235
?	-1	-2605.1510739190676	55.332497266203546	-169.77490139817735	791.6209505161016	1221.3554221824709	1563.4570412236355	6450.922906568526	-1
?	-1	3970.6298711899894	51.96349431168359	70.03391337511229	694.4160362744509	-3813.262175983466	1690.9996569714926	5008.036702904765	-1
?	197.53149355949876	4126.4511824424935	58.83419293495915	336.23621627194103	600.957841716929	-2789.3999233786676	1813.8588763688729	997.6329324743518	1.14879159499661
?	205.32255912212395	460.53395789719497	68.77530512528058	94.7291255597006	554.946040105518	-2823.5090436384176	1740.88130359521	-2094.8778854997618	10.9991819552848
?	220.55819145435842	-4126.4511824424935	63.57064921294416	-339.6985325346281	459.78238953500863	-4925.584286023009	1709.1149820938851	-4928.551436358888	11.247375173397836
?	-1	-4431.163829087184	51.79037849854924	-154.12063685952543	308.66682580436844	4991.873119533704	1494.4537317772665	-912.8896209772062	-1
?	-1	0	55.86461736996792	82.3209935797003	709.376045511693	7206.23245563237	1663.470501045025	5640.029522582024	-1
?	-1	0	55.90642817753424	6.6554702946155215	668.9784485859857	-8402.717174645999	1776.4552079063667	-3040.2976311476523	-1
?	-1	0	56.19739088469869	-38.825972742498884	289.2401867793945	-1571.447886237703	1511.455619487643	-756.6198368791247	-1
?	-1	2589.1478314348274	53.9651295404093	59.76904496614189	590.4060542741008	3103.100671784309	1738.6242160624106	3494.1509328111747	-1
?	128.4573915717409	2456.74027281084	59.185843133005775	217.79752053430263	444.3952203686094	-2700.62978485917	1686.163166128201	-1766.9062111350486	1.0477319401052443
?	121.83701364054157	-2589.1478314348274	64.8550055671244	56.870400527634985	455.3745650311428	-3191.4546796591912	1650.2789055056585	-5946.599034219351	6.675591110944095
?	-1	134.68989578420926	62.029363159387515	31.59698239840521	284.8224863856504	-1267.0430059599075	1388.8332144172346	-423.98133233222177	-1
?	128.57150842975213	2735.551987808968	66.43485468704468	100.21972799232287	392.02241473314655	4608.040422801454	1629.079838889047	-671.3310740109178	1.047754987754049
?	135.77759939045035	57.591901718505234	67.04034955900373	-53.73147377518956	515.2245075257264	1216.1162922668902	1355.2666607166882	-5233.7441358548795	12.074538574374264
?	131.45110351567743	-149.38677083753035	63.74828099828516	-162.41514964455132	452.8282293464919	-3566.7157022239944	1367.3926320962994	2538.9823819749613	6.979064932326447
?	128.30826084857372	-2649.022070313511	58.91959207677605	36.62122653613968	336.8887224145241	939.351841757655	1482.215779815438	1303.3662036124222	-0.60129990707608
?	-1	41.220737585290394	65.57934232509217	109.53715384301745	499.79582143437534	5184.721640847974	1432.5609422769214	-3244.3959050204326	-1.2187049005217139
?	130.36929772783827	2611.98656601066	64.396449768927	-97.98734208175364	596.1248044569265	-2225.4083665624958	1319.9959845644141	-5368.414612160037	-1.9174621895029584
?	129.59932830053486	48.195895143558005	60.67997522100442	-19.588697410925285	388.525403106249	-4633.592127018013	1164.1402116689158	-1842.311290164813	5.10329756978793
?	132.7790924850162	28.375767477516142	63.41701489838072	40.56780005760245	364.4451981060226	-2140.7700781177737	1227.8804200561722	12379.168288571984	8.876353420784053
?	131.0181166744107	-2675.581849700286	62.70836522388457	-68.68727120721162	281.4868992003588	9059.142504916319	1783.0986260975237	12714.123009792316	9.437982333713366
?	-1	-2640.3623334881763	59.98265133802009	-38.66853091428569	817.402323351845	13773.04624474783	1863.586570545797	651.0228126927085	-1
?	-1	0	60.77493867817026	-70.36294891483479	970.1392114377601	-2424.175284462394	1815.6497667321596	-776.3729004564929	-1
?	-1	3551.6793174068416	56.4645038922783	-56.75770406891776	696.1935591287236	-11203.40657442869	1824.7679255229718	-719.3721583989589	-1
?	176.5839658703446	3577.8247970939274	57.93705347472433	163.66108529458836	409.9688827163175	-6924.595783235421	1779.6811588122112	288.00438876286125	6.9497841059433245
?	177.8912398546989	-101.04426947039796	64.64755815700784	-50.2513490984937	349.9637699669476	-2602.1593934595508	1839.168144961115	-4914.192548636732	11.142589932750958
?	171.53175239682463	-903.4378855347452	55.42448601979961	-120.84450921262685	279.86091304333814	135.959219277643	1533.971531380371	-2314.764838592422	-1
?	132.719345577961	-863.6138313541479	58.60533269637641	188.06978809949644	356.76173093082986	1790.6159201994815	1723.4299030314924	5588.705356163262	4.46913295182229
?	128.35106082911662	-314.8594483951499	64.82797542477456	-31.182046049447063	369.3917090533135	1790.3804946979012	1813.4067991885381	-1114.7773444492464	11.18900566309399
?	116.97637315820329	90.35139773104831	57.04623039390403	-81.21371820049545	446.2807556657262	2746.3732455219824	1667.6910358090292	2.479273103208435	-1
?	132.8686307156691	205.18269102405716	60.767289514749734	61.91946785506684	506.71037132941456	-2316.066435418413	1813.5307628436985	-4266.111632112859	7.9622835798332945
?	127.23550770940629	-2677.372614313344	60.14220378665742	-170.58662950015417	330.4774338948039	-5825.557296754568	1454.3854542033832	-7785.393181147304	7.901593841754141
?	-1	-2564.7101541880897	52.237958039741905	-10.902861676071739	215.43250649168203	5975.9115474534465	1424.2611037863278	7399.277072046956	-1
?	-1	0	59.597060702853824	276.9215590661402	629.2730112674805	5184.76409124708	1824.3493078057363	6293.778827579224	0.41246284634469
?	-1	0	66.08403599304911	-1.7864978876376116	474.6707110540397	-5168.156516670545	1738.9500451652934	-2171.5058383200685	-1.7339004374193157
?	-1	2592.9304959148567	59.50773580847194	-140.65225453672497	370.86518543394953	-3974.0695989145606	1715.7740158897313	-1482.759099772972	3.641306764374722
?	128.64652479574468	2600.517229937752	59.051423266212765	44.8739870717737	275.96723110830885	-1473.1714334589851	1664.8120901766438	2211.090898687485	-1
?	129.02586149688943	-18.521926065324998	61.75143516206066	148.21774065301628	297.20661376099923	-243.0069197613363	1826.3285608241072	-3864.99317268408	13.063447832308755
?	127.72042849247842	322.54967603133076	66.46231029886368	114.38870267889294	263.81688512024186	-195.7320485937243	1471.562431542437	-12464.457912811919	11.073343320560344
?	145.1533452984562	648.2453284713789	67.47087029600539	-29.117147654356913	287.4200113313129	994.4420281270659	1203.1056651835024	226.67333132025894	4.598943172602292
?	160.13269491604783	543.0774857806531	65.00645291614582	-60.04714496595369	313.53898652659586	1079.5068955642212	1482.8960981084501	5741.537075535648	11.103285646351848
?	172.30721958748924	-148.40416125640917	64.46851304770766	-23.630916074573012	341.3953561095247	-169.9245380945034	1490.182518960289	-3123.0115821153604	10.202140753512996
?	152.71248685322726	-748.0532861283036	63.82490711241715	-115.07521473390348	305.0427596218706	-112.1145558838175	1326.7455190026799	390.3747953902383	10.492681220939042
?	134.90455528107353	-501.5628507937282	58.714752311012404	-7.319856371998024	335.78962831533374	1190.4775217502483	1509.701258729801	736.6012015107876	0.7945623296970112
?	127.6343443135405	-422.3380582375747	63.458914293817244	66.42225980031816	364.56663570938383	-1067.8872103882675	1363.5755790782198	1321.7676703842783	10.60518819645701
?	113.78765236919449	303.22327438508347	62.03586530102836	10.995588585097792	282.3952677959196	-1234.4339053988547	1575.789642249016	2963.1348640213023	7.733631150269912
?	142.79550803279488	400.07625720079204	64.00869372307214	129.34514383519513	302.8449404394402	-89.20152827524235	1511.732322279287	-5238.6219349656885	4.481687227213447
?	133.79146522923438	-99.81154083139842	68.50312249278821	92.69797902719442	277.9351913821574	-494.76094589641866	1313.8585455007278	-6492.10085223909	8.745857893715833
?	137.8049309912249	-53.0948386833624	68.64359267443193	-10.896426673116212	278.10689314461894	112.81071568494734	1187.127279667328	931.4832891780366	15.634256371455967
?	131.13672329506622	-191.6469083126027	67.95830115913239	-48.4455774076149	283.5757271664049	1709.0082926914154	1360.4327099596303	1580.6386453481903	15.141013234518692
?	128.22258557559462	-2622.734465901287	66.22131380405115	-1359.1660231826286	363.5573077791909	-5671.514543328017	1266.1592119347386	-27208.65419919222	1.3640336053533462
