rowLabel	avP	dP	avI	dI	f1	dF1	f2	dF2	h
?	221.04431111010433	4459.136389213372	75.4336328122065	1438.767862958144	714.5354617010586	13703.13458445723	1168.0635675055607	23570.137601625258	16.859182175744092
?	222.9568194606686	-115.49434083840708	71.9383931479072	-123.30113166753364	685.1567292228615	-2877.2005709531345	1178.506880081263	3259.5750214866257	15.867512519184453
?	215.26959406818398	-428.5989989724747	69.26857622882982	-35.8451554501991	570.6754331534019	122.0448919864361	1331.042318579892	7220.622252000996	11.617742244981923
?	201.52686951204487	-4325.39188136368	70.14613537539725	-239.79097957456878	691.2589738221833	2969.896382870782	1539.537992681313	9042.797110603968	9.157485013355537
?	-1	-4050.5373902408983	57.27902725010138	-246.47263717606967	719.1702522969409	3453.6721023192727	1783.1821741100903	3571.7480143648627	-1
?	-1	7847.57911906682	57.82250351659377	206.15094482536625	863.9425789381469	-5311.145207141894	1718.125393399556	-1922.3875843260207	-1
?	391.3789559533409	7915.0738002634025	67.58657449136969	-198.26565942188913	453.61299193984627	-6241.1642844108055	1687.0627948937893	-600.2667088928639	5.737101060841648
?	394.75369001317006	-7847.57911906682	47.909220545499316	-112.5705596630647	551.8843647176067	7098.941453956734	1688.1120579549129	350.00523173403514	-1
?	-1	-7915.0738002634025	61.958046508216455	445.79247048429517	808.5600646376829	6757.734599436796	1704.563056480491	4650.846073872136	-0.9299507922802675
?	-1	3958.6425772351954	70.19884406971407	306.4917508128875	889.7710946894464	-6562.709258143188	1920.6543616485196	-2268.4341214781357	2.6760940283726127
?	196.93212886175974	3718.8015410813573	77.28263404886083	33.53915848974961	480.4246017305236	-7571.879935878454	1591.1413504065843	-6980.179475804846	8.992134271865613
?	184.94007705406804	-3958.6425772351913	71.87580199420155	-329.24445277808854	511.1770978955234	7210.507261167463	1571.645387858277	2703.4154501436274	11.633566737747651
?	-1	-3718.8015410813573	60.820411409956385	-349.58695739702745	840.9499647888971	8419.533532866084	1726.3121229137657	2839.290739373161	-1.830025756344661
?	-1	4179.75717115574	54.396454124350164	181.75054913148242	932.153774538828	-4692.857452809874	1713.6099248269352	-4046.4825343666016	-0.8550219738001563
?	207.98785855778718	4154.812833581133	69.90793886653052	422.69717469700373	606.3070921484032	-5727.0355311959875	1523.9879961954355	-8846.071221135895	0.892437665825813
?	206.74064167905686	-35.64218056387571	75.53131285920037	112.31225167043836	645.8019979790283	718.7589507645537	1271.30636377014	-6091.304404855981	16.347764213221467
?	206.2057495295934	-180.84655083035142	75.52355145005244	-24.150009807141807	642.2450396866309	265.3571674732982	1219.4227759526361	4388.680758662009	18.2822153108254
?	197.69831413753928	-337.6375242052333	74.32381236884328	-82.66699672849903	659.0698563526933	-401.77601627039815	1490.7404017032407	8353.320592595575	12.68194186578048
?	189.3238733193317	-105.0723564313761	71.39020161362748	-253.00660326958882	622.156238873111	-3223.693994538119	1637.0888055824153	3548.7231767388007	14.024067294794069
?	192.44469631597048	1995.4418584347404	61.673482205363825	-329.73423075394294	497.88515662578715	-361.0535809520029	1668.1765605401808	946.5929770586457	5.545159020978453
?	289.0959662410686	135.05783506413127	54.90349007593036	129.90003840109256	604.1035598255108	2897.914804332064	1684.4184544353475	-1153.9149304391083	-1
?	199.19758806917704	-1986.577201948436	68.16848412541846	369.34638399354964	642.7808968423905	-2174.142600951526	1610.4808140182254	-2484.8250151545994	0.4067618794955239
?	189.7671061436467	5147.272518469546	73.37080927560785	-40.60091420376633	495.39642977793443	2002.422501205595	1560.1772036776174	-1554.8508169432157	6.27813323274949
?	456.5612139926546	-13.950412227013077	66.13843841523014	81.60448654547984	742.9020219026703	1061.4705646002747	1532.7382731710645	270.8771558726628	4.152924908574578
?	189.06958553229606	-3398.9430343506097	77.45103360288185	-18.19719371466844	548.4699580079482	-7248.99569924003	1573.7210614712506	1809.031651985368	8.138207454150331
?	286.61406227512396	2714.085495532936	65.22857872949672	-334.83097833654807	380.45223694066846	-2579.5182839466347	1623.189855770333	1287.8515048321913	12.218865198777662
?	324.773860308943	-1827.0882677902034	60.70948468605443	132.08289674161352	419.49404381061635	2449.872785050592	1638.1136367128602	-2584.2704556002877	3.140043260393331
?	195.2596488856137	-2616.1610462811527	71.8327235665774	317.99160351964747	502.94587619319816	5175.485891019758	1493.9763329903185	-2935.789969446798	9.359474921909479
?	193.9658079948852	-187.76908284711266	76.60906486203682	-32.0298999340292	678.2683383616045	-55.26486934536019	1491.3241382405201	-6959.207048930273	10.03290402103288
?	185.87119474325806	-272.1603282520804	70.23122856987594	-354.8078460808203	500.18263272593015	-4488.711028378531	1146.0159805438045	-3449.474108623796	11.434115925250184
?	180.35779158228118	-3737.4238948651578	58.86867255799579	-250.37529580078277	453.8327869426777	4768.675522142366	1318.8504328093302	9420.691335392035	13.9085394897769
?	-1	-3627.1558316456203	57.71246377983679	109.95588745496381	738.6164088330487	8321.375894767029	1617.0505473134067	11575.559919196328	-0.5685077118806903
?	-1	8045.537218055331	64.36646693074398	409.7741579500877	869.9015816810295	-6335.875045789539	1897.6284287691471	2584.0237081053806	-0.09916995980055904
?	401.27686090276694	7586.3870556147285	78.2011716773412	-108.41118319219309	421.82265654357144	-8961.922816998353	1746.2517327186758	-4503.23129076091	10.533802242618545
?	378.3193527807368	-8045.537218055331	58.94590777113432	-220.34386695777337	421.80544083111147	4913.706117539417	1672.4668642311015	-3195.851148236572	12.488377469222723
?	-1	-7586.3870556147285	67.18397832945252	232.05697824100605	667.5079624205425	10140.164922276424	1586.459175306847	-374.55994585986866	-0.08236072200939908
?	-1	3807.25526355566	70.54875668318464	97.76547483796597	928.8136869449331	6048.625200499254	1653.738866938108	-981.7678522374663	3.1508225867329
?	189.36276317778317	3698.7266428934063	72.07225207135082	134.13438236454783	969.9392224455055	-4000.945414038332	1537.3707826949737	-5814.008440481533	0.03090630753264696
?	183.93633214467047	-272.4193261833833	77.25547580141203	-139.07211564442764	728.7664162430164	-7753.760026537652	1363.038444914031	-4496.29589687123	10.979842903480865
?	175.741796868614	-3698.7266428934226	65.11864628912943	-382.318053649141	582.2512211186225	6544.951669907717	1312.555987851412	5909.861321201864	13.031894526747477
?	-1	-3534.8359373722924	58.13957311895505	-310.203489512728	1056.013999738401	9745.472788411325	1658.5315109741232	5978.262635394588	-1
?	-1	0	49.60847181349308	57.3165356105985	1069.524860539187	-4636.245836777919	1611.4691196211404	-1150.274786915806	-1
?	-1	3675.713481457926	61.005399899484964	444.8343112948037	824.2017078995059	-12369.39808264932	1601.017771628333	-643.0529128190096	2.655535397958865
?	182.78567407289563	6522.038408680443	71.85018737823319	192.62310683041417	451.0549564067232	-5494.018271793692	1579.31647398019	622.7427980560536	7.806194103384978
?	325.101920434021	7902.369907045878	70.63655524100564	-144.514114119662	549.5007943098223	10450.121230800378	1632.1549115311357	2635.4236706185116	6.699005941785463
?	577.9041694251881	-6522.038408680443	64.62448167225011	-265.40027121763654	973.5610179467402	7134.9499515025855	1711.0876575111151	1519.732058352698	3.074862070961374
?	-1	-7706.647451051399	57.36654168012386	94.36801140882187	906.2482918849503	-5145.301817334093	1708.1415144487703	-2658.4740547757524	-1
?	192.57179687261953	3861.782062405103	69.34288224269119	430.1864914941275	716.2959270800365	-3966.90846127794	1578.163954772328	-6170.30449406161	-0.4214731011209804
?	192.08910312025446	180.99525251199006	78.87586625483016	150.9578588270551	707.902868821054	340.23038289775633	1399.6262897456909	-5577.266951884473	15.03907777457412
?	201.621559498219	855.6140974060704	76.89077518404392	-52.8648298004244	733.3074462249242	-600.8261707965311	1299.3006071781053	-3055.7914360825243	13.724584754553181
?	234.86980799055783	1402.8779087101927	76.23262476480895	-40.233749033946964	677.8615602812275	-7793.0666460518905	1246.8367179415652	-448.78281465772193	10.819931453310499
?	271.7654549337284	689.0185450752247	74.87908773234658	-493.84634858343946	343.6541139223311	-658.4057873910525	1276.8614664452193	5607.709978302571	19.923962093508827
?	269.32073524431894	-5455.309098674587	51.54030733563706	-324.20446323191004	644.941270911675	11512.748145182022	1527.2222168566927	8035.009111211117	21.37509927035706
?	-1	-5406.414704886398	58.66886457075113	378.926538585173	919.2915211814301	5941.851415525319	1678.6119220057737	2917.60410075991	1.7779525743836806
?	-1	0	70.48663426489564	205.7564971065395	942.0338416879399	-1015.6120107000279	1673.1024218946877	933.2853712693155	5.450054998300639
?	-1	10673.378861324121	68.95668942607807	27.644745622344928	868.5109206464289	164.0731535222432	1725.2761905692394	2011.481065153487	1.5283257286445369
?	532.6689430662042	10717.723471345504	71.86887154601288	107.25274215697208	950.237499364052	1723.382434347572	1773.6764751523617	52.02585384437516	4.370327546161099
?	534.8861735672733	10.388214384272525	74.31932653392666	-21.690551297738885	954.6800423638072	289.22350030784503	1727.877483261458	-1380.6868197395265	5.104525001913723
?	533.1883537854178	-10717.723471345504	70.78434398112594	-93.83798992654907	964.6986743794442	-161.09944467961498	1704.6421341653856	-320.5524651913595	3.16711726944365
?	-1	-10683.767075708394	69.62742703759922	-22.768015608909675	946.6250701298264	-1295.356786230384	1711.8498600018902	-333.37846190240845	2.978129398514218
?	-1	0	69.64594320068046	-19.818757637263857	899.9308350679253	-1274.1435586540752	1687.9732110702653	210.0736813734382	4.0820277940230305
?	-1	0	68.63648915573603	-32.14177022923491	882.9178921971229	-570.6644682498766	1722.353544070562	992.7818038865815	2.639486227583403
?	-1	0	68.03885468921872	-43.31886568921719	871.3976116554316	-773.7973507622432	1737.6123012645942	101.5601162724537	3.210472997587214
?	-1	0	66.47054587127518	-76.47387440154886	844.2280246590109	-582.3145718621797	1727.4315498841847	1010.4653187742078	2.810212233647438
?	-1	0	64.2151609691413	-157.22402287198733	842.2818830623227	1620.577796750764	1788.1355672033044	1685.995619167708	1.7440743874931321
?	-1	4573.98991914386	58.60934472767584	116.5938829926729	925.2569144965488	-4478.496560339692	1811.7313308425698	-6411.525561467197	-1
?	227.69949595719217	4379.916185976198	70.04485511877492	312.04428824948803	618.3570550453388	-5317.576771575988	1467.5592891299457	-9867.612496039877	6.414580339399744
?	217.99580929880912	-4573.98991914386	74.21155914015019	-515.7554802676258	659.3780759177504	564.2481870285676	1318.3507060405777	1037.6672519484273	13.372474543530766
?	-1	-4379.916185976198	44.25708110539372	-470.0676681233854	646.5694643967671	8101.785897370641	1519.4426517273669	5757.600004302182	-1
?	-1	4633.644617950398	50.708175733981	421.86028287489967	1064.467370786281	4544.344022772023	1606.2307062556858	3271.8158906997887	-1
?	230.6822308975191	4514.26230764532	65.35009524913863	567.2009560394905	873.7866655353674	-10665.966404832292	1683.0334462623557	-234.81222306782993	-0.28974302297023646
?	224.7131153822652	-521.386583648963	79.06822353595543	77.32970839510328	531.1690505446683	-8417.550364302777	1594.4900951022944	-3139.313967744281	14.952252565957185
?	204.61290171507105	-391.5189512130777	69.21658066889378	-160.6817263842109	452.9091473202301	470.2030837561022	1526.0677478751422	-7144.774930273	12.075504930843538
?	205.13716782161137	267.2892255638844	71.03413721674491	133.92021590062248	554.6792047324733	5223.691804631779	1237.2513485886457	-9675.212480853386	11.16040421683906
?	217.97736299326522	253.32372790554052	75.91259146392488	-2.9580009287721616	714.0937375518181	2855.3584604637294	1042.3071238324746	-3592.444709838227	17.01914279983938
?	217.80335421688835	354.0184778083967	70.8862371703063	-269.56818967272864	697.4471277556593	-4280.887719750305	1057.629113096735	6583.932792570509	20.209897224028943
?	235.678286883685	-4376.067084337783	62.4341819802885	-308.0300357896925	500.0493515643036	2415.1305195985783	1371.503763460999	11535.337832123932	9.611979308780265
?	-1	-4733.565737673716	55.48473538082173	-181.72595704992838	818.2036537355878	8244.03343291068	1634.3960047029295	5162.564022600436	-1
?	-1	4660.651719268152	53.34788412779211	350.49339964723157	912.2510232098362	-5005.81421790803	1629.6319645910198	1417.7190436986898	-1
?	232.03258596340677	4694.277776061681	73.00940536318325	480.90865504174644	567.9129428401872	-4128.957771080814	1705.2819568878638	-7588.702777655994	4.052451534433517
?	233.71388880308322	306.2569240331646	77.39331687987935	71.33941945017139	705.8031346557962	2357.5371476690943	1250.1968257082215	-13901.970223698414	11.519700187689537
?	247.34543216506495	702.5280042949142	76.5763763356918	2.260085630858563	685.7898002236415	-6115.827054383939	1010.1834457029455	-4486.283429645057	15.554478028444311
?	268.8402890178288	484.65137973900994	77.50632116142228	-257.4941003422159	400.0117819366003	-1987.8003574668312	1025.8826542259694	12431.594249679662	18.339588935030168
?	271.57800115201536	-5396.805780356595	63.701671318581056	-343.64880443453166	586.3997823503003	10215.893691483863	1631.7631581869264	13638.460360430967	10.223316738190222
?	-1	-5451.560023040327	60.323880939695755	125.65287807731751	910.8064665107917	1169.3732133641238	1707.8056722475153	1100.2344080832875	-1
?	-1	0	69.98431522244691	-32.61928361452729	644.8684430185062	-6656.0475800605545	1686.7748785910906	-375.40200455809685	-0.47447829851144746
?	-1	4416.418898276419	58.692916758969396	117.03869704636118	578.0040875077651	-2757.5680111428524	1689.0355720196105	380.0519968506901	-1
?	219.82094491382017	4258.563535474074	75.83625007476495	111.5325398995017	506.9900424613641	4279.725782476923	1705.777478433625	211.23483901397395	6.175118220891279
?	211.92817677370297	-4416.418898276419	64.26954375394446	-183.2361885728262	791.9903766316105	7512.7655503176475	1699.5973139703092	-252.91546800258038	3.7921110217535468
?	-1	-1.5147654193884872	66.67444064612367	253.60323689770019	882.6283199772452	-3219.1600047090265	1693.131705033496	-1198.0495780265298	-1.3687802914631473
?	211.85243850273355	4131.63980792148	76.94970559882943	64.37071736196708	631.0323763961598	-5921.159471411275	1639.694835068983	-4006.322811726423	4.951775583725077
?	205.58199039607322	-188.28558542188728	69.89297651422201	-209.17177185217258	586.5703464066825	-3865.317798660384	1492.8155644471756	-8274.085038224064	11.386260860036343
?	202.43815923163922	13.625487831901685	66.49111700622083	-73.42609171654087	437.76648646314123	-1673.203493358225	1225.9905831577812	-1481.7654070143687	19.688481425559154
?	206.2632647876683	-46.21663276526265	66.22167192839498	-76.89040293469431	502.9101717387715	1424.4215766148686	1418.7272940964574	5701.155587549922	14.72928793850931
?	200.1273275933761	1041.2100660309986	62.64659685948613	-118.05569111454773	508.9875652938844	-2174.789006308433	1511.0483625352763	2870.671202109539	17.44970858841508
?	258.32376808921805	132.49875597919404	60.31888737266762	277.2520369002248	394.17072142335024	1858.51585880809	1562.2608542019339	2355.003849149388	-1
?	206.75226539233577	-1255.2001962888487	76.50919870449732	182.78399083332752	601.9133582342886	4188.662284297443	1628.7985549927453	-1853.6473658625048	9.725060284264401
?	195.56375827477584	-4155.04530784673	69.45808691433396	-668.7403198704055	603.6038356382217	-482.8700129867815	1469.578485908809	-2603.7295075132533	13.35454369030457
?	-1	-3931.2751654955305	43.07218271097717	-659.5993830832338	577.7698575849496	4246.51597347711	1498.612079617083	3709.365267414432	-1
?	-1	0	36.47811776017239	246.44073147829164	815.9296343120764	7336.656030119035	1655.0467492795299	1734.0388018032643	-1
?	-1	0	55.394219284891705	484.1483870336708	944.6026590909	6796.779198069527	1585.314019707246	-4084.510711796689	-1
?	-1	4990.910135761426	60.685537111855844	179.44588930231396	1155.7685942155515	-2371.8092976158773	1450.8212136896962	-7918.85817659038	-1
?	248.54550678807044	4831.240022412057	64.36651375000737	331.4094827222293	826.0121942101066	-8393.836331384006	1189.3711108777284	-8471.880577975924	2.4798064896365166
?	240.56200112060202	-3.113286020024486	77.25601124796725	250.03355553573303	736.0767776463528	-2052.4277992003185	1027.2271847909014	-4025.5160104876863	19.809759043613667
?	248.38984248706922	390.70074357551243	76.86819152679398	5.945861779920584	723.390804250091	-5338.71717121952	988.0953103533448	-3360.6993503698327	20.90574934248014
?	260.0970382993776	446.53284481166895	77.55330433696328	-11.958920311140034	469.1409190853777	-8641.047960157906	859.1922172724104	6612.66333553977	21.323024549921023
?	270.7164847276526	134.489079972572	76.27024551123698	-379.42829860142814	291.33840624219727	6789.779298822298	1318.728477130332	17529.986226497913	21.093071577568534
?	266.82149229800615	-5434.329694553071	58.58188940689194	-263.8060122140681	808.6298840264914	10670.834566478403	1735.691528597303	8043.727020622879	-1
?	-1	-1245.5835336942907	63.07994490053362	384.8089272527788	824.8801345661155	-6531.184071793984	1720.9148281614746	-1812.2712696907747	-0.33065437632833716
?	204.54231561329183	4024.9426863897397	77.82233576953081	-169.0093053380605	482.07068043679334	-6750.474519155969	1645.0779651127646	24.853748965229077	7.356498235904032
?	200.24713431948626	-4110.846312265851	54.62947963363062	-626.6569196257173	487.3564086083183	6287.372849479485	1722.157515609736	2024.2084474775384	10.217692159135296
?	-1	-4024.9426863897397	46.48948978824506	212.2952461472925	796.4393229107665	3796.974234065661	1746.288387486641	-834.1888433763036	-1
?	-1	7765.093659325633	65.24424194099521	525.29027803563	677.2051203116007	-8100.9629250561	1680.448073440921	-2557.8314453158964	-1.108649692595199
?	387.25468296628026	7359.84691358589	72.75400369002647	52.61701572964644	391.3911766579629	-3272.9300991765517	1618.3968152208467	497.42254464867705	10.499506840936151
?	366.99234567929324	-7765.093659325633	67.87509272747752	-180.13063457494846	513.5586153527737	14108.189665346681	1705.3192006733548	67.880458635241	12.032920174888742
?	-1	-7359.84691358589	63.747471961279075	-6.966687926519651	1096.8006599252944	9290.657533754389	1621.7908381526088	-3889.4688163250567	0.05062787321048916
?	-1	3606.0918822533067	67.52675833115154	271.12838464778645	978.0914920404915	-10268.32218690358	1510.8457598571026	-9536.032653920358	-1.6759730379688471
?	179.3045941126647	3351.5076686821053	77.30389119366835	66.24473136257502	583.3845505801172	-11178.970304677774	1144.9892054565926	-10117.067991238886	4.177312039544666
?	166.57538343410468	-3606.0918822533067	70.83899489928028	-695.8362834620361	419.1429768066048	1515.4760902232929	1004.9923602951601	5944.983955077744	15.38269926155359
?	-1	-3351.5076686821053	42.512077020566664	-133.4528039657615	659.1583550912816	9162.715235397469	1442.2384032104787	6508.985945809886	-1
?	-1	4000.7633111609985	64.16635470099223	577.464256758361	877.2787385764766	1665.3668207889236	1330.4416575856533	-7905.92441964107	0.5613816883610404
?	199.0381655580492	4006.9884507082015	71.38528985848461	176.96722788066188	742.4266961307275	-3579.011106287627	1046.9421822284266	-6424.922784960127	5.842813540157806
?	199.34942253540936	11.721765777151672	73.01471609502529	-229.12744120881794	698.3281832620959	-642.494315930951	1009.1955183376481	7718.862831977285	18.999553291189677
?	199.62425384690678	-4006.9884507082015	59.928917798043756	-322.47695861028234	710.30198033418	4959.948274334781	1432.8853238272895	12825.177968001517	8.758093793438484
?	-1	-4012.48507693815	56.89086816451123	-298.02502057821323	946.325596978834	2852.9354056663974	1650.4544167377217	6033.6187490107695	-2.5705071975068066
?	-1	4133.368566010979	45.02766676913315	284.33391874551677	852.9487506174994	-4283.2762565830435	1734.566261277827	242.44210339094565	-1
?	205.66842830054821	3912.6177800323226	71.10756410178702	600.06574686446	732.1617841496826	-2943.568875985376	1662.576521907269	-5722.272698852705	-1.463595279030524
?	194.63088900161543	-207.8157244758474	75.03095411235604	-53.82059107337502	705.7703068182311	-6005.497037100788	1448.4526263351927	-8975.410314949759	10.745404835952192
?	195.27764207675588	5.105842931567981	68.41653454811828	-124.0317019920896	431.8869322946443	-5432.977413816221	1213.8060061597826	-5705.827578218661	17.09872179426854
?	194.88618114819383	-30.42607204918749	68.82936901275158	67.67085329775138	434.121436127421	3368.016665997006	1163.1612474242606	-3443.38940680689	22.104986642313214
?	193.7563384742965	41.25594924144381	71.80007721300584	135.48899776396203	600.287765594494	4943.102012356273	1041.6365358194387	-2916.7335132317353	15.624298119061226
?	196.948978610266	143.69101558906033	75.60381890094966	89.73764829187618	681.2765367452338	1738.0599999257736	1017.3245717626744	-482.9538410369554	21.966191205525956
?	200.9408892537495	15.10376282197404	76.28695962759963	2.674266783351707	687.1907655907824	-359.14564810933496	1017.488843767591	-204.3527887136823	21.35774452358754
?	197.7041667513647	-97.75562703445394	75.73753224011725	-131.2268322131543	663.3192543397671	-26.711141993839743	1007.1069323269903	4014.154803881709	12.372958247448238
?	196.05310790202682	-3974.0833350273083	69.72561801694194	-212.4756443155177	685.8552084910904	6134.439368487443	1218.1965839616757	10987.410262610154	7.576587607186399
?	-1	153.24217752562387	65.1137500243414	-0.7122606066886331	970.0412227641382	3357.459431047858	1556.477445457496	10755.558574101044	2.18412554086662
?	203.715216778308	3779.9910019714757	69.6900049866075	262.42306126655484	853.7281800434827	-9637.422633341386	1755.974512666726	-444.04128214686966	-0.6026093394414537
?	187.9995500985731	-576.7230742171066	78.2349030876691	211.37787709643152	488.17009109707055	-7179.972703975996	1534.2753813501527	-3427.622581934869	7.099006343804083
?	174.87906306745276	-249.87136193612773	80.25889884142904	-5.800767317719838	494.72954484468414	1771.3126882914248	1584.5933835699832	742.2927556993753	14.54641205505975
?	175.50598200176677	34.076568875924075	77.9448647217831	-93.69905144029137	576.7357255116415	1140.4651443164535	1571.3900191351213	565.5508251294825	16.128066041125756
?	176.58289151124896	-43.669948096893606	75.57394626941449	-128.8159087301607	551.7528020605066	-2200.053625010705	1612.8709248264572	804.506253028124	17.056310681908734
?	173.3224845969221	-153.58417130826123	71.5040692852751	-255.46008227300283	466.7330442611066	1773.133410740158	1611.6153317865273	5830.483136251108	13.698495015900988
?	168.90368294583593	-3486.449691938454	62.800942155764396	-216.01941505167295	640.4094725975142	8289.372412660403	1904.3950816390116	8146.736710808111	5.558139385117206
?	-1	215.53337054925655	60.703098532691484	158.29617659313058	881.2016648941253	-4657.54716201464	2018.9521673269314	-2717.4925368879353	-1
?	179.6803514732987	3674.463468846527	70.7157509854209	313.6589090114754	407.53211449678304	-10089.380111247086	1768.5204547946153	-6248.345535557513	11.6889855082423
?	182.7231734423257	194.05897217899008	76.3860439832652	133.77782596904686	376.7326593317728	-295.6027091536554	1706.5348905490569	-3209.4776207718246	21.730367000516992
?	189.38330008224818	371.18063314417174	77.40464228387322	27.01208632839676	392.7519790391003	1164.893571487234	1608.0465737560246	-2205.933028560838	20.096452867122117
?	201.28220509953422	246.73743730372595	77.73664829968503	-34.13882779437399	434.9773379061343	2451.8836756426567	1596.2382391210153	-779.9757297632441	17.70983112835489
?	201.72017194743444	249.913074179041	75.69770089415452	-310.3951943344432	515.3461628212327	4176.621003731578	1569.0477872678625	-2688.6017188686815	16.511679554015434
?	213.77785880848623	2077.1775046603834	62.21688858296292	-335.2431167277198	643.8083880927125	2600.6551087305206	1461.8081531775817	-2610.5446957097	12.1052252316876
?	305.57904718045324	-4295.55717616974	58.93554505776859	50.151735803786615	645.3789182577583	5137.323270588854	1438.520552482378	-4170.357087985263	-2.8968495907003744
?	-1	-2213.030183223945	64.72447537315225	353.02778281530306	900.6745516221542	1077.3750173289857	1253.2902987783193	-8036.5090997221805	2.85762766679671
?	194.9275380192564	3793.7643209625144	76.58693419853368	41.8621264788466	699.2476691242074	-4084.4232553782317	1036.6950974962704	1666.5315670657915	8.440643437498052
?	188.68821604812504	-3918.5507603851415	66.81758169709457	-266.5999090238659	696.4533888532434	3784.036883028268	1336.6168771316086	10742.682151677378	10.340634130501739
?	-1	-3793.7643209625144	63.256938747340435	-319.35892329052933	888.4495132756201	5108.650991672457	1573.8292050801374	8201.785925466345	-2.607404383430173
?	-1	3912.7227322697086	50.84963553256816	260.2393265185841	951.8859384368653	-3872.237603776234	1746.7061734049244	-610.4708971009017	-1
?	194.63613661348472	3838.57378103522	76.2689050732696	415.72573774800907	694.8376330868091	-7838.896636786104	1543.3056602250924	-10403.081566426672	1.8611930726215717
?	190.9286890517603	-68.5112825845638	71.63592241996854	-19.285763645965016	559.9411065975615	-1336.6723087633889	1226.5520950835926	-8324.878983999732	12.00186093744801
?	191.21057248425655	-56.771368244969466	75.30461689097135	116.30207466354604	628.0040176486399	2630.3196142322013	1127.0617110251073	-2301.802096472383	18.914001890125935
?	188.09012063951184	-290.5893879048442	77.45102615314582	-2.9433374834826616	691.4570873091711	763.915803838675	1111.4619902599738	-1228.770090220664	16.971620898503176
?	176.68110308901439	-3781.802412790183	75.15745001679721	-329.376657360056	666.1998078405735	-246.43279550116054	1065.6232065140744	2574.2458244134878	9.227571269299954
?	-1	-3553.6220617802373	60.982193285142785	-173.95564603629234	679.1354475341129	2576.7531044477	1240.17428148065	8759.636231248922	-1
?	-1	3847.238581335067	66.45966771498247	330.80242507168305	795.0374630629603	2023.3916037994536	1503.6050180765267	7654.580256072709	5.955619259423302
?	191.3619290667561	3960.504987167501	77.52231453872717	138.5547291957224	780.305027724087	-3504.6803159098727	1622.903294284291	3254.4873951210584	3.6699456691807413
?	197.02524935837786	-3847.238581335067	73.38740417476869	-416.7084653011168	619.8034472674642	-7123.669120652012	1666.329387832582	-318.9835969706337	9.439709321961708
?	-1	234.54768856196105	56.68689127367104	46.8380492087086	424.1215716914814	-533.5997252156031	1606.954114435759	1572.0310707362528	-1
?	208.75263378647608	3991.285144986273	75.72930663520415	375.24583553630157	593.1234610066837	5139.018183433146	1744.9309413693957	-394.4280336274131	7.859052258317836
?	198.56425724931648	-4195.052675729462	75.44918305048638	-482.1814622589015	681.0724808631424	-560.9232307220179	1587.232712754388	-3225.98158721928	8.628174723767703
?	-1	-3991.285144986273	51.62023352225874	-710.6880539766341	565.0772994705824	1107.2394902242174	1583.6318620084294	2314.5542264278665	4.7554840328712755
?	-1	0	39.91478035165417	-320.4466678045939	736.434455374354	1948.8299777597076	1702.960424075783	2341.4221666190165	-1
?	-1	0	35.59790013202881	31.13175800781148	662.5187983585691	4416.60414714178	1700.7029703393819	1753.4655759395741	-1
?	-1	0	41.47136825204477	372.4409742629994	957.2646627314462	4116.500067198373	1790.633702872763	2807.387689817134	-1
?	-1	4451.937487066947	54.21994884517905	600.5464753644441	868.3438017184907	-8809.33497156565	1841.0723548302406	-2879.0950989413204	-1
?	221.5968743533505	4476.816842392594	71.4986920202674	500.7273929847858	516.7979141531574	-8356.5580712333	1646.678947925695	-2749.917841198	8.557090544820746
?	222.84084211963287	3130.6212799023097	79.2563184944187	103.26417692102093	450.5158981568198	-1498.615164524024	1703.5764627703386	220.56296523705583	21.893636263184295
?	378.1279383484682	4410.910748758131	76.66190086631852	-358.5634458952376	441.86715592695515	-194.61917448181518	1657.707096187548	-1764.9343137944265	12.508714989083353
?	443.38637955754257	-7582.558766969257	61.32814619965656	-464.39321155484345	440.7849394327289	2083.523435278067	1615.329747080616	-1873.5621324216897	2.2053243450179028
?	-1	-5159.123867663563	53.442240288576016	188.33538153659237	546.04332769086	425.57538418553656	1564.028989566462	-1769.4878893818416	5.316392897453252
?	185.43018617436073	5355.7576060061165	70.74491527648631	385.00715279017294	462.063708642006	-3356.9644890647487	1526.8553526115227	2818.219630940581	3.638880898869897
?	266.7878803003096	2362.447256681613	72.69259792808494	-320.46221854510844	378.1951032376202	-2129.443599718724	1704.9399711134931	2746.6601468812196	13.409076417752146
?	303.55254900844307	-5355.7576060061165	54.72180434923066	-478.4954464189957	355.5915286560683	7487.663095562087	1664.1883599555856	-1542.472626166219	-1
?	-1	-2037.086574589526	48.76782560713481	256.8500284095994	752.5782580157298	2234.7794690917885	1627.816339805181	1306.541040740744	-1
?	201.69822027896532	3984.7757193649068	67.56430576971081	543.2238580335305	467.3305021106593	-6924.816639359755	1729.5154119926237	2312.377137692887	7.61976062283035
?	198.23878596824818	-1364.7043580942925	75.92901850881172	-4.821961439553706	406.33742604773715	-1347.7378659074989	1743.435196689827	757.1874363000535	16.224355610949083
?	133.46300237424973	-502.3338237113679	67.32320769773313	30.883769484603206	399.9436088152834	836.0723599516888	1767.374783807627	344.99137423527793	7.4145212756162096
?	173.12209478267943	993.5361314315771	77.4732069830419	219.9330761835688	448.1410440453222	3783.365131552243	1760.6847654015912	-154.34092828929587	9.825906516503434
?	183.1398089458293	164.23255649914603	78.31986150691172	-143.55432100191473	589.1118653928983	4206.2119326765405	1759.657737393162	-5727.5811548692955	13.747194618857355
?	181.33372260763684	-84.76474101904039	70.29549093294607	-429.5462621773648	658.4516406791522	6155.958696159272	1474.3057076581224	-2415.0002901513085	10.174767252753242
?	178.9015718948772	-3646.6744521526853	56.84254839804318	-466.64654907959874	896.9098002008662	4524.649941096697	1638.907722885595	5018.663575977691	-1
?	-1	-3598.031437897493	46.9631634789658	-148.87526897178932	884.6841377339903	-543.2694934932706	1725.2388864570105	3226.2537712684157	-1
?	-1	7806.995693594478	49.398784949453606	431.0454069387903	869.7463255262023	-9164.985686615888	1800.220411449018	-1345.1057414818833	-1
?	389.34978467972945	7502.455006765217	68.51543382590562	132.55129182742235	426.4348534031894	-4844.852468889801	1657.9835993829154	269.91336489289625	10.546204186448103
?	374.1227503382662	-7806.995693594478	56.02634954082482	-208.36137230635987	627.5037020817089	12208.635963125516	1813.716079693663	3983.4256943167366	11.477338182538794
?	-1	-7502.455006765217	58.097365210587476	54.818365577460995	1036.866651559474	5620.769891391644	1857.154884098755	-1317.8006812110466	4.876124210572236
?	-1	4418.254546418412	58.767267819697906	264.9339240097087	908.5421966512951	-10368.268942771112	1747.8260456331097	-4332.786611969343	4.563306589519902
?	219.91272732092375	4372.720811834039	71.3440614110731	409.98001050093325	518.4532044209109	-8949.832088152436	1640.5155535002848	-2065.7938161190964	5.715327868545409
?	217.63604059170504	-193.21924694102515	79.26626834474486	92.64176983104657	461.0505922436669	-954.7869885901436	1644.5363548271534	787.2159851247877	19.58653074910737
?	210.25176497387235	-572.9906712780158	75.9761499026255	-221.59187801353565	470.713854991403	-137.8018224730741	1679.8763527565247	1668.098518353312	14.026599821468228
?	188.98650702780384	-574.5855143708415	68.18667444406792	-31.83100886375809	454.1605011200131	1166.3301148712917	1727.9412807448202	-4320.937284307021	10.283864357741557
?	181.52248925532987	-3779.730140556023	74.38459945943757	-1363.733488881339	529.0303607349684	-9083.210022400133	1463.8294885411706	-34558.82561489591	13.34736443522866
