rowLabel	avP	dP	avI	dI	f1	dF1	f2	dF2	h
?	-1	-20	63.1261558628155	1250.5689006077898	802.3762306634982	16220.44701381953	1681.3736368183474	34828.73712453793	0.9630506354931767
?	-1	0	62.52844503038949	-23.161032193215476	811.0223506909765	-323.2385539288748	1741.436856226897	1091.8988091673464	-1.8818234408364694
?	-1	0	61.96810425315473	-76.22726035673904	786.2143029670544	609.1758678226845	1735.9685772767148	51.602833017009274	-1
?	-1	0	58.71708201255254	-100.06343437904806	841.4811440821108	-135.4189392981539	1744.0169978777474	658.8137051975128	-1
?	-1	0	56.964932534202326	-108.47334747435784	779.4433560021467	-2487.6666561783604	1768.9092625365904	91.91027909490914	-1
?	-1	10386.37776974753	53.29341463883465	-85.770934303322	717.0978112731928	-2360.5421257536436	1748.6125118324928	177.4815499079114	-1
?	518.3188884873764	9609.804556046016	52.67638581903623	504.9035873139722	661.4162497144646	-4370.973904331483	1777.783340031986	-1134.5915433070652	-1
?	479.4902278023007	-6028.484013176809	78.53859400453325	352.6946456189399	498.54911605661863	-5260.90650130171	1691.8829346671396	-4488.854163375482	4.372800498393098
?	216.89468782853598	-7339.050402945437	70.31111809998322	-103.69742943098916	398.37092464937916	-1899.915692908143	1553.340631863212	-6627.5180870454615	6.649101178833751
?	112.53770765502897	-2189.9725975217384	73.3537225329838	-18.890114908958825	403.5533314112115	593.7822212708717	1360.5070303148666	-3939.4516089913814	16.01949270671066
?	107.39605795244908	-47.61143631780608	69.36661235453528	-68.79398050999805	428.06003571292274	2849.711922393844	1356.368051413643	1333.3642112039877	12.219330015623866
?	110.15713583913866	128.3853368000773	69.91402350748389	138.49373520564103	546.0389275309038	4095.3403025141765	1427.175240875066	-763.8381539285858	5.705812552467411
?	113.81532479245296	-87.4874747884558	76.29129911481734	-73.95400999211198	632.8270508386318	-498.4109568717913	1318.1761437172136	-6354.520774422935	14.785240160816462
?	105.78276209971587	-117.47031061347418	66.21632300787829	-213.2804154134562	521.1183796873143	-2496.310041798631	1109.449202153919	-7332.468295147669	8.809351870468465
?	107.94180926177924	162.00699301971255	65.62727834414451	108.88654072658615	508.0115487487001	737.5229407668273	951.5527289598298	-4679.191638756306	11.18550374331197
?	113.8831117507015	83.908098746221	71.6606500442076	132.91312942747555	557.9945267256557	1055.1486960677894	875.4896202161035	552.0099437454901	17.189197396517766
?	112.1372141990903	-89.3212293800581	72.2729348155183	-85.79612501948184	560.7689835520896	-1567.7817237048541	979.1532261471043	10710.951831853512	11.825450456927632
?	109.4170502816986	-2262.744283981804	67.3708437932335	-408.8977678924329	479.60544054041287	-3073.728327729571	1411.0372118087796	6002.061109442724	8.614191000771196
?	-1	233.9284632005545	51.828046420896634	-86.00607404783567	407.0825671656109	-817.9533579870274	1279.2562816192408	9059.836160426436	-1
?	121.11347344172633	2627.411374430987	63.07054009084172	316.80502783623325	438.70777264106147	-501.88146673790993	1864.0290198301018	14329.055550222043	9.226659200434128
?	130.37056872154918	129.52685743180484	67.66829781270828	-300.2965867985941	381.98849382871543	-1489.3901097355374	1995.709059130342	-3734.0759013608035	12.681636887928331
?	127.58981631331658	-2627.411374430981	48.055710750912	-387.2308796917367	364.23826715428453	4860.927172452815	1677.3252247620615	-6673.226023104883	-1
?	-1	-208.22170518794658	48.30675382812142	470.8883582035158	625.0348524513564	6564.824303727178	1662.0477579750975	-218.21911431507922	-0.8196231225803358
?	117.17873105391924	2229.166789666981	71.60012866108781	587.3641871097569	692.4794823406437	-3150.623948152268	1666.4142690463075	-4257.34476257193	1.4903895026778025
?	110.45833948334915	-177.6324611453354	77.6749631836093	78.12618585444447	467.50365504374287	-3919.579824334713	1449.1805198465008	-6026.870488211979	10.040705939966376
?	108.29710799665246	-32.2616471228562	75.50643795381004	-53.97445633318052	496.50049112390786	1076.180645358111	1365.0707446357083	-1719.4640823070206	23.66053652238481
?	108.84525712720634	-63.03424281321804	74.97624036695027	-5.9713713078087896	521.3126873116485	595.4293845171645	1363.2073157311497	-273.7454965032837	22.960542542399548
?	105.14539585599155	-129.1692670696945	75.2078693884196	-2.921802351662845	526.2719603497661	57.776140828143475	1351.383469810544	-379.99115262596627	18.11502460658171
?	102.3867937737216	-34.97214562675535	74.83015024936712	-34.44909950218428	524.2014943530556	-116.6704063966039	1344.2077580998514	-288.03159593398476	23.89526986424996
?	103.39678857465378	947.6455330665289	73.48541441331038	-123.43505357710757	520.4384400299359	-511.2888413113212	1336.9818900138448	-639.5291584139108	21.282845605344583
?	149.7690704270481	7681.010761099627	68.65839757051174	-408.4114272097424	498.63705228748955	569.7822113175375	1312.2313001791558	721.9778219156608	12.049537077739402
?	487.4473266296355	-3015.381408540959	53.06484305282324	-557.8500182405205	548.9275505958128	1156.2119921594967	1373.0807811096279	1172.2047033497427	2.9124025397683933
?	-1	-9768.946532592701	40.76589665848569	-278.8836817302155	556.4476518954645	2174.885577541809	1370.841535346643	802.1383081940069	-1
?	-1	0	39.120658966312455	49.309400765700346	657.6718294729034	3518.9796848223377	1413.1876965193283	296.04917418735084	-1
?	-1	0	43.231366696770706	199.1109865205635	732.3966361365815	1127.5146950312856	1385.6439940560106	-224.29066241260878	-1
?	-1	1828.6327924648401	49.07620829234064	309.0938803553569	714.0475642244677	-4548.052799330686	1401.9731633986978	-449.51259121268737	-1
?	90.43163962324209	1834.6118819266342	58.68606071453856	260.989478438238	504.993996170047	-6464.71879592935	1363.1683644953762	-2033.593559984818	-1
?	90.73059409633179	101.46829766494525	62.12568221425255	143.57801792352038	390.8116244279999	-2464.126316383155	1300.2934853994568	-1786.793628439021	9.912158883788077
?	95.50505450648936	136.35494066553707	65.86496161071459	100.43308456743196	381.78768035088916	-604.761179600302	1273.828683073425	-560.5156123918864	15.87876789718889
?	97.54834112960864	43.593203387792286	67.14733644262415	38.324450104835385	360.5735654479848	-399.76257108229817	1272.2677047798625	-199.39836985875516	22.11934881376096
?	97.68471467587897	54.72743579109808	67.78118411595635	25.23025079610912	361.7995517967743	61.245077064377476	1263.8587645804873	81.2452805877686	22.140991414152978
?	100.28471291916354	156.29829746723544	68.4088489824296	101.71196719288368	363.63581930120364	1382.2263928464445	1276.3299688092509	-207.1007713457637	16.623852651151925
?	105.49962954924071	181.85590772147899	72.86678247560052	150.6631110610925	430.9108714390963	6460.376915548419	1253.5037260131992	3111.777824926032	12.617661961456061
?	109.37750830523746	171.39347446683817	75.9420045354842	-117.73552440898938	686.6546650786235	957.3608441738122	1431.918860055552	5400.384526003973	8.171081846057698
?	114.06930327258259	265.0774198757837	66.98000625515107	-133.12882752306527	478.77891364778674	-3679.586970437561	1523.522952313397	-1979.7481538094896	7.488744678463351
?	122.63137929902659	-141.7245971114209	69.28556315933096	-72.87196188990973	502.67531655674605	919.4540539508852	1332.9314523650778	-6408.041257831683	11.164319401169964
?	106.98307341701157	-406.8768678999018	63.336408160655594	-166.14151683204926	524.7516163453308	231.1390753317161	1203.120889421814	-3639.6003664727723	10.987924849894991
?	102.28753590403157	64.9220391286513	60.97848731772853	121.59925487255393	514.2322703233318	-803.7610557053262	1150.9514340414398	1833.1664668431242	10.632296478344989
?	110.22917537344412	148.57063689283362	69.41637090428327	148.51768771660585	484.56356356006467	-1133.2434584023106	1294.7792127639698	5999.106888842746	17.67172477256603
?	109.71606774867323	-231.85021951015895	68.4043717035588	-304.1696445280358	457.5700974032165	-894.7874043543036	1450.906778483576	4669.334963077052	14.452869545098398
?	98.63666439793622	-138.5520636984733	54.207888677881535	-264.7840971923689	439.82419334234964	-131.5855659779793	1528.2459609178215	-428.4447227674188	-1
?	102.78846456374959	110.59746672123975	55.1651668439404	142.4842666966466	450.99081910431755	-1258.7263536361536	1429.4845423452052	-5588.030086830947	-1
?	104.16653773399818	101.4014629889693	61.33210201271384	196.3226940934966	376.8878756605422	-1445.3390974446093	1248.8444565762752	-4332.971458616991	-1
?	107.85853771319803	72.74426456021044	64.98130154861519	183.18273222035936	378.72386423208735	2200.8716132490404	1212.8359694143564	-4931.554406494776	21.48315784602557
?	107.80375096200869	-38.18737307756677	70.49123862373178	148.73037637584613	486.9314563229938	2503.5614242868687	1002.2667362515373	-4805.5595374678715	14.269218496454949
?	105.9491690593197	-56.350253122128805	72.41782036740747	29.79160818244946	503.90193544643034	121.65070757372561	972.5579925409637	-476.17117755536526	25.68574127734994
?	104.98623830590226	-105.39603874508467	71.98081903285424	-50.22779028762347	493.0139917016801	330.1947280373509	978.4581773737691	2240.1891468963154	20.974581393768638
?	100.67936712206549	-232.5820392773184	69.90643085302631	-234.95929563133058	520.4116718482978	380.5729669905795	1084.567449885779	9129.642799495387	12.57503696858718
?	93.35713634203638	-2033.5873424413169	60.232854251287755	-329.65864221258715	512.042640051209	2711.228591874947	1434.9403173485368	12124.906161326373	8.388538831005544
?	-1	5985.588335557789	53.42349874239701	3.9456586467074004	655.9731014420447	4570.348174658446	1690.8127579520956	4136.437685863553	-1
?	392.63655311992477	7974.771600490298	60.430137183623124	262.93381863267905	740.5600487841305	-2218.7961436207056	1641.7622016417138	-7746.660022133997	2.332155767983614
?	397.73858002451345	-7872.731062398523	66.57018967403091	-27.57291181573588	545.0332942610098	5414.401791986412	1303.479756845397	-1418.9340303551585	4.621566232439766
?	-1	-7974.771600490298	59.051491592836335	-177.07019225512346	1011.2801383834501	6910.514861816768	1570.815500123956	7847.796035797361	-1
?	-1	2322.9457579129785	57.71668006127477	297.00698462594295	890.559037351847	-9484.505157463213	1695.8695586352637	168.89698555862256	-1
?	115.14728789564852	2152.628120255592	73.90184082413343	168.24473899143103	537.0548805102911	-9078.257279793623	1579.2603494018872	-611.6593299444479	5.062435043460997
?	106.63140601277921	-2322.9457579129785	66.1289170108463	-546.8914836011585	436.6461733621675	-427.5534400483654	1665.2865921380414	325.61119965867533	8.981847277046258
?	-1	-2152.628120255592	46.557266644075604	-269.24182542658593	515.6772085078729	4564.465821907402	1595.540909384821	1885.6625768011756	-1
?	-1	2282.2736241517023	52.666825739517044	413.37546820834535	664.8694644575368	-354.2066574412446	1759.5697209781	4385.1151076480865	-1
?	113.1136812075847	2298.3309035714656	67.2260400544928	437.3006297257453	497.96687563581077	-5778.157320166869	1814.7966647672245	1521.7547715547753	8.88924872839743
?	113.91654517857287	-2282.2736241517023	74.53185722580423	-164.70831326651367	375.96159844919435	3421.4508125402117	1835.6574595558384	-904.913721627739	12.792075479545666
?	-1	-2298.3309035714656	58.990624391167145	-476.2263240602537	669.0394162628207	329.08281529749394	1769.5509786858377	-4350.458546131924	-1
?	-1	0	50.72054102279163	-40.50350167844002	392.415739214069	343.21992001752625	1618.134532249243	-2587.720329359354	-1
?	-1	0	56.96544930724515	214.49105716770453	686.200412263697	7782.8696554911485	1640.1649622178704	-7185.691843258285	-1.2200142731997707
?	-1	2165.401724459119	61.44509388117682	402.6144555005109	781.559221988625	-3898.045502351197	1258.84994008633	-13090.27867566188	1.8226905375294855
?	107.27008622295557	2077.8008631172415	77.09617208227063	195.85097379458017	491.29813714613783	-7219.274280037565	985.6510284347787	-5080.109532543203	6.358612218642501
?	102.89004315586172	-64.28320100770088	71.23764257090579	-252.8876983018788	420.59550798674803	-2844.4426786799363	1004.8444634591707	4748.346733903394	12.04391743266962
?	104.05592617257054	24.076412663364493	64.45178716717673	-72.14600965997389	349.07600321214153	-1057.876364508924	1223.0683651299476	6408.070262665076	18.734149741415266
?	104.09386378902994	-38.6041402262019	67.63034208790711	92.28403283995992	367.701689761302	1058.6254240249496	1325.2479765924234	4919.5179414605755	13.035144924313418
?	102.12571916126045	-60.9210161057981	69.06598880917471	31.136310121355674	402.0072744133888	682.2311241489105	1469.0442622029755	4287.826727875383	19.757272959563004
?	101.04781298374004	-55.46602729041203	69.18715759397489	-49.85785766653141	401.8132459687474	-253.47984709952675	1539.6393129861917	2770.919626206224	22.51586153762542
?	99.35241779673986	-108.51970056113724	66.57309592584815	-77.459640297306	389.3332820584125	-1248.1766452000772	1607.5902435132862	-4056.5569703609444	16.62529353932382
?	95.6218279556832	-214.86938958042364	65.3141755791096	-50.626830037451676	339.4044137087438	-425.004574122468	1336.8114644681452	-4556.684113211816	16.720953055852
?	88.60894831771871	-267.5093330807435	64.04175442397558	-91.71816373877694	368.0830533522892	593.2674322905699	1379.7560378526962	2648.508577546541	12.190012914779208
?	82.24636130164608	-196.5755354308304	60.72826739217077	-114.09652085474688	369.0677853232722	1737.9036039904786	1469.2368933454718	2576.112408683948	-1
?	78.78017154617723	-1664.9272260329274	58.33692838123825	-290.52063324422153	454.9782335518128	3357.1147584432147	1508.5616582868931	4479.021224336886	-1
?	-1	266.13425977331826	46.202235729959746	99.61484105436988	536.9235232454323	-1140.6730027906356	1693.1879545623153	1892.2789880773485	-1
?	92.0868845348431	1908.1618188567131	63.31767043395673	563.7016056187447	397.94458341228125	-2526.840947853601	1603.1756076907602	-1614.657562930762	8.31356553627971
?	94.40809094283532	171.82905153883613	74.38731601089688	250.18333058969563	410.5814758527527	1438.8305779452644	1612.4550764157775	-3583.8599489470416	8.153118817426202
?	100.67833711178487	106.09595332159425	75.82683696344147	-284.06776674935816	469.8861123095442	880.3085435967726	1423.9826102434088	-4913.929342689593	13.730146965065718
?	99.71288860891501	-2033.5667422357046	60.183927673429025	-397.15890122763824	454.5969030325912	3806.9151084562563	1366.7586092812987	-602.4312286386452	7.568490433956377
?	-1	-2014.2577721783073	55.968891902059624	-20.89298871570556	660.2318677323564	5039.628790530971	1393.8610488114766	-3100.972654829763	0.6907474595507185
?	-1	2195.336136277591	59.13927823764375	385.22909023173264	706.5783425591388	-1693.9290372809878	1211.7099765398111	-8926.656807497446	-1
?	108.76680681387914	1994.1467175701232	75.23034641364619	190.98547650196122	575.5354158683073	-5337.797122386753	947.528208436606	-4405.838234768441	7.940680514493682
?	98.7073358785058	-2195.336136277591	68.68855206274178	-465.2175733024597	439.68848643980215	-3799.755445910167	991.4180648013899	4215.4463206873415	7.356950945166153
?	-1	-21.089039033978526	51.969467748523286	-94.7117178429034	385.5476435727996	-806.3306547318081	1158.3005244709723	10660.765858522942	-1
?	97.65288392680688	1994.0348551963589	63.952966170596625	452.7039853927089	399.3719537032119	947.7619891028905	1524.456357727535	7907.93462590069	11.772557260507895
?	98.70174275981759	-14.728719227731569	74.60466701815865	242.46801287904617	432.93574302794394	1882.4631091706292	1553.6972557660054	467.24576094143396	9.155895768085395
?	96.9164479654203	-125.33113764608076	76.07636681454889	-92.54151619384662	493.495109161743	361.62531010251104	1547.8186457746067	-3004.495154324774	17.17727000361659
?	92.43518587751358	-39.132666093234576	69.97759120846634	-263.27161204307123	451.01700853306943	-2851.901890253815	1403.4724980497672	-5264.592819743872	11.969206983735157
?	94.95981466075858	-50.38369495716996	62.912786212395375	-161.30130011144942	350.90001464905276	-2037.9918064525968	1284.589004787414	-2247.366090216964	-1
?	89.91600112965509	-162.34066622594355	61.91252620289389	3.4541066697123437	349.11741821043995	485.43985216765975	1291.1041935389194	-596.7222790384925	-1
?	86.84278134946143	-138.1046530542013	63.08549154588099	102.04307977441596	375.17200725743567	2279.3953193317952	1254.7528908354896	-226.99266401778084	3.1099205713564997
?	83.01076847694505	-123.83251277080846	67.01468019161467	46.08875170364259	463.0871841770293	2214.5902815472073	1279.7545603380304	1772.1694563104274	15.093086685204423
?	80.65115571092103	-1680.215369538907	65.38992913106311	-148.94117525224158	485.90152133479563	3726.390935183052	1343.3613636510106	8235.539784915192	12.407183971731365
?	-1	-1633.0231142184264	59.56762142900262	-138.37911131751005	649.4067309361813	6479.870729963397	1691.5315495837885	6669.173475942913	-1
?	-1	2032.4929180647262	58.470973565187634	251.65208254503926	809.8950578329643	221.2402388831523	1676.820037448155	-5176.158914237667	-1
?	100.62464590323594	1876.5663679374777	72.15022555625454	175.18498218977533	660.4687428803388	-7229.297717779777	1432.723603871906	-5207.708318540044	8.776904116598436
?	92.82831839687356	-186.03008698759973	67.23022267467637	-75.9371396869514	448.43017194397675	-3465.58970301121	1416.4346215211538	1577.475405338879	7.372738062197473
?	91.32314155385599	-39.864557936136436	68.35336857190698	-11.881206710598107	487.18925772977894	405.94735959539577	1511.5973741388498	1620.578902504409	7.839777181442152
?	90.83509050006674	19.938099323313523	66.63616233914647	-96.73941094265479	468.72753992374646	-1708.2113400701808	1497.463566646374	-5725.568652693875	13.66703315011186
?	92.32004652002166	-121.10099812937747	63.51639802477426	-128.73882395124087	401.7786907262702	-1975.6618646502036	1225.318941504157	-8977.709155884428	18.483179855193708
?	84.78004059359789	-47.53207095782716	60.199221141584445	50.91853011207423	369.94444669123664	1220.8238263653423	1048.5781088521542	6507.475661943968	-1
?	89.94344297213031	67.45729803544943	66.06232453037796	271.1764508742318	462.8198820445371	3141.9738427647167	1550.6927246013543	9818.261987070462	4.439087895939729
?	88.15290549537035	-105.89498778115805	73.75804368529599	52.17770894316705	527.0431388294719	2371.605035650396	1539.4912082056755	-667.4722824397965	8.807546158127078
?	84.64869358307243	-24.86856675542393	68.67120997753631	-116.15525928384484	581.4001338270565	-999.8525008799232	1517.3191104793646	4054.4583250275136	4.018859026642631
?	86.90947715759916	15.636695054886102	67.95028072110377	-55.086280525869626	477.0505137854759	-4361.253425149035	1742.2141244570505	5593.220408940862	6.9162503752152915
?	85.43052833581673	33.87637857862257	65.91689595124284	128.77544505259453	363.3374625696055	-1120.2480407352614	1796.9801309264067	1623.5835929096459	10.088069316277661
?	88.60329608653028	39.4825427142014	74.38905297373347	193.22370034095837	421.03811174871305	2121.947045431036	1823.3933041025325	-3256.4944118528206	10.813396335193227
?	87.4046554715268	-96.79418081204977	75.57808096829072	-21.89821574170346	469.43481484115694	1669.1921436812722	1634.1554103337662	-5176.451888512415	15.160989364546538
?	83.7635870459278	-199.23665622397053	73.2941421866483	-163.0913515250964	504.49771893277637	1291.042718407789	1564.5707096769127	-2278.0972955347343	12.903110879608372
?	77.4428226603283	-155.99774764880092	67.42351339203593	-339.0184455554131	533.9869507615462	-1220.0684866774075	1520.25054555703	410.74487418730916	2.6196565719286586
?	75.96369966348779	-1568.8564532065716	56.34321990887771	-36.14412684570068	443.4942945989062	5122.488655846964	1585.107953386278	-4068.3287591986855	-1
?	-1	-1539.2739932697611	65.6163070497509	360.0498000599069	790.1113835538935	2108.215683729118	1316.8341075970964	-9779.090044793682	0.030715226701446552
?	-1	0	74.34570991187299	192.93605325647616	548.9050787853618	-2841.624617230744	1096.1534511465957	-5463.278860304823	2.620224058379031
?	-1	2962.683267649655	75.26310971257468	54.6877892329123	648.0301526923568	154.6463221645109	1043.6701645818562	-2246.1349434880995	-2.006371056395114
?	147.13416338248223	2976.0233899702766	77.08009937351859	-209.94024556146786	556.6373948935873	-2037.490784233028	983.8467039721911	6390.787459350358	8.821367713767014
?	147.8011694985133	-2962.683267649655	64.76609743450132	-548.131568250727	546.1556134807057	2454.6033183681557	1363.209537549373	15481.682033129506	10.516603286736997
?	-1	-2976.0233899702766	49.67352096098234	-300.21620333457	679.3675608119946	3748.968313539585	1757.9308056286636	7486.358626436753	-1
?	-1	2537.476316691309	49.75528726777287	118.03161281100557	733.6040291576843	-2300.8889709827477	1737.5274688712093	2137.515875060743	-1
?	125.873815834565	2391.692651205161	55.575101601532594	164.31351699321087	564.3231122628577	-6516.972236300576	1864.8065993817004	1652.6260704675692	-1
?	118.58463256025763	-2537.476316691309	57.970963117433385	-109.62619860000241	407.75541734265664	4367.716236267681	1820.1587723945875	-2455.6722841440746	-1
?	-1	-2391.692651205161	50.09379167153249	-188.19726255107608	782.7089240762409	8368.91007314285	1742.022985174497	-1979.5740561979826	-1
?	-1	2170.848581991576	48.561099989879615	23.880893677237452	826.2009209997976	-1693.429922647264	1721.1800695846887	-1437.7012479100408	-1
?	107.5424290995784	2049.833079742342	51.28783635539436	371.88919537956883	698.037427943878	-7970.531387460807	1670.1379227789953	-1558.4410704732327	-1
?	101.49165398711673	-215.0394842496103	67.15555975885799	343.6202818233304	427.67435162675866	-4555.976226506635	1643.2580160610273	-955.880504832993	7.748775584901729
?	96.79045488709792	203.58231058706693	68.46885044656082	21.39814547142159	470.2386166185471	897.1993221630303	1622.3438975373458	534.0338015383642	14.377887422077828
?	111.67076951647005	423.3235900833376	68.22546703242907	-333.5464713678875	472.53431773491	881.5847479359977	1669.9597061379454	523.7735132817552	9.801274131101787
?	117.95663439126473	-2253.415390329409	51.79152687816651	-619.8198160978519	514.3178540153468	976.6390678293818	1648.5325732014335	-1903.4770393105214	-1
?	-1	-2379.132687825303	37.23447622753658	-305.38981136207946	521.3662711263789	3478.2165063259945	1574.7858541724197	2010.021012436271	-1
?	-1	1942.144031904029	36.52203631006259	522.0022957816793	688.2286793316459	937.3827897200782	1749.0336238232467	1949.2018284729897	-1
?	96.1072015952011	1958.144843928662	63.33459101662046	676.0996953985192	568.2354106123827	-4575.198599040248	1672.2459455960689	-1597.163604720464	2.8770123832581014
?	96.90724219643276	-1942.144031904029	70.32702107998843	-224.08341164042136	459.46874937963435	353.73117329837794	1669.1754435872238	-3730.6223793291015	7.827917701279105
?	-1	290.84229821142077	52.13042043459943	1.5439866903236121	585.9219692773015	4168.072602689766	1485.7148266296144	-12229.985464167305	-1.5775330217396526
?	111.44935710700375	2106.7455319393503	70.40422041450461	463.6974864386786	667.8723795141219	-1713.173818464549	1057.6761703788607	-6858.582613457513	2.3245532753115707
?	104.33727659696714	-288.205187951276	75.31529475653328	-20.356039631024387	500.2632783540744	-4956.338994828542	1142.78569595674	5866.7800873382685	6.28030259685779
?	97.03909770944	-253.84182084598797	69.38641843295339	-77.75350721493338	420.0554297726957	339.17759397526316	1351.015174745773	1219.5667159861475	5.518994817824408
?	91.64518555466779	-1960.781954188807	71.42761939578662	-161.28106976656227	517.2221580528375	8046.8186821033705	1203.7640317560472	-2330.380730812325	6.377111103880507
?	-1	-1852.9037110933623	61.322364944625306	-461.6792748155806	822.3963638778628	2302.048685244953	1234.4961382051572	1392.245973204272	-1
?	-1	0	48.34365565500767	89.68831079387942	632.3245923150847	-2576.8439353854683	1273.3763304162605	-2841.362019287604	-1
?	-1	2597.4364841971396	65.80678048431926	558.3206308658582	693.5541671085898	-984.3843311733839	1092.4280372407775	-8117.152321007863	0.24109738134447772
?	128.87182420985653	2624.9343687016462	76.25968719830048	85.90370963328299	583.1053757564157	-1678.0781454356807	867.5187143658689	304.15628660618603	12.413208745388767
?	130.24671843508185	-2597.4364841971396	70.1019659659834	-440.9328038545023	609.6502598368061	272.72987242328423	1107.6358515710867	12560.766609349575	8.737638076367908
?	-1	-2624.9343687016462	54.21304700557545	-384.9280374867808	596.7418693775799	2167.577414263336	1495.5570448333453	11174.192828016698	-1
?	-1	2385.275900990702	50.855564091644425	204.89060420345555	718.0291305499725	-1150.4680361547203	1666.3454929719196	2458.585488738008	-1
?	118.26379504953469	2257.3151268059337	64.45757721574819	367.8880196967926	539.218467569844	-5533.07525828113	1618.4863192702453	-2112.5354483796023	7.468919798189584
?	111.86575634029627	-178.68246032578475	69.24996507648399	47.73038817894263	441.375367635917	-3699.242861471153	1560.7187205529399	1967.9720416110583	14.884262229309007
?	109.32967203324549	-52.49774035394542	66.84409662469531	-20.137107906006477	354.25632449628705	-1933.6675784956992	1716.8849213507979	7144.163085834246	12.247570696521556
?	109.24086932259901	330.67294332302174	68.24310968118367	183.64313918796407	344.69198871113235	1609.4157238392029	1917.926874844651	-1872.1926671728054	15.39412196292657
?	125.86331919939651	613.7447099566875	76.02625358409348	163.08509268932028	434.7271106882469	2775.348694563656	1623.275287992158	-10239.976585579288	11.228123234155321
?	139.92810482043328	329.69049139570905	76.39736431564965	-327.52680928224606	483.45942343931466	-747.2208537190799	1405.9280455656883	1838.7203740057496	14.023126527742079
?	142.3478437691819	5297.279626718769	59.649913119981235	-288.1231673155	397.36606800229305	-313.09624570120843	1715.211306692445	3439.442810294942	6.896931212025503
?	404.7920861563755	5515.9914327933375	61.99120594987445	253.68252287527335	467.804611154254	837.6833571534627	1577.9001860804378	-4296.804877094726	2.0510866332427993
?	418.1474154088527	-138.26347632690303	72.33403926374508	-180.0832402425506	439.2502358599668	-697.8755812486126	1500.3710628377057	358.90125191128334	8.667433135547324
?	397.87891234003024	-8382.948308176934	52.98704393774679	-556.0326395932128	432.9108320918229	1521.5829507425826	1595.8452486760023	309.26917159544263	3.0872932293310966
?	-1	-4648.501777156882	44.532407284084044	270.4877694239873	515.329383397097	2113.245340897993	1515.834521417478	-7534.384932788373	-1
?	165.45382348218286	3370.3969812086825	66.51143240894635	557.1255170097714	538.5730991367241	-2480.9619951302566	1219.1260020365783	-12053.386643759797	7.250093079777002
?	167.5198490604365	30.062431956481674	72.38868313457301	60.432774083821236	391.2812836405824	-2867.181369663838	913.1651892294797	-3236.685336739801	13.649949931067558
?	166.95694508000696	-4.952309272046521	69.53307111313745	55.44580004428219	395.21403065353013	1031.8828769579025	1057.291735199586	9345.692876785131	15.414274433253425
?	167.27223359683418	-237.10588680664617	75.16097313678716	143.07425671458583	442.87542748847824	4239.1188700331295	1380.449833068743	12890.67318286929	8.515380283527966
?	155.10165073967448	-535.7419029300858	76.68678394886685	-204.7464875675737	607.1699741551896	1157.9080549913756	1701.8253943430595	5733.134715852561	9.997770892116986
?	140.48513845032952	-3122.033014793445	64.92364875840833	-522.2877279802784	500.77083023804784	-1129.2883254976366	1667.106568861375	-2059.822454903745	3.499680993186056
?	-1	-2829.70276900655	50.57239754985255	-51.42246650993312	550.705557880307	5191.640471947269	1598.8342715978708	-3814.429991630705	-1
?	-1	2558.037873396449	62.35252543291164	373.08067068024553	760.352853835415	1445.9508965860255	1476.3850692798371	-8759.69632576839	-1.818187014367553
?	126.90189366982428	2553.6550653719314	69.2264310838651	228.32197181730382	623.0031027096093	-3458.682298709001	1160.8494553094451	-9298.532868132643	9.255611132613707
?	126.68275326859839	-108.47943228824067	73.768624023777	25.147470269690682	587.4187388999625	-678.7700378314474	1011.4584258731984	1390.1408377297942	18.476632275091504
?	121.47792205541217	-235.67862487124194	70.48380459734965	-129.44945043431304	589.0646008180364	-3797.1253745186123	1230.3564971959358	7053.0136289491975	11.009739861896398
?	114.89882202503613	-173.35322905141746	67.29615150206125	-12.019116412184985	397.56247017402916	-2613.177576992772	1364.1091073206633	4319.554149417534	12.454313418437621
?	112.81026060284117	-89.82847137255234	69.88284877674039	114.18068379543664	458.40572196839594	3082.0991416030934	1446.3342046668156	-160.941880380567	8.706964095524288
?	110.40739845640844	131.61720613614858	73.00518569183316	108.5040794039425	551.667427254186	1970.6648072659043	1356.0620133016348	-3124.3584496276762	15.06980329754625
?	119.39112090964869	355.80726161048096	75.30805274693759	72.14452120087441	556.9389623316926	104.50771149745911	1290.1162821854296	-1122.8597119812753	15.658091888276914
?	128.19776153693275	278.0341717059241	76.61241175187693	-33.849150469465684	556.892812829059	-1281.641955099899	1299.9190277025702	599.8666029845668	17.836276050716847
?	133.2928294949451	-175.98228138005487	73.61559522346428	-188.71152997128706	492.8568645766967	-2100.7081884716986	1320.1096123346583	-979.4269668744435	17.0737667277338
?	119.39864746792988	-566.3924086260013	67.17683525331245	-154.40250415610487	451.8574034054726	847.1017044864145	1250.9476793588474	-2487.3369908433924	10.020724444967746
?	104.97320906364463	-423.7169101581227	65.89547001565893	-74.8779632533644	535.211949801018	2476.089124969475	1195.742762792487	-1888.3236853616158	10.533024874169424
?	98.21280196002344	-2119.4641812728623	63.432937090644174	-371.2571943755776	575.6618596539481	1068.470484968337	1156.5314950907652	3393.2765392523534	9.591776364485186
?	-1	-1984.2560392004407	47.332610296879785	-483.89719458493255	588.6354740494356	1928.0741769267727	1365.406589755107	5721.065409165368	-1
?	-1	7521.78334939867	39.2380773613972	297.9833183571127	672.0655685002881	2846.5888151844665	1442.5847655490377	-1087.3585834925943	-1
?	375.08916746993884	7543.276473236399	62.23177621473563	560.5280898013308	730.964914808661	-1993.562887012389	1311.0386605804765	-8835.564962242746	8.423767950822468
?	376.16382366182535	-7521.78334939867	67.26448185146414	-111.54692924995285	572.3874241496673	1933.1449780412706	1000.8065174368941	116.56784482968139	3.3700903236014987
?	-1	-7543.276473236399	56.65442975223791	-64.87053224263853	827.6221637107259	1816.7456974417737	1316.8670528219607	14695.77854151701	1.3245404501259588
?	-1	2012.2027998195238	64.02095523933217	285.10693127085096	663.2247090217572	-9226.628888320865	1735.595444512755	6690.9270099675905	1.8050013325234673
?	99.61013999097762	1932.1929415997333	70.90977631578066	104.9169571962161	366.2907192946761	-6654.822792438942	1651.413403320345	-1394.5510473802535	7.2600408008588975
?	95.60964707998804	-19.265819409750417	69.26680309914305	94.76489286260922	330.4835693998054	2305.9115992250577	1665.8678921437413	-2061.913225217816	13.999750678798037
?	98.64684902049008	107.00711870834614	75.64802095891119	103.30829811976226	481.5862992559306	4638.610432069246	1548.3177420594527	-5926.480238463693	6.642809139084884
?	100.96000301540542	-10.677241355801206	74.43221800513123	-199.5925762396763	562.414091003271	7641.444140112309	1369.5438802205524	-755.826431514259	11.339044084949773
?	98.11298695270001	359.8349077428108	65.66839214692723	-137.40032683407637	863.6585062615515	1743.696630657628	1510.5264204837392	4096.654194999829	1.5340350971166155
?	118.95174840254622	713.5916961059193	67.56220166342732	174.48641433459252	649.5989225361536	-5842.799185933933	1574.3765899705468	3970.9121084576946	4.505233210447987
?	133.79257175799648	250.52047390480269	74.39271286365698	168.44444921500912	571.5185469648507	-2246.581545245956	1709.0720259066268	4132.968453606277	11.429961201127272
?	131.47777209778653	-383.8924259915765	75.98442412417789	19.09397621819467	537.2698452738542	-1289.1948635423498	1781.0250126508636	223.1922281111897	11.099960765926207
?	114.59795045841739	-2629.5554419556934	75.34741167456673	-1519.6884824835363	507.05880378773224	-10745.396905476931	1720.2316373121864	-35620.50025301676	10.830810565324484
