rowLabel	avP	dP	avI	dI	f1	dF1	f2	dF2	h
?	-1	-20	53.216229814709095	907.8109306207762	952.5943085678092	15858.547507769317	1731.4223682286643	34643.19626082546	-1
?	-1	0	45.39054653103881	46.636752028101114	792.9273753884659	-1108.8673763866109	1732.159813041273	595.4543590942285	-1
?	-1	0	55.54806741611415	528.3321112249533	897.1509397484787	5554.655956722429	1761.1950861833757	873.4943060375005	-2.6332915964866195
?	-1	3459.512303465715	71.80715209228649	464.33656187699097	1070.6601732245874	-6456.193267626321	1775.8345283431481	-237.18369764236746	-3.0863024070069516
?	171.97561517328572	3276.989395559067	78.7648955099637	52.3761370515365	574.3412763671627	-14991.55855426612	1749.3359013012573	-3379.3058131118514	6.817528660223322
?	162.84946977795332	-716.711634797805	74.42595894486331	-52.79029569035886	321.08224551128154	-4442.196256693482	1606.8692376875556	-6656.7935710436195	15.389301414936138
?	136.14003343339547	-843.9120953637716	76.12538072544575	45.14128893371919	352.23146353248865	2408.251817829003	1416.4962227490764	-11264.648149542274	11.682634808803884
?	120.65386500976474	-609.4322047662512	76.68302339154927	-39.428136043568436	441.49483640273166	-538.121897637077	1043.636830210442	120.13492189671982	14.044796297665949
?	105.66842319508292	-572.1530351180802	74.15397392326733	-124.90738805326461	325.3253686506348	-504.7527098730758	1422.5029688439124	14629.237573863837	11.527406027640705
?	92.04621325386074	-389.40703903557403	70.43765398888604	-196.90957738188024	416.2572009090779	10849.418828398495	1775.0987089036337	8240.728816392177	11.04219005142258
?	86.19807124330423	-1860.9242650772132	64.30849505417332	-574.9354594950238	867.7963100705595	8583.697515632655	1834.5394096635212	552.9929499072382	-1.3280722175806128
?	-1	-1743.961424866083	41.690881014134824	-567.5659531106279	845.442076690711	-4801.4978813360385	1802.7483563989956	-3538.271718357602	-1
?	-1	2465.099234712417	35.9301973986419	667.5104787735507	627.7214160037573	-8506.363630700755	1657.625823745641	-16107.62960946251	-1
?	122.25496173562097	2607.898921036841	75.06640495281239	815.0917955145021	420.12389515567287	-1516.6032901157869	997.3668759258694	-12579.892334883132	7.2358198731864505
?	129.39494605184217	353.8078023248965	76.68478717436705	-41.52683362180138	551.8912514979679	3761.285444196419	1028.6312070014837	3541.619056977626	12.677696744760137
?	139.9453518518658	47.844278047575656	72.99006327172232	-444.4614013030617	608.188167365494	1753.1838301225077	1174.4478287747509	9029.464964019191	10.867012569648344
?	131.78715995422095	-2818.907037037314	54.46171710921394	-695.2661794739189	639.5504430040934	4549.371161930861	1480.1044552024437	4517.294970749959	-1
?	-1	-246.66115635834763	38.22675429802634	272.2975930946025	835.6567254620372	-3548.056021350043	1400.312577312249	-1761.4635217156895	-1
?	119.45410213630356	2104.0983315987964	68.07659676394408	632.6451569742504	462.14764193659107	-11143.461148800145	1392.031279116659	5930.00388795634	7.492869994793024
?	104.20491657993992	-408.18410185809256	69.85901214673889	53.48292893166821	278.4836680220295	-3293.798568175705	1696.8127717100663	8413.162245452784	10.592193467339317
?	99.04489704339896	-241.85974741058948	70.75074321052749	-61.37490743690444	297.45771352780605	8988.098568598623	1812.6893913892977	5249.152034374556	14.304352465973617
?	92.11192920941043	-2000.8979408679775	66.79026677489367	-18.57837927128342	727.8885964519611	15874.95776238819	1959.2703734287943	2065.102169009436	2.4870600135454617
?	-1	785.8458976726929	69.82182424696332	93.0002464282193	1091.2056016472163	-269.40247702817464	1915.9444998397696	-2748.391142943981	-0.37071517237734036
?	131.40422409304512	2531.815735998697	71.44027909630464	135.6510098604328	714.4184726005524	-13408.670294992682	1821.8508162815951	-3922.2358641213086	1.3625796451908276
?	125.59078679993497	-257.78111506312035	76.60437473998496	72.3363455237898	420.7720868975816	-9250.625678424334	1719.832706633704	-7941.674800884618	12.024871465408213
?	118.51516833988909	-484.0720472402081	75.05709637249413	-203.90276984923543	251.88718867933528	1690.6216036563599	1424.7670762373639	-2814.0596860877918	16.680632597545124
?	101.38718443792455	-183.0086938771613	66.40923624752318	-10.866323531703861	505.30316708039965	3955.4374965440943	1579.1297223293143	2699.486270678965	11.405875308389074
?	109.36473364603101	-58.79077334625317	74.51378019590894	124.24693867421826	449.6590635065402	-1228.4956323461608	1559.7413897713122	503.0052062910995	5.972950875339391
?	98.44764577061189	-198.37940745888216	72.6215831812341	-33.74493274276429	443.87838546309155	-1459.3038488839293	1604.2799826438693	5586.420295578278	6.52093399940251
?	99.4457632730869	-155.62742374961445	72.82653355877072	-83.28676383781776	376.69387106234365	-3057.701099894452	1839.0624045502263	-2567.5171544416958	13.157670983043536
?	90.66627458313116	-42.567480292723836	68.45724498934321	-60.21052833540091	290.9933304683688	-1072.4876962856094	1475.9041249217844	-9983.036897713997	8.713696236297345
?	97.3173892584507	80.9315743702458	69.81600714200067	47.80610517367616	323.06948624806313	3159.2612189411243	1339.910559664526	3957.956756186578	11.802457158527691
?	94.71285330164345	-20.705284785001066	70.84755024802702	52.92206440300101	448.9563914154252	-1215.049606497098	1673.8019627311135	-4636.173466639298	10.115857080219232
?	96.28212501920065	571.8516096027049	72.46211036215073	141.75912459689403	262.31700592320817	-3843.3963059494386	1108.101886332561	-6173.521608701234	11.612047732927596
?	123.30543378177872	786.8337037284989	77.93550647787173	-10.257655252722193	256.7865761179531	-105.99533025806512	1365.1258822960515	16137.496600069626	13.464440264158142
?	135.62381020562563	-3.6750667703435593	71.94922759951461	-719.0917071658945	257.0172394103049	4528.123569539501	1914.976716336043	6752.45899776144	15.402927664303204
?	123.12168044326154	6323.249464758036	41.98092111957697	-700.608050450452	483.1927545949283	12391.485071727067	1702.7488321841238	-8699.735719458351	-1
?	451.78628344352774	4163.736220649673	36.918825076991986	558.3445709978266	876.5914929966589	4145.974169806329	1479.989930363125	-13198.707975455834	-1
?	331.30849147574537	-6974.604438920838	69.89814966946832	830.3002194548299	690.491463085245	-11020.512746833438	1042.8134334113315	-15624.015713722285	3.476353674662177
?	103.05606149748554	-4737.553183103004	78.43383604973352	48.452351633558976	325.5658556549866	-3392.7239327944094	698.7891446770101	6396.403888002078	12.413458612468682
?	94.43083232059605	-2081.1212299497183	72.32076725114627	-68.42166748778449	520.8552664455251	13805.759147282128	1362.6336278114343	23886.344669524882	3.755949762432774
?	-1	-1908.6166464119278	75.0127526753443	-12.623621196440569	1015.8538130190906	9101.001539359428	1893.1063781532498	8731.057483713015	0.5489162430778247
?	-1	2706.0849632563513	71.68958619132424	36.979153593136814	975.9053434134949	-9247.683267195023	1799.1865019970835	-9840.144027452387	-1.5246329342714517
?	134.3042481628171	2594.44088698497	76.86171035500114	-250.87510887329944	553.469649659341	-9228.97372511559	1401.0991767806322	-2134.4736216640044	11.613447723321686
?	128.72204434924802	-2706.0849632563513	59.14583074765931	-517.7808059502881	514.456657157717	5495.137745725696	1692.4628209138837	6899.682121193679	5.863784505424931
?	-1	-2594.44088698497	50.97267005748682	-103.57322328293642	828.2265369456248	9119.13371143788	1746.083282840315	-2522.6567544458658	-1
?	-1	1859.2986016121513	53.96716958351251	253.33436165248975	970.4133427296094	-10518.990067830948	1566.3299831915908	-9171.83218210459	-1
?	91.96493008060723	2079.476845566338	63.639388140111265	222.52574410685818	302.27703355407937	-14268.581588908533	1287.491673735087	-1966.4656053134674	3.701682103573984
?	102.97384227831652	897.1465145240934	65.09345678885538	250.8307623508512	256.9842632841853	4460.949538562659	1468.0067029259178	3974.4274716378873	-1
?	136.82225580681174	698.4472136613993	76.18092625765378	138.10143250029247	525.3245104822115	5255.918025597922	1486.2130473169807	-2071.8409855438704	9.433517615049041
?	137.89620296138636	-465.12110822609907	71.99852841386998	-232.6426769660395	519.7801645640805	-3259.9564157380896	1364.4146536487247	-1442.1045104224738	10.35529636490106
?	113.56620039550687	-458.7825459670139	64.54879240935185	34.5936559490873	362.3266896953076	-4399.462301046065	1414.1078217958573	-10411.237911207023	10.668094433048502
?	114.95707566303575	-152.7771136875651	73.72821121132434	107.47181740836974	299.807049511778	-1549.588799967913	843.8527580883754	-10510.248403764615	17.724017266149044
?	105.92734471112864	-2319.141513260723	69.92238327977032	-566.3701212731185	284.84724969691223	3870.2408880973658	888.5954016076283	7593.773791901281	15.338781099522775
?	-1	183.35742180470314	45.40970514766851	87.4034927174259	493.3190939166456	5291.749838271828	1223.541447683438	12251.819578798395	-1
?	115.09521580136376	2249.3467514216436	74.2925579156416	574.6004411155808	549.4347416105027	542.9664170944542	1501.186380547546	5865.530650832746	7.296732746805149
?	111.46733757108179	-295.445620109271	74.13972720344745	-125.86792478432885	520.4674147713682	-2547.1183098130064	1516.8179802250743	3491.132286991427	17.067006086940843
?	100.32293479590027	-405.45277047864744	67.99916167642518	-286.31497742681734	422.0788261198528	-4975.848899657891	1675.7429948971167	1924.377817091306	7.853514197219792
?	91.19469904714948	-118.5963892481449	59.823978332106634	6.181015706166613	271.6749697884746	-853.2459243913169	1613.0368710796392	-6933.230255700589	-1
?	94.39311533349304	-51.800264318805674	68.3082124617335	247.8286421963097	379.4165299002871	455.2479242044551	1329.0814821120885	-13047.029550178311	7.864536692830131
?	88.60468583120921	-177.7559118503604	72.21541044192207	-401.1425013822955	294.43736599869726	1350.066715058838	960.685393570726	-1171.4296522004947	17.150071427875865
?	85.50531974097505	-1792.0937166241906	48.2510873926188	-800.0132524782521	446.9198656532288	7364.219060453225	1270.509999502064	14192.47984300149	2.4825384299027555
?	-1	439.26752616271796	32.21474781800961	490.2506569377639	662.6483190213572	2052.2513549128707	1670.309385720798	9844.919376600627	-1
?	107.46869604911087	2239.248651265245	72.7636202395069	896.7559026716115	549.532433398872	-3658.7335696800365	1762.7559683320935	2383.681678748266	3.8160773080616375
?	110.96243256326186	181.35547816509282	77.05254295159003	37.34982177443057	479.71164053735606	-3885.068698505329	1789.4934696582109	-2423.074110955858	12.718368548901877
?	116.53646995736548	160.461947587022	74.63111132822843	-48.018652008365336	355.2789984736062	-4698.54600237069	1641.602262784301	-6475.687981812257	9.971075446505017
?	118.98552994261293	200.64944058254	74.65161035117177	-204.68387471867703	244.7843404188224	2256.8769655980395	1465.7090705675992	-3715.2746675270187	30.021804351144237
?	126.56894198649245	-2399.710598852267	64.39691759229461	-776.5073867756997	468.12284675350776	9428.665988835615	1455.8385294079508	4066.996406276481	7.017723932986062
?	-1	12.708679041782647	35.82624101238692	-88.19825572821674	716.2176398606015	6166.131225505326	1669.0588908814225	1839.9225561566684	-1
?	127.20437593858158	2452.7688852902293	59.98700480588379	814.8196695521593	776.429408028773	-3090.528322490504	1547.8346572157839	-4090.427812686231	2.055916042744725
?	121.63844426451102	-228.7572696176073	76.56722448999474	298.1067361693298	561.6912237360768	-9333.718392949064	1464.5375002471117	-468.11355102270846	7.988054011028558
?	115.76651245770125	-200.65064771643776	74.89234161435023	-0.1964110383062241	309.74348838132147	-3165.3767287300147	1524.4289796646485	-2354.3685754578783	14.45823016415415
?	111.60591187868917	-297.51973300415466	76.55740393807943	-146.86761096605602	403.42238729957666	2869.3228935819207	1346.8190714742182	-6953.743298473743	10.794581773875649
?	100.89052580749357	-2252.1182375737912	67.54896106604745	-299.6724702028228	453.209633060417	9742.163311986273	1176.7418147409626	-691.6666035661799	11.569127910568582
?	-1	331.77482294054477	61.573780427938345	-64.67231632788406	890.5305528988886	5332.174073790617	1312.2357412959093	6093.042294318087	-1.8519479359804918
?	117.47926695452075	2238.7181937337364	64.31534524965326	275.51018830583854	719.8183367499469	-9343.590080828464	1481.3939294568659	5574.661403357947	-1.9889851738540292
?	110.93590968668643	-236.15355237619923	75.34928984323022	205.76436107101205	423.35104885746705	-6753.9923526766015	1590.9688114638057	6564.034112067362	14.191287922072558
?	105.67158933571083	-281.2037171621127	74.60356330320383	-148.98915017234256	382.118719116118	1692.735612403866	1809.5956350602328	5700.219723208304	14.543613260207058
?	96.87572382858085	-2133.4317867142245	67.89983233461312	-102.3513455720167	507.98782947766006	10885.148669844359	1875.9797976242198	335.6397178493956	6.326149704058073
?	-1	463.05868036212695	69.48599602460301	155.67050120469386	926.376152608334	-3264.6366167617048	1826.3776209527025	-2381.5030741248706	0.020160044314798446
?	120.02865784668711	2373.0124964463002	75.68335739484779	152.64382145883442	344.7559986395754	-11523.332757819262	1756.9046439179767	-16567.537933988628	5.747536089210668
?	117.65062482231458	-429.07889217042293	77.1181870975447	-113.76819080536461	350.209514717373	-1044.7548146979161	998.0007242532741	-20813.678883992867	12.16833983955799
?	98.57471323816604	-2373.0124964463002	69.99494785457958	-617.7871881550866	292.5182579046798	4876.73006286296	716.2206997183371	4937.555898494449	7.28077641020846
?	-1	-1991.494264763328	46.228827689790485	-354.76298319591876	594.0460178605201	13251.15123215282	1244.8785191779957	15685.904429469652	-1
?	-1	0	52.256798694783704	245.7062032106295	955.0758195123185	4404.180675090247	1500.515921191817	9923.646357512629	-1
?	-1	0	58.514137850321916	186.25802270637843	814.2550516150317	-1925.610451117634	1741.0608370536254	5578.639038945887	-1
?	-1	0	61.56969983010259	22.965182338354932	858.7952969564371	-69.06844961701633	1779.4478731391102	2038.6031582546439	-1
?	-1	0	59.66239696723966	-258.09375678336204	810.8016291341809	-4748.638874407289	1842.9909949663572	-1365.6771696984244	-1
?	-1	1736.0702004811253	48.66501199093454	-102.29286064917468	621.3633532360735	-10688.13082840928	1711.1640146541893	-8675.23985787191	-1
?	85.80351002405595	1940.492823837232	54.54775393478094	541.1380269111505	276.3950877137188	-6151.174696549051	1409.2290020727633	1976.9444428755357	2.2032218772552428
?	96.02464119186125	-49.535450434224124	75.72191333649197	284.2367007397765	313.80461840862205	-471.8948187230745	1810.0112367979657	2483.109912201939	6.984184866095754
?	83.32673750234476	-229.57264729053915	68.75958897176972	-225.57037971459744	252.80034677756515	2691.719275335999	1533.3844976828598	-1089.887815404508	5.54169138765345
?	84.54600882733433	143.61559258824224	64.44339435076213	-18.658729013223546	448.3905821754215	-133.93149764255773	1755.5168460277405	1299.2761692598378	3.3011551578069547
?	90.50751713175684	-1710.9201765466928	67.82665252110854	-162.2253072977432	246.1037718954373	3154.232975817663	1598.3483061458514	-6573.566194124179	6.834247627889441
?	-1	354.265198551614	56.332128985875	202.97493883461854	606.1022309663041	3253.4017241006172	1426.8385363215327	-5908.501466452902	-1.5112844473562934
?	108.22077705933748	2046.5385221420568	77.97539946283943	125.05866445704514	408.7738581004676	-5451.226684752997	1302.9232328232074	2340.590577861989	4.347683879940471
?	101.32692610710248	-2184.4155411867573	62.58506220872724	-930.1962359483148	333.5408967286552	3755.8154209427466	1543.8680652146318	7821.005238779336	6.31034529829807
?	-1	228.05577611389108	31.46558766542386	112.26585487970351	596.5646291476043	3296.8956420417944	1693.9734947621728	7238.508883894449	-1
?	112.729714912797	2091.4804133822663	68.19835495271239	892.2227924246371	498.3856788307443	-5646.344479557412	1905.793509409353	6644.431596360742	9.341398702632505
?	103.57402066911295	-504.87162435434027	76.07672728665555	-94.20550935705882	314.24740516973463	-4137.65196863756	2026.1950745802087	-5567.537109859101	12.63786091234233
?	87.48613369508007	26.582905178025367	63.48807948485947	-34.253039528603445	291.5030803988671	1214.701638661347	1627.416653916399	-7561.320945642292	2.741424842484575
?	104.90316592801422	97.62465176955607	74.36407531022539	191.1417198457114	374.98248710280177	1918.4068864911762	1648.1290272980955	-1134.6900179193149	9.823086402953436
?	92.36736628355786	-194.15073683539998	73.045165477145	-7.904000979690721	387.42342472342557	2064.7593310851194	1570.6821530204334	-1124.0272430434375	5.900921570188322
?	95.19562908624425	-90.2391874059396	73.96887526124085	-182.47213747509798	478.22045365705736	-1935.5198964862495	1591.9276651459238	-400.57038778705333	7.887886298799524
?	87.8554069132609	181.78422278283543	63.92155860339014	-122.8700043795685	290.64742989911343	-1227.8297118260932	1550.6536336310808	5956.906398826866	-2.806257165253157
?	104.28484022538599	238.62444183797635	67.82537504226245	176.20396721862596	416.8289680657529	1736.7795764689201	1889.772985087266	6466.464690855346	10.190046743201936
?	99.78662900515967	68.65278162064153	72.7317569643214	168.50480165394205	377.48640872255913	35.5294322991041	1873.976868173847	-2139.939108098341	5.934686511515512
?	107.71747930641806	-59.351406954732724	76.25061512495952	-234.75184000778083	418.6054396807081	648.458990030249	1782.7760296823494	1156.2641215357503	10.709874626564117
?	96.81905865742304	-2174.3495861283686	60.994164963932405	-296.2333253320298	409.90935822407147	12921.22006986272	1931.7900742506342	512.3883246528858	4.73620382359514
?	-1	368.4515023363629	61.43894885835809	128.2926777927641	1064.6664431738418	3950.2520730476786	1808.3954459149936	-7726.340502117555	-1
?	115.24163377424112	2138.350272218968	67.40879885357059	274.9091452802706	607.4219618764547	-13357.104599645074	1545.4730491447579	-12241.488680932609	4.454968120675489
?	105.917513610948	-225.75171685170994	75.18440612237157	55.75354644851663	396.8112131915905	-881.1487157819679	1196.3210118683653	3869.981106981336	12.472287229053146
?	103.95404793165567	3.2645092453879103	70.19647617599641	-7.784059387034033	563.3645260873565	-1078.6007527969098	1738.972104493824	8046.314427997	1.7341791472364378
?	106.0807390732174	122.8299456652296	74.79520315301987	161.76557361193744	342.88117555174523	-5692.980096197004	1598.636733268214	-4291.937209892064	9.451907836925749
?	110.09554521491712	31.823563544019578	78.28475485659325	37.312764284171315	278.71552127750726	2012.0279903973235	1524.3752439992215	2272.871224660961	9.769790000888671
?	107.67191725041837	-170.2795443739541	76.66084136722843	-144.96303046104396	443.48257507161105	4456.252088437702	1712.2802945012616	65.70340262251216	14.804786207208855
?	101.58156799621945	-62.54202389650708	71.03660333354108	-90.3608541788535	501.5281256993916	2677.587094210152	1527.6604141303471	-6762.063578909798	8.984758505806642
?	104.54481605559303	93.66436808330751	72.14279865828577	57.55942347515336	577.3619297821182	3233.0231636595113	1374.1771155557728	-2051.5071235258238	9.203689533769872
?	106.2647864003848	-109.98011930608963	73.91457450729874	-32.484207084619186	663.1792838823666	-420.3193832494359	1425.0850579540563	4437.063350672713	13.791452598930366
?	99.04581009028857	-207.86798322878116	70.51858830405482	-178.3477293243559	556.3459606196465	-7478.937445828886	1596.0302830894077	5741.177967479122	5.701960886650198
?	95.87138723894579	-2000.9162018057784	64.99718804108098	-371.29445340805296	289.2324115909236	-4646.734284758647	1712.1439563280114	9644.211952489706	13.523749592112873
?	-1	-1937.4277447789227	51.953865633652235	-395.8265284837041	324.00924638171495	1424.1087714218183	2078.2408807138913	10842.643230649875	-1
?	-1	2464.4637781297756	45.20586161689584	209.17750760341977	360.4378501620143	-1033.040290035091	2254.2761178605033	2095.3708926846393	-1
?	122.22318890648835	1904.6247876886473	62.41274101382319	330.1007754638782	272.3572318799606	-1840.88329149224	2183.009425348123	-12760.64591260928	8.312562905181766
?	94.23123938443203	-537.9363632276013	61.71090039008969	114.15920316346812	268.3936855874026	-782.8545305908999	1616.2438222300416	-18604.338162327516	-1
?	95.32637074510838	-83.38307926834149	68.12070117199657	144.10446267792105	233.21450535041572	196.33836546408205	1252.7925172317505	-2288.8725094137944	22.087512154773293
?	90.06208542101497	-266.779158506816	68.91612352398572	-91.17429049245662	278.2106038606067	2637.4974014243644	1501.8001967593523	13107.781507024198	15.15988799802886
?	81.98741281976763	-1821.241708420306	63.56198664737376	-700.6277083507764	365.08937542163346	3179.380506778441	1908.181592582958	2577.4200471108725	5.43165529527726
?	-1	-1659.7482563953583	33.884738106447024	-768.3096515233206	437.17962919952816	6970.069299056731	1630.6711991148954	-5083.774982293135	-1
?	-1	0	25.146504071207865	320.6732457177756	713.5928403744688	3421.2065684525232	1653.9928434683022	-3197.066708222544	-1
?	-1	0	49.91840039233575	939.9173904174606	608.2399576221537	1752.479747606648	1470.8178637037688	-8773.181753142171	-2.3960313347362834
?	-1	0	72.14237359208073	253.4558937902222	801.2168277548009	5132.732073762771	1215.3337558111953	-3124.577387039478	-1.091864145973906
?	-1	0	62.59119508184681	-823.1398213126706	864.8765613102913	829.2396354633122	1314.5889943517955	4665.040748413533	0.9163677739187521
?	-1	0	30.985382526447346	-775.6046435496569	842.6788095279663	-2692.4072717356585	1448.585793231871	6882.319238545217	-1
?	-1	0	23.810962904364104	-112.00960303630897	730.2561977235089	-2263.518963368903	1658.704956279055	4432.495707539699	-1
?	-1	0	25.384902374631917	330.47648953799273	729.5028613595216	3214.940466475248	1670.2105786088553	1732.9577784991595	-1
?	-1	3282.8446553929766	40.33478738126368	1052.2620221958582	891.0032210472707	-4886.2812288945615	1745.3528452040127	5020.205898140121	-1
?	163.14223276964825	2820.9692878975434	77.99800348442464	640.1196124695995	485.1887999147944	-10299.764898080282	1921.2208735158604	1571.5576065515563	5.662201308202642
?	140.04846439487667	-3282.8446553929766	72.34076800474354	-210.58863701405517	376.0149761432584	10467.435219986055	1823.9307255315903	-3497.9598127782706	10.541575504731064
?	-1	-2820.9692878975434	67.46857163372192	-128.76097527482318	1008.5605609140953	11531.31817648683	1746.3228828769475	-1319.861764302241	-2.373163990662875
?	-1	0	65.9027192410024	-576.1727909682822	952.5808849675979	-2654.5373795805	1757.9376373164785	1423.8989843738323	-3.7305778439022306
?	-1	0	38.659932085307915	-102.46454932513538	875.8336919350708	-1555.991419978428	1817.5178320956388	1590.7069898064594	-1
?	-1	3883.31738645694	60.77949177474565	788.3772252606997	874.7813139686767	-8466.62565680804	1837.4729868068011	-5190.791550403401	1.1517627359073335
?	193.1658693228463	4281.892664940549	78.07879334834276	397.62300685142236	452.50240909467027	-9501.061993616133	1557.9782545754697	-20379.602359820186	7.830072148619382
?	213.0946332470267	625.7538129267147	80.6606421173167	49.073996574260725	399.72821428787177	-3612.3057387660065	818.4928688157954	-14194.057577945261	19.738361475480485
?	224.45355996918192	-355.6193821431624	80.53249317705578	-125.09675027292433	271.8871221563706	-141.00784742066986	848.2753756782091	11842.987204478324	22.134745085150108
?	195.31366413986865	-1634.4091074482908	74.4058046036705	-57.7859139538571	392.6778219168383	1607.751047815824	1410.6422290397095	9981.759416958317	18.413901236175757
?	142.73310459676767	-1693.8220263568758	77.64319747936294	-429.80565884557376	352.2746745471615	-2672.9776680170885	1347.3633465261232	-54.483914686589024	10.196929087992935
?	110.62256282202516	-2874.6620919353636	52.91552166139189	-456.13911419053983	259.02893851598435	11289.52593388548	1407.91803330538	4731.490257595604	-1
?	-1	-10.089069370457118	54.83624176983603	424.7405132357137	916.7509712414335	1567.9181092555095	1583.9378594059026	-2185.5083583261953	6.6505245865965135
?	110.1181093535023	2005.7051794280092	74.1525473231775	349.4121294247537	337.42484397875955	7558.002302334785	1298.6426153890707	10071.08832957334	13.362349821963576
?	99.2852589714001	-2222.362187070054	72.30684824107365	-10.811125560659644	1294.6510863581714	17563.82396370392	2087.492275884568	12816.307169741163	2.4245859691024347
?	-1	277.97150602435505	73.61199104514452	91.43382885669983	1215.6160421639524	-17484.96373088311	1939.4579738761265	-3219.683162222143	-0.7921373375383274
?	113.1838342726178	1960.9753294164861	76.87853968390863	-97.73158334439762	420.40289981401895	-15160.095694791708	1926.5081177734612	-6918.488780414388	8.057092609438904
?	97.04876647082396	-159.56861270541964	68.72541187792466	-93.84008131230449	457.61125742436985	3397.02533318822	1593.5335348554083	-11817.747195809075	4.175156509567513
?	105.20540363734685	44.3065416156803	72.18653561829342	52.03656071689285	590.2541664734293	994.132234804431	1335.6207579830095	-3354.7283845219663	8.859280915564094
?	99.26409355160797	-97.78147819053152	71.32723991376929	-0.2844054357589708	507.31786916459123	-172.76488178165044	1425.7971156293106	3817.679581112293	5.624819295899729
?	100.31632972782029	-80.29051358276689	72.17231534650547	-355.2324084760512	581.6159223843469	708.0777078171357	1526.5047370386235	3756.632128424271	6.418770678200019
?	95.24956787246964	-2026.326594556413	53.56561948996679	-550.566931026075	542.7217545554479	4532.039416510564	1613.6287220505235	2208.325160539492	4.490338388232258
?	-1	381.28154235866356	44.643968795201815	223.48468429395461	808.2178932098742	1985.7919405479518	1636.9209950655977	4816.613587371452	-3.876667611984053
?	114.31364499040275	2051.4039541987245	64.73985370466448	545.4771915214641	642.0113515828451	-10585.888483264416	1854.4594014190952	1059.5814954648708	5.795186256098334
?	101.57019770993767	-214.95717696743733	71.9178283712754	176.54257067383418	278.92346904664583	-6541.614491425506	1689.900069838842	-3289.0017431692318	8.623829453480514
?	103.56578614203073	-111.80209049922223	73.56698223835632	31.20404474847687	314.9306270115652	2387.067017738133	1690.0093142606313	-8715.334909455749	6.288284337223181
?	95.98009318497648	-117.88601788456535	73.47803060869927	-32.68433626093081	398.2768199335542	2746.4894850279547	1254.1333243660483	-5119.188781629537	7.337279801629526
?	97.67148524780238	99.82548802377153	71.93276542530975	-67.07928777424446	452.2551012629649	-382.84078935981506	1434.0498751791508	5885.591432063496	10.98522894582831
?	100.97136758616513	-1973.4297049560196	70.124066219987	-481.81322223232513	379.13478046556315	-381.67902290979356	1548.4128959692273	2126.8695921423905	9.895468787337084
?	-1	-2039.4273517232737	47.842104313693156	42.439415206351576	433.17115011747495	4036.3932374142582	1540.3933547862719	-1549.629083882183	-1
?	-1	0	72.24603698030461	180.58244227633438	580.9544423362789	8553.696974843848	1470.931441775117	931.5587528425572	5.259613209620987
?	-1	0	56.87122642751	-546.9983230647281	860.8559988596734	-707.6367432548195	1586.9712924284004	4388.992828593769	-1
?	-1	2113.0977872082763	44.89612082706782	20.05920583445416	545.5726051735375	-1429.3180109918083	1690.3810832048086	5227.904246530277	-1
?	104.65488936041531	2019.9415137223277	57.874186719232725	485.6123851826481	789.390098310082	-3506.037484781656	1848.366504754918	3333.1429053071797	5.968941179779103
?	99.99707568611782	-2113.0977872082763	69.17674008620057	284.41914912325126	370.27073093445216	4394.783702563126	1857.03822847017	-510.6857919843078	7.454702412926613
?	-1	-2019.9415137223277	72.09514417539549	84.75634397013828	1009.1292834382414	12414.812772342622	1822.8322151557022	-142.7426160518169	-1.9248699128535853
?	-1	2816.496557867335	73.41455728470754	46.86207987111989	991.0113695515921	-6363.3717690414605	1849.901097667579	1952.1332164529344	-0.32136506924980307
?	139.82482789336876	3016.512295740532	74.43824816895152	100.76723919149428	690.9606949861638	-11392.62153566358	1920.4388759783503	-14489.31015169332	2.1531444909123953
?	149.82561478702874	691.377489183203	78.45291924428233	66.64627300967386	421.380292768405	-3586.1371674842258	1125.4355900829028	-23853.34535991552	10.146297557987468
?	174.3937023525294	575.8445889868339	77.77056181943526	-276.4815676983864	511.65383661195	-1072.401037753536	727.7716079825575	-1911.423812424878	18.100463536634233
?	178.61784423637084	-3507.874047050538	64.62884085936281	-524.2587585981956	367.76024088072745	7349.812318678424	1029.8643994616575	15853.922103923025	15.083033823803715
?	-1	-3592.356884727366	51.557623889525104	-178.8567350179932	879.1444525458765	9200.003382835354	1520.46771317872	11358.44027280544	-1
?	-1	0	55.686004108463024	106.38073716553484	827.7604100225017	84.52956557094801	1597.7864131019376	3267.457445448953	-1
?	-1	0	56.87666074780192	-5.585167753568419	883.3709308244239	1981.9528194813042	1683.84058545117	2354.2109026749476	-1
?	-1	0	55.4067457207846	-112.47904498400797	926.8580509965683	-1136.7032000272113	1715.4969582356866	48.052936211287715	-1
?	-1	0	51.25270849860144	-242.87950292543098	826.5357708230625	-5719.117883087409	1686.2432322617344	-72.17337135181322	-1
?	-1	2724.5665691657982	43.26277057451288	317.15709227624774	640.9021568421938	10011.446118254467	1711.888289668096	5932.634455837817	-1
?	135.22832845829186	2616.7887956101954	67.11056311241406	704.1711214225862	1327.108076735793	-5259.9356009288495	1982.8749550536295	-5227.176119750628	2.3575572629374104
?	129.83943978051164	-225.8099665233481	78.47132664564269	102.57526482898267	377.9053767957476	-19542.757583863902	1450.5294836805608	-7967.751507558461	14.463453392615529
?	123.93783013212429	14.15289746209035	72.23932635386326	-31.676176135728273	349.970197542584	462.255254376611	1584.4873796757008	3506.224297666922	13.204114347301147
?	130.54708465361617	-140.4940584245773	76.88751783885626	-312.8841615680899	401.0181395145785	6689.2531035047905	1625.8406985639094	2486.5819212987217	12.700412771596117
?	116.91312721089533	-2630.941693072286	56.595118275458546	-649.2470852589984	684.4328527178283	12727.529160285818	1708.8164757406387	4512.5622465810275	6.526616753510314
?	-1	-396.1963746474172	44.42516357590588	219.10178850685128	1037.3945975288784	-2411.7947717748757	1851.468810892964	-6373.106782071104	-1
?	97.10330847852418	2003.5548737550123	67.55020770080127	505.5596521533227	563.8431141290828	-7605.631954876386	1390.161136637079	-9714.557386538734	3.4151675286813097
?	99.17774368775204	-1962.0661695704557	69.70314618357237	-182.40881049137127	657.1129997850537	1747.7374291934782	1365.7409415660204	-224.87694091458843	3.330502162766102
?	-1	155.2491335954935	58.42976717623257	-17.44796521826718	651.2299855887579	679.349618290866	1378.9172895913493	101.89606674798907	-1
?	106.94020036752683	1879.521887532168	68.830747922659	195.42555049616146	691.0804806995975	-1563.144174594352	1370.83574490342	-329.5006006265429	1.3682671687989905
?	92.97609437660974	-180.11750585095228	68.20104470104079	32.324260278267154	573.0727768590392	-3575.762845932094	1362.442259560022	-545.8022385633117	4.889941746333607
?	97.93432507497909	184.92834748705798	70.44696093657238	-20.71284867004407	512.2923384029903	1581.3652869161458	1343.545632975254	2889.899270988617	9.19911322313365
?	102.22251175096277	-1978.6865014995535	67.16540226753857	-52.59327043357626	652.1410412048476	10117.473141284157	1506.9372231094549	10369.124237973921	7.685871489800611
?	-1	-2064.450235019226	67.81729741489353	-362.84645773143404	1018.1659954672053	3338.8072069737614	1862.0018448739575	5312.597028412508	-1.718990901496985
?	-1	0	49.02307938096661	-760.8753359563374	819.0814015535381	-6630.417588629788	1772.567074530084	-8238.22358435965	-1
?	-1	19.999999999999716	29.77353061707612	-980.4615876193182	686.6451160357112	-16381.628031070528	1450.0906656559691	-35451.341490601175	-1
