rowLabel	avP	dP	avI	dI	f1	dF1	f2	dF2	h
?	121.17228449713146	3681.637138001303	56.99699616087102	1379.251449286934	480.7154208933058	13403.222304629777	1041.2024765637998	25148.860423126378	-1
?	184.08185690006516	1178.0142030166248	68.9625724643467	224.49055876264936	670.1611152314889	158.79838978816565	1257.443021156319	2242.367760581378	5.303697493307374
?	180.0729946479627	-278.0822283442068	68.22152409900349	-329.7540401109338	488.6553403827141	-3901.861875119	1153.3208645928687	2463.716135062381	14.667935258841542
?	170.17774548285482	239.27936072290612	52.47487045880001	-187.71153046782817	475.06802147553884	801.2046564615425	1380.628827909438	1828.0625888403988	-1
?	192.036962684108	162.8852566476974	58.83594757561208	326.8599378682132	528.7155732057912	-1689.2195565844888	1244.7239940348886	-2714.0692102850794	0.4719909484852397
?	178.32200831523969	-366.34902004033455	68.81786735221067	112.75519568633857	390.6070436463144	-2535.4632434096875	1244.9253673951841	2238.858453806179	12.546062164810593
?	173.71951168209128	-205.88455228228503	64.47370735992901	-79.47361144080561	401.94241103530686	-252.78580755127115	1356.6669167251976	-391.05595818296035	17.875657207430034
?	168.02778070112544	-3494.3902336418264	64.84418678017039	-359.55917140855115	377.96775326875087	1793.0661266259567	1225.3725694860361	2101.405268445042	18.27313321024005
?	-1	-3380.5556140225094	46.495748789501455	-517.9402195229809	491.5957173666047	2994.744630912873	1461.7371801474496	4946.0485178754025	-1
?	-1	0	38.94717580402135	28.197770999532857	527.7049848143945	5659.507395550145	1472.6749953798062	3844.8906050038486	-1
?	-1	4440.569689809017	47.9056373394781	280.993509426578	774.5710871441119	2897.671603318981	1653.981710397642	7430.070503054642	-1
?	221.02848449045106	4404.546321441498	52.99685127535026	452.5387088250838	672.5885649803437	-7593.142659948206	1844.1785205325386	-3605.9503805425143	-1
?	219.22731607207507	246.95402009245163	70.53257278073231	473.63968499626	394.91395414670126	-433.6151924633687	1473.6841913705161	-9562.165355441171	14.058758940899988
?	233.37618549507366	907.8976603022998	76.67883552516328	171.38880636332075	650.9078053571752	6883.193681132176	1366.0702527604797	-3886.170457328777	13.067483301791697
?	264.6221990871901	752.9651874744524	79.10201309889835	-66.03916870332563	739.0736382033103	-2788.489890610474	1279.375668504077	-2681.082759851886	16.45407146864401
?	271.0244448687963	-181.19976944495573	73.376877089997	-153.95470299571613	511.4833108266514	-7706.760375846158	1232.0161147678853	1970.3459925582847	15.325535117798378
?	255.5622106149423	-991.5985603214559	71.40427794911254	-180.93403869749534	353.73561941100206	-1434.6419239433849	1377.8929681319914	-7394.253821490611	20.46131402731723
?	221.44451685272347	-5131.2442122988405	64.33017515512222	-401.9110560777045	439.7512146294821	4873.57594841307	862.3034236933544	860.320411918091	9.572238796039674
?	-1	-4448.890337054466	51.3087251452273	-229.29354727947904	597.4144168316558	6315.230999677948	1420.908988727896	13187.059367960723	-1
?	-1	0	52.86549779114826	48.78037616664307	755.5127646133798	2895.9027582513286	1521.6563920913911	4517.357559261488	-1
?	-1	0	53.74774395355945	-0.842637111367707	742.209554744222	408.27841448076435	1646.77686669097	1252.9346414475901	-1
?	-1	0	52.82336593557987	-111.0261845656088	775.926685337418	2182.9526607770576	1584.3031241637707	-3290.59484698708	-1
?	-1	0	48.196434725279005	-284.79562547396984	851.357187783075	927.2879407960674	1482.247124341616	-4457.446916889527	-1
?	-1	0	38.58358466188137	-257.75538303691707	822.2910823772214	-5974.434130839056	1361.4307783192942	1041.7846295925247	-1
?	-1	4557.172192892598	35.30866557343314	297.97122878911085	552.635481241122	-5084.446391934423	1534.3363558212423	-732.2545888191501	-1
?	226.8586096446301	4392.843819813774	53.48214610133692	815.3715768515502	568.0687627805	-2759.5236566095114	1324.8180488783366	-13382.278990808956	-6.2087098090186155
?	218.64219099068887	-630.0538174795463	76.07724441601069	81.0191213630933	414.6592984106463	-2872.1163405538796	865.2224062807939	-1133.7821999054122	14.974501165920591
?	195.35591877065275	106.53891563017045	57.53310216949159	-599.2146443573972	424.4629457528059	2164.3664784840566	1268.128938883066	9580.117852661284	8.359198767188968
?	223.9691367721974	402.6490207275756	46.116512198140796	227.13287622559557	522.8776223348492	831.4413211630556	1344.2282989138585	-5581.9961354171755	-1
?	215.48836980703155	-566.1299631184103	68.88974598077138	430.55193849820785	466.03501181095874	-2201.9777037138047	989.029132112207	-7676.233835160513	13.042396343559851
?	195.66263861627687	-384.79156347595415	67.64410912305121	-53.54596333907546	412.77873714915887	-693.7495100698658	960.4166071558325	514.577012150964	17.638319464420128
?	196.24879163323382	178.7766651508046	66.2124478138176	213.91304844924784	431.3475363074654	4063.622755760771	1014.7579827197552	1030.5750816392688	13.634438452476742
?	204.6014718738171	-167.7779462218608	78.33976154551361	201.1626265426109	615.9598749371976	5458.9629533458865	1011.945361237796	2354.2967777175545	14.218277092195759
?	187.85989432214078	-694.3462237099078	76.27057914094816	-274.3996102460259	704.29568397476	409.93551979046026	1132.472821605633	2536.3904579731934	13.700709465903731
?	169.88416068832169	-3777.197886442812	64.6197810332123	-406.99701205289296	636.4566509267206	2065.0565565801917	1138.7648841364557	-446.73267973746493	7.822262648545298
?	-1	247.48939482675132	55.92072853830349	-42.880020209712306	807.5485118037697	-1428.301024769954	1110.1361876187598	-1954.6104570521475	-1
?	182.25863042965926	3277.5825037072036	62.47578002272669	312.2223545498818	565.0415996882229	-4992.714615925327	1041.0343612838483	-250.83834838982943	9.114897679566308
?	162.87912518536032	-560.343793406803	71.5318462657976	166.5840714312938	557.9127810075031	-290.39487669609997	1097.5942701992683	2420.714154251484	12.292064403270663
?	154.2414407593191	-282.32280082940156	70.80498359429139	-100.93286770389929	550.5218558534178	-806.9860062677883	1162.0700689964226	3397.881677252873	17.024604924621094
?	148.76298514389023	90.84549327096657	66.48520288060263	-307.63867877322605	517.5634806941137	-1465.5078115823035	1267.488354061912	4222.35347881906	15.45302985528788
?	158.7837154228674	-1262.5482857804327	55.42304965563014	-190.39931078644653	477.2464652743029	-1716.4197084784466	1373.1877429373749	1284.1317760514312	-1
?	85.63557085486882	266.3138821035072	56.965237341280336	151.93608752250339	431.7424952701916	-2475.7918453012358	1331.6949428644834	8722.700930636433	-1
?	172.0994095280427	1692.8704273220542	63.01985403175528	77.81833454244348	353.4568730092416	11.565190421924894	1809.322789469195	9786.999780162936	11.95366491038447
?	170.27909222097122	-3461.9881905608668	60.856154068402496	-10.6824042360444	432.32075479128787	3844.3862127139846	1821.0449318726285	639.0151451416364	-1
?	-1	163.82860179479223	62.48573381995306	93.40434510610682	545.6761836449401	692.7124890881353	1841.2735467262767	-9442.244721561594	8.026556044766968
?	178.4705223107108	3402.6972836415566	65.52637132370782	188.8507287269368	466.9563792456945	-2238.035977529704	1348.9326957945505	-12797.362625116475	7.775740080298376
?	169.13486418207722	-323.8502458012306	71.92827025629987	78.72532422512279	433.7743847684553	1346.260901714659	1201.4054154704552	-3252.495697121028	12.330016899381336
?	162.27801002064933	-276.4295584589983	69.46263753496395	-215.24114501115795	534.2694243314272	7299.80264860595	1186.3079109384996	6287.137970219801	11.168912660239878
?	155.31338625912736	936.9288261417477	61.16621300574201	-258.27344000667557	798.7645171987515	6705.377694468806	1515.762313981444	10742.9002486603	7.931673118612158
?	209.12445132773655	1046.6283160240632	56.54896553463021	162.15062033517142	869.5383090548663	-7505.958525585301	1723.4529233715127	-4603.467849679935	-1
?	207.64480206033033	155.85120465064617	69.27374402250055	376.58392311130876	423.46659091948777	-8409.48720671275	1285.5889214974482	-8278.477427083506	17.477019244681607
?	216.91701156026883	405.4391869065361	75.37816169019558	165.57470269509852	449.06394871923027	632.3535270298419	1309.529052017339	-1320.5950732463682	22.097541470907565
?	227.91676140565707	435.0303847811942	77.55247915725545	40.913731835020286	455.08426727097975	257.9695997653753	1219.55916783513	240.93646389947565	25.85219744424553
?	238.66853079932847	324.9388245559891	77.42384828194659	-23.1728207179473	461.962428707499	-16.59164386391132	1321.5758752123127	-418.4694877129292	26.429930221780165
?	244.16370263345647	144.18096874495853	76.39383812135809	-36.57620623591454	454.2546850777842	-193.38753332289525	1198.6356934494836	-2325.655525099459	30.549075493658762
?	245.87757923657637	107.97055394242231	75.59503797015087	-42.2763347625552	452.29305204135426	-134.91668789086864	1205.2930989573401	-2708.5539050558195	32.29203415891293
?	249.56223033057756	119.24206716402679	74.28002138323033	-78.9341160468058	447.5088506832408	-819.15129945532	1063.207998196693	-9246.416668994796	29.49800480585286
?	251.83968259477768	-8.815404063444735	71.6483321678106	-320.22808885797264	411.3354870685884	-2596.4300068040507	742.972265507602	-221.7754846561919	29.89953015775484
?	249.12146012740533	-5056.793651895572	58.26861694033176	-410.9251033539329	317.6873503430387	707.145170724564	1052.1192239638835	13528.80704035394	18.897231501651472
?	-1	-5002.4292025481245	51.10207700011402	-102.26252568327334	446.6927456048165	5188.409074940553	1419.4126175252966	9728.171584620739	-1
?	-1	0	53.15549065616811	3.3102009964184846	577.1078040900654	4734.832771884808	1538.5278031949188	7303.290112566132	-1
?	-1	0	51.267587049934946	-58.76203658122328	683.434384199056	3904.2900960535853	1784.5771231536019	4666.502332164626	-1
?	-1	0	50.21738882710696	-34.17659115386696	772.322308892744	1895.6173203753906	1771.8529198031492	828.8815028117399	-1
?	-1	0	49.558757492241604	-88.40773945688002	778.2152502178252	-463.8262153930162	1826.0211982941887	-654.2768113635952	-1
?	-1	2919.974754505292	45.79700185426297	55.58260767897471	749.1309981230933	-3945.7335159296945	1739.1390792349696	-10303.721355467329	-1
?	144.99873772526408	3328.7762892378732	52.33788787619033	374.1602059544043	580.9285744213412	-7562.221298316154	1310.8351305208241	-19448.06551603582	-1
?	165.43881446189306	839.8717315118695	64.50501215198312	266.3349216837687	371.0199332072869	-3823.6725956117493	766.7358034331821	-8245.938063476699	17.825418799170073
?	186.9923243008574	293.62729849817515	65.65463396037872	35.967790197181685	389.7449446407544	-628.2630814182642	898.5382273469907	10894.585620718346	22.890445561719094
?	180.12017938680177	-265.20587092182024	66.3034016618422	116.85731148427136	339.6067791363738	-415.9941452017805	1311.4650844690975	14368.327327122062	22.737406695358874
?	173.73203075476644	-233.48156616659847	71.49749953459227	103.85636395395701	368.94523738066545	373.64056067439736	1616.9545937030912	2304.6051477017945	16.627429142861352
?	168.44610107847188	-178.81953967330736	71.49621985954003	-42.860951274187904	358.2888071700936	-194.7085943752445	1426.6953418541868	-4829.774535964338	27.50099253930468
?	164.7910537711011	-113.67929269476446	69.35445197088288	-63.93920522194202	359.20980766190326	83.15351916635252	1375.4658669048752	-2079.8551719125435	26.33171617542788
?	162.76213644373368	-82.13269720351293	68.29925959844294	-63.508124558643374	362.4464831284112	428.10598464831895	1322.70258325856	-2995.131607146674	27.111038213636153
?	160.68441891092547	-65.98424433570665	66.17904574295072	-65.36142793016347	380.6151068943191	833.0219148315787	1225.709286547542	-3191.7488148089774	24.219775334041564
?	159.46292422694836	-41.73892222894509	65.03118820193478	-32.54951691419973	404.09757886999	-242.13271257412742	1163.1151425181117	-3.3667720015955758	19.120616058927602
?	158.59747279947823	-58.63412630772664	64.55156989724074	-21.731344160866335	368.5084712656128	-836.8522425573992	1225.5409479474622	1918.750154118136	32.04384101234844
?	156.53121791156204	-94.5815416937345	63.94462099389147	-27.077549186947135	362.2549667421202	-120.65669658480644	1259.0526502240182	1687.9262726210814	25.748968600511837
?	153.86839571479152	-32.386251008711156	63.19769243789339	-13.214025355471268	362.4756364363725	-72.48731511511917	1309.937261578516	-631.6198467964318	23.742127565721823
?	154.9119053611265	63.246678341683605	63.28391972611791	-7.103857850211053	358.63060098636424	-467.83627714350297	1227.4716578841967	2267.398080500415	25.85725024726342
?	157.0307296318757	-49.930522666759494	62.842499545382836	-85.88624463441649	339.08382257919743	-464.63400110683943	1423.3071656035363	9156.0851393419	22.934600706801202
?	152.41537922778852	47.41610972490565	58.9896074943971	-21.556288306300722	335.39890093102235	848.4870054054201	1685.27591485129	3920.7715891798084	-1
?	159.40153511812096	823.3051880586488	61.764685130067804	348.2153121855253	381.5081728494683	2738.403635913849	1619.345745062526	-7122.3304443452325	-1
?	193.5806386307208	894.594256631585	76.4003731036733	347.53385775651435	472.3190827267143	5616.576166259882	1329.1593926340297	-7344.2247401829845	11.719874906575043
?	204.13124794970005	317.47239642871534	79.14137801789346	38.204041774700805	662.3369811624614	3988.250152344836	1252.134508053378	-5014.697421687133	16.789517254376804
?	209.45425845215652	31.73070407573573	78.31057519240834	-82.09800439525624	671.7315903439554	-1841.5300951121683	1078.424521549674	-2287.1486881297315	23.83563383984545
?	205.71778315348683	-744.9063895308738	75.03647779813066	-387.4287891485613	570.2604764068533	-3668.64438719427	1137.777073646892	-7298.446301081095	15.494849375717848
?	172.20893897561297	-999.9459498447812	58.93913573498034	-428.2980272246268	488.29937098424256	571.2450399719339	713.5022064956205	2825.9852616721137	-1
?	155.72048566124795	-3464.178779512272	53.621576436899396	-173.29511088434194	598.8227284054499	349.89863884723957	1279.0763367304971	10354.452594657425	-1
?	-1	-3134.40971322497	50.274380190763274	-99.2143977197508	505.7943029266045	-4600.468826818371	1231.22483622849	-11519.53144100803	-1
?	-1	3657.0591687188703	48.66085655091187	107.0291329289186	368.79928706453217	-933.8699772310246	703.0997646800977	225.62080988539572	-1
?	181.85295843594287	3507.089745117141	55.625836837209185	373.58192193105185	459.1008040650534	820.1303498351201	1242.5058767227597	3683.1940897390605	7.038566097504599
?	174.3544872558564	-236.41626517709113	67.3399526474644	46.03991290460885	409.805804556288	-1061.1760966606373	887.25946916705	-4166.478244322785	21.759345637926607
?	170.03214517708835	-3507.089745117141	57.92783248243962	-515.0731338971451	406.04199923202174	3727.828528695505	1034.1819645066212	8150.778291812116	17.900779165707448
?	-1	-3420.642903541779	41.58629595260724	-33.66434539456163	596.1972309910626	4416.831879000182	1294.7983837576544	6037.713954900832	-1
?	-1	3555.33441851709	56.244615212711544	354.4033456928282	626.88359318203	-4756.858701200346	1336.0676622516617	4837.821889505489	1.4686131626143963
?	176.76672092585386	3213.9948781077446	59.306463237248586	69.80722911863647	358.3542959310461	-5735.856731976395	1536.689478232928	4471.692494194492	-1
?	159.69974390538667	-382.69976375997794	59.734976668643355	-63.01520027826464	340.0907565832113	564.4778609542309	1559.6522869613855	2111.604265657941	-1
?	157.63173273785503	265.43465311400706	56.155703223335365	168.31010438902868	386.57818897875757	958.5642913246579	1642.2696915158247	-7141.418783653324	-1
?	172.97147656108697	-46.85374842805759	68.15048188809476	137.72206755112967	388.01897114944404	1402.3459396384947	1202.5813477787206	-14074.465840861543	15.273181089420302
?	155.28904531645216	-224.51461710715046	63.041806600891825	-231.15939266090462	456.69548596068205	2108.053339031737	938.54639947275	-3074.4277625000423	10.329352273165876
?	161.7457457057295	189.66183645802073	56.59251225504957	84.14862284713722	493.4216381010305	641.8245535353333	1048.859959653719	-3727.529527825156	15.415231815018974
?	164.77213713935316	-83.75584232558568	67.24923774324867	158.96589862129474	488.7867136374486	-2179.8126189455115	752.1699230814928	-4109.25697620437	18.470768040338463
?	157.55795358945022	-122.44010281245879	64.54080718611428	-161.17959115448983	384.43100715375533	-3576.6063582657034	843.3971108435012	4475.0199498089905	12.645470956725395
?	158.65013199873025	568.0112604697414	59.19025818552421	61.42810343125313	309.95639572416405	497.78330451908295	975.9209205719416	7963.349782070205	-1
?	185.9585166129372	959.6254224560278	67.61221235767692	355.00207794661094	409.3201723797094	1937.1457720257035	1241.56459994701	7895.227995641647	12.160594553418834
?	206.63140312153146	375.0111884521114	76.94036208285469	59.18203568246092	406.8136843254489	-1035.3019399961263	1370.6823203540225	5874.799840093204	22.599051302701017
?	204.7090760355427	-225.06376766282608	70.57131414179996	-298.3175122059078	357.55507537990326	-1547.0055458622446	1535.3045919516692	2513.3094589856364	19.720895571750752
?	195.3782147383902	178.03652270151537	62.02448647255935	-69.13605033955089	329.46340703233693	0.9486820457016199	1496.347793303304	-6527.893214356463	16.44405131562238
?	213.61090217061843	512.6687547296315	67.11451162482243	243.66972505822716	357.60250948218834	1835.5260475806958	1208.9099312338471	-14315.006908345695	15.261222032918855
?	221.01165247487168	109.49559074121036	74.20797272547067	174.00015827572366	421.2397094113714	2791.077455433477	780.5974478860217	-8188.640349479005	22.151362173412156
?	219.08568170767893	-66.25493103676458	75.81451953860858	73.86381462234223	497.1563822538617	4446.097171284099	799.4779137598983	6057.326740933712	18.4933547067103
?	217.69890592303346	97.16726811289652	77.90116345658777	41.15629512715643	643.5445679755756	3718.26183211828	1083.4637849327062	8131.478190392953	15.636874959618059
?	223.94404511332374	200.40551831828637	77.8723342949664	-4.832178753747217	683.069473859775	840.2093031396732	1206.0518232795446	3722.9267709714345	23.347732719548805
?	227.71918183894775	144.00772585888257	77.6595545189004	-25.706296391866864	685.5550331325591	170.6147773635013	1269.6101234812772	992.9426407606651	25.981967063084973
?	231.14443140626784	298.99499099555777	76.58701947537305	-72.14976436793219	691.6002127279501	-2107.9390001378265	1255.6989553175777	-2426.0144969071503	25.37187791038893
?	242.66893138872558	548.4740002375102	74.05206630050381	-200.90917113728452	580.1580831256681	-4951.160610078378	1148.3093986359202	-3846.394120356563	19.98855784820383
?	258.56813141814325	-4873.378627774529	66.54156091850886	-488.8144788711771	444.04218222403205	2237.503918594435	1063.3792492997502	5355.643419369422	14.737417355625706
?	-1	-5191.362628362884	49.611342356945045	-234.08349672048612	692.0332790553895	7895.891168566474	1416.0915696043903	12514.66448462756	-1
?	-1	0	54.8373860824846	102.30647990158951	838.8367406523544	1020.581583519478	1689.112473531126	4980.304736925463	-1
?	-1	0	54.7266663520245	-57.45945183410675	743.0623582313632	-2065.5313755880484	1665.1068064506626	-1811.3089723929825	-1
?	-1	0	51.96441349077927	-164.60049599701154	735.5601718729523	1485.8410383664484	1598.5470249114771	-3736.069042475396	-1
?	-1	0	46.496641552173955	-277.67263399762754	817.3544101496854	-2323.8984965527825	1478.3033543268934	-1383.6120840134304	-1
?	-1	0	38.080781790897944	26.87574998710299	619.3652470453136	-3385.6580336077745	1529.3664207108059	-244.341069641674	-1
?	-1	4512.059441114675	47.8404290515291	764.3799314452706	648.0715084692972	-3293.6040546303893	1466.0863008448098	-11385.727488256349	-1
?	224.60297205573295	4355.572918198293	76.29977836316134	359.2632250013197	454.6850443137947	-4535.2212094030065	960.0800462979904	-5846.232747649699	12.161604621863646
?	216.77864590991388	-10.056294639505872	65.80359030159502	-498.14886575238694	421.3104479991477	1621.9410262189115	1173.7746634623259	7960.423048631536	12.920366770239978
?	224.10015732375766	-270.00703580931525	51.39233507554208	-115.50715611760437	535.78209562474	3916.720609127041	1358.1011987295658	884.7974029075917	-1
?	203.27829411944816	-749.3342386290201	60.028232495714825	306.5198663532231	617.146478455499	-2552.6320801301586	1218.0145336077053	-8052.9482660773865	7.010240409750573
?	186.63344539230678	-320.14861268865275	66.71832839320318	110.06477415862659	408.15049161823254	-3950.1960966970323	955.4537854256979	-4656.984486578814	16.685804231504395
?	187.27086348501558	390.78240069556637	65.53147120364613	200.50173970006213	419.63667362064814	3309.524525608113	985.1653092787655	-754.3219490361325	14.539957159335662
?	206.17256542708503	278.131899283549	76.74341537820625	166.4222736108596	573.6267178986376	5249.167762467048	917.7376879738914	2777.7838125920093	17.67543811461895
?	201.17745844919298	-210.74680678623525	73.85258488418909	-372.68394449009355	682.0950617439996	4538.262975721494	1124.0544999083654	7859.798193961486	17.429712588456887
?	195.6352250877733	-4043.549168983874	58.10921815370164	-339.81485676648737	800.5398666847115	2929.960343016068	1310.7275976719643	5581.646902170871	-1
?	-1	-3932.70450175548	56.861842045864776	-134.79656622385866	828.5930788948025	-135.13928722654148	1403.136845016908	4038.2046628616363	-1
?	-1	0	51.36938984250873	-170.2044271881603	793.7829023233844	-547.7592990277454	1512.6378308150454	4418.693941016883	-1
?	-1	3423.3915164287064	48.35162068645679	255.64220990434157	801.2051139434153	-7311.934222619803	1624.0715420677514	-4271.978576972385	-1
?	170.1695758214347	2943.8085817275874	64.15150033772576	344.3445084685893	428.18619119239554	-8663.153577197882	1299.038901966427	-5936.244890939368	11.22790700325877
?	146.19042908637886	-553.2429866605767	65.5688461098862	-145.43514300062932	368.04743508352277	-2314.2694858953305	1327.259297520784	-1243.9466442028968	16.615930979057822
?	142.50742648840597	-89.36339935518535	56.879743187694324	-249.2573962668563	312.4727168976294	637.0923469676234	1236.8415697562823	-227.5368429123099	-1
?	141.7222591186196	1337.674763516467	53.105976296543425	390.20870156380465	399.9020524319038	2658.9301350962196	1315.8824553751685	2283.7556004882017	-1
?	209.39116466422908	1597.2827819982774	76.39017826588449	352.7021871881482	445.41922365243994	610.1411941133061	1351.029349780692	1365.2293193179778	12.08404630526824
?	221.5863982185332	236.80550269882048	70.74108565595077	-531.280885066705	430.409112137569	-59.23119773172196	1384.1439213410672	2846.2208471680024	18.200049397652087
?	221.23143979917006	508.67013066326604	49.82613401254933	-185.91728214475432	442.45766376585385	2317.1924191969338	1493.3403921390916	-2405.0884340894113	-1
?	247.0199047516964	108.59736092240307	61.445221548713086	457.9868394886952	546.2687330974153	4211.002011349074	1263.889499636597	-9212.972524933111	0.435512808549982
?	226.6613078452902	-823.4772886642004	72.72547598698401	55.06161348678012	653.0077643333068	985.7703015718483	1032.6917658924376	-2468.483909501578	11.146406288239158
?	205.84604031848653	-350.3833194350683	64.19830222305208	-154.2048180818301	595.5572481760075	-6192.755145993936	1140.4653041615186	-2094.173877644733	10.140829577754571
?	209.14214187353684	29.585967980858747	65.01523508289253	38.15936828921635	343.3700070336111	-5703.3313429790815	927.9830720102013	-5073.776359476442	20.584258489937028
?	207.32533871752946	-118.54094686252196	66.10627063751289	22.506064166256092	310.3906810270545	-440.5037812299388	886.7764861876974	-2563.9281248185125	24.445245180514604
?	203.21509453041077	-140.2539186029656	66.14053829120533	-56.84804949725765	321.34481797211424	-775.2792871421029	799.7866657692762	-1066.143677602635	23.92950108029661
?	200.3126427873812	-20.034585502852522	63.26386816265002	-33.29191634358421	271.6267166699495	966.8767346170171	833.4693023075658	5649.616376091341	-1
?	202.21336525526814	-37.878548259983084	64.47594247402613	23.88279400694438	369.6886547029649	2207.421686681133	1082.2674845738422	7606.057708000076	21.72310332642826
?	198.41871537438206	-176.5964752288466	64.45800786299724	-39.284610935661135	381.99780100400574	-214.59268016570908	1213.7721877075683	2880.6888250145644	29.306415432496255
?	193.38354149382585	-278.8118732656464	62.51171192724308	-321.41378574887995	358.9590206946795	5548.328373739038	1226.30192582457	3679.3747816554783	27.012377931815077
?	184.4781217110998	-3887.6708298765307	48.387318575553294	-322.34800712973424	659.4142196909567	8342.782008264401	1397.7409267903415	11408.646359087925	-1
?	-1	56.781700597179764	46.39431157075642	123.24592260864209	776.0981211078981	-2771.0527147949197	1796.7342437789641	-2993.987711434926	-1
?	187.31720674095877	3575.6044809756204	54.54961470598538	340.7146145895518	520.8615839512112	-7052.201742481923	1248.0415412185957	-14983.477607514313	13.9823834483085
?	177.78022404878038	-293.81001514140667	63.43004230023395	215.31916400153696	423.48803398380323	-1777.945903565896	1047.5603634032511	-2809.681448241814	20.734030640998654
?	172.62670598388848	-434.5801255444449	65.31557290606219	44.058641913163555	431.9642887729167	2442.313269768342	1107.5574688065055	-1753.2474264593354	13.239418674482335
?	156.0512177715582	-378.7349294983343	65.63297439589212	-63.104653114277994	545.6036974722199	797.6025997976791	959.8979920802847	-4143.885247460229	13.094477323953342
?	153.68995950897184	37.789371019805024	62.1603402503483	-253.7370754916396	471.8444187628005	-3976.4613420063342	900.3632064334948	-836.0966167560634	11.8194446929677
?	157.94068632254846	405.8333914283525	52.946120621310186	-94.86061891887424	346.7806303719039	-2824.7019109642447	918.0931612424816	5362.7712655149335	-1
?	173.98162908038975	923.0790905667936	57.41730930440452	382.14325230548064	330.60932321458625	1313.9771417023321	1168.5017697092453	9246.95748405816	-1
?	204.0946408508888	806.3092258464842	72.05328323658449	260.44241300607536	412.47948745702143	1360.6924770010926	1380.4410354453962	4975.281882525034	17.70760021780455
?	214.29709037271454	-49.14327548518928	70.43942995470847	-187.24386182664549	398.64394706464185	-2105.6143423779254	1417.2658638355006	2911.0309790539436	22.670596447150523
?	201.6374770766293	-83.23495030572754	62.69109014525208	-186.73914377687657	307.19877033812367	-2064.8703980210485	1525.9925843980955	105.07049974831567	20.418825126214422
?	210.1353428574281	306.8838397206078	61.10247276586451	107.83197788379343	295.40042716358795	1436.263081554123	1422.5193888229164	-13170.211617958763	16.981439991235156
?	216.9816690626599	258.24004509973605	68.08268903944183	211.95887653992966	379.01192441583083	2918.6786686548617	867.4820035001479	-13858.279606394104	21.981851168253655
?	223.0473451124151	121.88127214782978	71.70041659286115	122.84740154757198	441.3343605963331	3781.898942935322	729.6054085032014	1872.6128636209257	21.580705132282
?	223.07573267005148	2.527820824355977	74.22505911682052	42.67251420975864	568.1068715625996	3462.1339253563574	961.1126466811955	8185.822458111952	13.018719966820703
?	223.1737361536329	169.47643471317448	73.83404230334911	-27.475690144208507	614.4410568641534	1215.868447307133	1138.8965314088048	3977.9534448409236	21.687074659738762
?	231.54955440571032	539.8641562384015	72.85127460961007	-8.089091240466813	628.9002939279571	-986.423640347011	1160.0103189232445	1050.8818523607838	22.130020350619972
?	250.16694396555334	869.2112943186573	73.42958774132576	0.7253243713020549	565.1198748468022	-2190.5693629195557	1191.4406240268447	1778.3068858265663	17.87770119430573
?	275.0101191216438	741.0082578549369	72.88754082817518	-112.51437680056806	519.3718257819778	-2095.499657759442	1248.9256632145741	-3179.146424296969	18.227161486349967
?	287.2173568583007	38.18846603506873	67.80386890129728	-482.6575088976201	460.3448919588286	-76.37948439270423	1032.483302811994	1507.204341955609	18.252047570304033
?	276.9195424233973	-5764.3471371659325	48.754665383293826	-391.46980702647596	515.5528515623425	7101.425322289289	1324.2858803123556	12187.611435691633	-1
?	-1	-5558.390848467867	48.2303785499732	-3.1961047696436653	815.4161580732981	3762.771649276909	1641.8638745965843	6825.796069264882	-1
?	-1	0	48.59486014481164	-8.111662813552583	703.6914340261907	-1581.7682862604263	1665.5756837756046	2248.4384738383687	-1
?	-1	0	47.82479540929557	-25.86665072872967	736.3277437602757	1028.8169678189925	1754.2857982885043	2684.215411640296	-1
?	-1	0	47.30152760837514	-26.008262745740666	755.132282417141	1226.6127730643673	1799.7864543576213	-663.9701642273755	-1
?	-1	3425.099541801733	46.524382272008516	261.21415500689193	797.6583824134949	-6492.744878772965	1721.087290077135	-12836.43505286309	-1
?	170.25497709008908	3619.0584982575815	60.36223535871992	436.88083333304905	430.49503847848814	-10047.660164150308	1157.9647017144578	-17216.449230098635	19.78328757190335
?	179.95292491288166	1036.1129670285375	68.36842393866128	295.33313686455097	295.27537420597235	-1190.8938344249273	860.264828572191	-320.7097936029186	20.418752468030135
?	222.0606254415167	1727.3981643459222	75.12889220194768	234.9052094219372	370.95034675724094	6420.604297514202	1141.9292120343116	6140.784616115031	15.328265270496365
?	266.322833130179	1775.2551179606387	80.1136844097583	-88.79246741322775	616.305589081687	4731.28397939926	1167.304059377947	2605.5000409461895	13.005130884200899
?	310.8233813395499	751.0216156294218	70.68926883128623	-464.44051384619934	607.5145457272073	448.9001706041522	1272.204214081623	5065.171093151513	10.91189057531171
?	303.8739139116506	-6236.467626790909	56.89165871744801	-68.26021905459004	638.7505976118949	1023.8040225663112	1420.5626140355262	2143.3889137950077	-1
?	-1	-6097.478278232926	67.27625787855668	87.65141068745439	658.7047468555236	1890.8806009631762	1379.3736597713748	-1811.6243371557737	-0.6962672300056675
?	-1	0	61.27422925182079	-429.8937950354541	733.2946276600551	-72.6663694208231	1329.9813971777362	-236.86532977618418	-0.5771283404591945
?	-1	4591.377152492864	45.78156812678367	170.55442278432423	655.0714283844824	-1352.5203910376615	1367.5303932825655	-2073.5628931766837	-1
?	228.56885762464645	4128.328692901088	69.80195039103712	513.6168348949096	665.668608108171	-3408.700097639079	1226.3032525189005	-7092.102243569877	7.012111796682051
?	205.41643464505736	-866.2803304002804	71.46240987152952	-232.18324123118774	484.636423502526	-3471.449515454618	1012.9252811040666	3042.4165918506446	14.414344035198235
?	185.25484110463182	-4128.328692901088	58.19278832947757	-445.4585053597879	492.0961323354377	1577.590266765749	1378.424082111435	10673.360230860562	12.017993027352002
?	-1	267.7668017570018	49.1894846035398	73.12065310270565	563.5159368408146	-325.01974091885694	1546.5932926471023	1434.8250100786959	-1
?	198.6431811924821	3449.558131362402	61.84882098461291	63.69453732520834	475.8451452894946	-3039.919195705485	1450.1653326153707	-5744.343108630537	10.222037940376019
?	171.47790656812256	267.08609771449534	52.374211469800265	-158.42654382374195	411.51997705553816	3121.757093835413	1259.3761372155714	3906.141398050294	-1
?	211.99748607820706	266.1149008670141	53.9274937934257	255.6078005539779	631.9329999812675	-1400.2198772710726	1645.4724025178882	8074.713212745527	-1
?	184.78365161147346	-4259.94972156408	65.15460149749934	24.15664778433702	341.50898319198353	3200.358152742142	1663.1117978528534	103.9638130202942	12.593128980037024
?	-1	-3715.6730322294165	55.135326182642565	-150.24588098317537	791.9509076183769	7693.125674079751	1650.670593168903	2815.7648653766555	-1
?	-1	5969.475167431672	57.64230744834047	203.13766032410152	726.1652668959765	-6364.75768200118	1803.9000411216882	-4171.779668243748	-1
?	297.47375837158785	19.999999999999716	65.29220919884779	-1152.846148966793	473.7130235183133	-14523.305337919324	1442.0816097567126	-36078.00082243325	8.107661207195003
