rowLabel	avP	dP	avI	dI	f1	dF1	f2	dF2	h
?	88.01219281553246	1763.1399416433658	74.97821163126288	1489.8670187429416	655.201011506856	11309.077795353902	1604.6123765888692	36016.96128854188	6.446822603936201
?	88.15699708216829	24.524235612515213	74.49335093714709	-44.174878703224465	565.4538897676952	-5656.702611857159	1800.8480644270942	9975.04824005352	7.58253633325169
?	89.23840459615822	40.55453579644079	72.76946769610166	-17.652249070056307	372.36588091399807	-4241.068249857008	2103.364788591545	8090.868760825644	11.62538123899171
?	90.18472387199033	-43.594158061629294	73.61073848364427	8.971246464887487	353.4004772748447	-231.14287149242392	2205.3915024683765	-364.42165820742053	14.597515551823685
?	87.05869669307676	-210.17797519028255	73.21803001934603	-243.884130009123	360.8087373393769	-1156.9179546125874	2085.143705681174	-15622.222593903505	11.757174588188775
?	79.6758251124762	-4.621831460513023	61.41653198318812	1.6442762566302354	295.55457954421536	3055.7997865945076	1424.2803727732014	-10961.434116367644	-1
?	86.8276051200511	201.3432161023997	73.30024383217754	256.564052618696	513.5987266691022	4998.37891124385	1537.0719998627922	4179.094605857582	3.5562825382108145
?	89.74298591759619	-66.37067975348971	74.24473461412292	-163.88954653988495	545.4735251064078	-1.908343541356317	1633.2351030660805	2661.0609130091693	8.307300286068251
?	83.50907113237662	51.071746946730926	65.1057665051833	-38.65842491062467	513.5033094920344	-588.3188054567291	1670.1250455132506	-985.5147800653097	6.75384798551516
?	92.29657326493273	70.39329007822148	72.31181336859169	94.07277293374592	516.0575848335714	-1834.9946962784798	1583.959364062815	-3343.7019269480115	8.58872466800813
?	87.02873563628769	-83.52650668854658	69.80940515187059	-66.8764971862563	421.75357467811045	-3835.3471198116677	1502.93994916585	-5774.0653305871265	7.673934863631028
?	88.1202479305054	-11.864068953668426	68.96798850927887	-44.410079499347106	324.2902288429878	-237.63205952647903	1295.2560975334584	-6640.864356898868	17.633504640597415
?	86.43553218860427	-141.41028910770746	67.58890117690324	-78.7342411649373	409.8719717017865	5894.996393626423	1170.8967313209064	8284.740503038976	14.878370751399796
?	81.04973347512002	-1748.7106437720838	65.031276451032	-27.083722286228042	619.0400485243092	5522.445188359995	1709.4931226854076	10556.223809329776	4.8829998401464705
?	-1	-30.7301472636058	66.23471506259183	-9.564860631982404	685.9942311197865	-4360.952318765011	1698.7079217873957	-5252.632979148002	4.838429834371683
?	79.51322611193973	0	64.55303341943288	-346.8332346563694	400.99243258605844	-1812.2288741432892	1446.8614737280072	-3428.9676162412675	3.8934102962473407
?	-1	-1610.2645222387932	48.893053329773345	94.68876829086318	595.382787412622	8381.375910304372	1527.2595409753321	-686.525015947222	-1
?	-1	1859.884894950113	69.28747183397604	476.7946562479682	820.0612281012774	-178.6663221478214	1412.5352229306461	2812.2525284673497	-2.0538261855942577
?	91.99424474750573	1707.5843424627105	72.73278614217178	35.11530442637192	586.4494713052309	-7262.508238364461	1667.8721673986997	-332.97216536788227	4.201575969134807
?	84.3792171231356	-124.42833514645957	71.04323705529464	30.50483091374336	456.935816183054	-85.96824346156848	1395.886614662252	-4270.810665057225	8.194531967196822
?	85.77282799018276	-55.04995674972117	74.25802768785894	24.99411996508625	582.1510591321525	2960.486658492526	1454.3316341458387	4669.6623516456975	6.99399454586945
?	81.62671928564954	-48.60888899269408	72.29294305354895	-74.17803528517162	604.9601491076804	-2215.279627049903	1629.369732244537	4281.816870437861	7.168941037825881
?	83.34238354054806	175.74892909232332	70.54912592360036	46.93508967310005	471.3870777796572	-1494.7286639895933	1668.422477667732	3847.4674229994716	8.44597266072185
?	90.41416574026572	347.7196815221748	74.63969753720396	102.34949407592657	530.2237159082007	1288.0067707606804	1821.7431033945109	3510.855426532509	9.177050447785797
?	100.72836761665681	288.78506872106044	75.66660062739669	-329.3035088420578	535.7874163176913	-239.30390021867177	1843.9652489943576	-654.6072431892202	8.46697957922675
?	104.85341917631875	-2034.5673523331345	58.174522095101054	-506.0827760111047	518.2585208972671	5086.133433329273	1789.0127412350498	-611.6715433790108	8.523133526643074
?	-1	-2117.068383526373	50.36246182684143	-34.684503196518335	790.0940879841552	6540.876962227411	1813.381671825407	929.7572012608581	-1
?	-1	0	56.440296935275136	185.61807272971902	845.3023690086379	-1865.5991807181529	1835.5006012980928	-585.2493375648004	-1
?	-1	0	59.64336546332739	106.31054014651359	696.8141289482475	-1851.5075980682748	1784.119204947167	-674.051726262	-1
?	-1	0	61.75582394260082	50.43161646713865	752.7269891052241	2633.534450796485	1801.7980149849927	-210.36624832992837	-1
?	-1	0	62.16494628668433	11.218117889940931	828.4908514880718	2889.4649636869776	1773.6008925306705	-1123.3264221571553	-1
?	-1	0	62.31672983709787	-37.558977004632474	897.2002372895731	-2283.187378679209	1745.631693877135	-907.3177202891603	-1
?	-1	0	60.2869974364527	-174.24620747116435	714.3314825541113	-4492.043249500028	1728.2350065162125	-943.0361927296182	-1
?	-1	0	53.60441946353964	-237.82329863506854	672.5980748145715	-2675.1782314071784	1698.479884240654	-2031.1194679902	-1
?	-1	0	48.395832504699264	249.33553195472206	580.5725709837523	1732.261241484858	1626.6790331167024	2833.846223149223	-1
?	-1	0	66.07119606127576	496.7726865879095	759.2111368888145	5368.596378783773	1840.1721953981153	2389.8068879844345	0.551534134253831
?	-1	2052.2457733441056	73.23446683409476	135.51210920555081	849.0023899229411	-3932.1304526288154	1746.1693775159242	-4000.318552391942	2.534352387012121
?	101.61228866720538	1971.3796423762744	72.8468015215533	94.45024541680814	562.6046142573736	-9542.821566235863	1640.156267778518	-3563.785135419313	4.551804484038025
?	97.5689821188138	-192.6945142546894	77.95697910493517	2.424822377042799	371.8613116111475	3566.667145517619	1567.9801207449584	3247.675713295127	15.615494438448104
?	91.9775629544709	-1971.379642376283	72.96804264040544	-81.37619185563466	740.9379715332547	10819.093410239528	1802.5400534432745	5758.5816560995245	3.302128685914286
?	-1	-1859.5512590894245	73.88816951215345	5.322563168552979	912.8159821231219	3167.8595955084097	1855.9092035499336	1194.323653651513	-2.8846245983076675
?	-1	1991.0318518564	73.23417079883309	-67.66305023333867	899.3309513086746	-6750.516651505012	1862.25623612585	496.2097882798907	-2.8495956658108446
?	98.55159259281965	2008.8026462261873	70.50501700048653	9.968618671319725	575.2901495478725	-11806.618383682713	1880.719692963928	3475.0591923438865	3.7484547096538208
?	99.44013231130901	-59.4621656549068	73.73260173239908	100.22469710350187	309.000032124541	-5066.435509985662	2036.0091957430436	-2159.386905327627	11.497106957216767
?	95.57848431007432	-106.74018845981276	75.51625185566161	72.77855188245749	321.9683740485903	3094.7213423767307	1772.750347697547	-7151.181937735867	13.696496693153609
?	94.1031228883184	-196.52771668603393	77.37152932652194	-96.17221909519833	463.736099243377	2474.0593563181887	1678.4500988562515	-2172.544845923138	11.460763969082947
?	85.75209847577266	-278.0023113442355	70.70764090090171	-333.1180108169119	445.6713418644993	-1977.5391302951052	1664.1231054013906	528.3243804298191	8.103646840099755
?	80.20300732110667	8.051360051431146	60.7156287856764	41.021044728097	364.8591427286221	-757.4297727760204	1704.8663178777424	4984.502484513563	4.24290975267372
?	86.15466647834421	67.08800051689134	72.75869313730655	194.61687739461678	407.7998532256984	124.66632123947123	1913.348229627068	5526.886087161681	13.853962030532111
?	83.55740734695122	-20.674714184163538	70.4464726554072	-127.42003117779961	371.09245879059563	-2036.6112584234922	1981.2106222358254	-8725.033060536602	12.173042396132743
?	85.12093076913604	279.80498148642437	66.3876915784166	25.670453590109993	305.9692903045242	-1351.8690924890827	1477.0965766002394	-8580.60874515811	16.578636293891602
?	97.54765642127239	516.0360221898945	71.7299953349127	237.79255408615398	303.49900416614173	723.2666372305338	1552.1801849779215	11964.741088890316	13.326712932918259
?	110.92273187863067	281.705435181424	78.27731928272425	99.40694463340925	342.13262216605074	1133.0292831820925	2075.333631044753	7725.562370567004	15.254481991298524
?	111.63292818034354	-22.813794552758477	76.70034256658315	-42.29946986945394	360.15046832524615	3616.556444041552	1938.4583035062703	-5632.097514694485	10.945594836277383
?	109.78204215099275	-192.4170562232656	76.16234578925156	-221.2602046553996	522.9604443681277	3936.530057674932	1793.7287553100298	-2952.2557768523634	10.15122034910015
?	102.0120753691803	-2215.640843019863	65.6373323338132	-227.91708920192428	556.976971208992	5528.534425445129	1790.8455146636527	-1891.4922124885356	6.649435819419796
?	-1	-2060.241507383613	64.76649132915539	-21.851527711026016	799.3871656403832	5909.277082150685	1699.1541446856033	401.82435106272493	-1
?	-1	2076.5654090326743	64.54475594826191	-28.08464158348282	852.4408253165252	-6104.053306918923	1810.9367322167889	793.7825191732446	-2.4484506300776654
?	102.82827045163334	2041.7837488933078	63.36225924998125	115.29153144895345	494.18450029443807	-10266.254156521687	1738.8432706442654	-6769.135831643526	7.038758136924756
?	101.08918744466503	-89.50051958491801	70.30933252070956	194.19530470484784	339.1281174904427	-2487.967923900919	1472.4799406346137	4023.5294649720304	10.813821828194309
?	98.35324447238746	-54.22443237226607	73.07202448522361	83.98020262070789	369.78610409939256	3830.4777771881345	1940.0197438928662	5984.460870766505	10.805220753914524
?	98.37796582605174	-124.20677833566388	74.50834265174494	-273.08289637060267	530.6520063498488	1475.4352922035987	1771.702984172938	-6243.695057100221	11.185391949356989
?	92.14290555560429	-1987.5593165210419	59.41787966669352	-514.83148748718	443.55786870957223	2023.9563657201966	1627.8349910378563	-1644.8947779494997	8.508405771136358
?	-1	-1862.8581111120923	48.766768277386035	21.194532527877147	631.8498246358582	6965.752352950568	1689.4582452754632	3429.7572878141987	-1
?	-1	1887.2909437088313	60.477606293087376	332.71653261697827	791.8454863570994	-4484.287792724767	1799.3228554285656	4594.128869964432	-1
?	93.36454718544123	1875.0058458314204	65.40259490823489	185.24517228781272	407.63543499962066	-9432.717204520859	1919.164688773684	1868.7544721330435	11.977325665631682
?	92.75029229157069	85.99236207619244	69.73986490747798	116.62143432419852	320.2096261310581	-1687.0698113913445	1892.7605790352175	-970.330140534569	16.42100845066198
?	97.66416528925083	197.63044947664966	71.2336666244448	76.3556618154385	323.2819444300537	115.57291034627197	1870.6481817469557	-665.8757494310181	14.608279406583886
?	102.63181476540313	188.84216074907766	73.55764799824989	91.89990864167957	325.98827164837166	692.1712953013073	1859.4667915636667	-1754.196226511014	12.142172926226632
?	107.10627332670468	173.32151124015246	75.82866205652876	7.595730883294349	357.89050919511897	1861.0434736302407	1782.9383704214054	-6113.6711401510765	16.125239627373098
?	111.29789032741073	234.56398079455053	73.93743454241461	-341.6223696745339	419.04044532988337	1263.8834572724647	1553.783234556114	-7211.117127823393	12.918927842141736
?	118.83447236643217	-2245.9578065482224	58.74754357280212	-470.4144974406915	421.084682058742	3263.2649959551486	1422.382514030237	120.28505026246464	9.640592481564088
?	-1	-2396.689447328652	50.416709670380115	-173.48979636354775	582.2036951276402	5827.040203860514	1559.7974870692371	4402.874003649997	-1
?	-1	0	50.073053754624766	87.69729511878782	712.4366922517667	3925.5239645725514	1642.526214212736	3540.4019416044357	-1
?	-1	0	54.80157442631949	133.25180697900498	778.4798933562671	2723.506293808662	1736.8175841494583	3026.391023132239	-1
?	-1	0	56.73564410357499	68.71387807101495	848.6120069421993	-1194.8603964819015	1793.8457653693474	456.8964692472235	-1
?	-1	0	58.237268329870226	10.763861160564442	718.7368735321722	-2346.3529020152205	1759.6624076118194	-611.2500908760034	-1
?	-1	0	57.27383716160321	-80.80388252796936	731.2943618414387	-1807.8623968285565	1763.2832608255474	-240.38001888275716	-1
?	-1	0	54.19707420347177	-153.253633241121	628.3437536907447	-3404.1663169408557	1747.6434066676816	-1927.4652126789192	-1
?	-1	0	49.61115549954719	-42.820751789256526	561.0860459943965	-3629.9354342623146	1666.9100001916017	-3939.1295815293192	-1
?	-1	1802.2986349459638	52.05603661400895	321.5309393397287	446.84698197762964	-5011.180545119773	1550.6869275912163	-988.5659529489011	-1
?	89.11493174729787	1891.4092983341698	65.68770246653357	365.3879572012508	310.52701873840874	-1656.1057255900143	1617.4817025441569	1004.8207015821926	6.187457213994318
?	93.57046491670815	-1802.2986349459638	70.32543447407143	-324.7212572326048	364.0416956981292	3913.6415688114053	1600.9279626703258	-610.1501976001576	7.574365576473861
?	-1	-1891.4092983341698	49.451639604903384	-112.89791296426228	506.2090971789783	7593.171735191179	1586.974192664149	-2749.355649943623	-1
?	-1	1958.6068473976186	64.68053882585834	551.8544824566881	743.7002824576869	-1040.1976778246242	1463.460180173145	-192.32875270250202	1.5902884673457318
?	96.93034236988058	1899.5004042887747	77.04436372773769	142.62269325290754	454.1992132877473	-8546.047229235239	1577.357755029024	3913.0511112901745	8.754232450107638
?	93.9750202144384	-47.13443034556167	71.81167348850369	-75.97416898660099	316.3979209959264	-1725.7412880837323	1659.112735737653	3705.9148682696327	16.858479977233365
?	94.5736208526025	-74.99602780788818	73.24565527840765	-55.902779138449915	367.912148883561	3039.632515371366	1762.653498442505	3140.182043022917	11.760508100088073
?	90.225218824044	-1911.472417052057	69.0165345315812	-122.2869954717966	468.3795467644942	11512.309034694612	1816.1218378887984	-663.7542272674251	10.6433496132976
?	-1	-1824.5043764808865	67.13130550481785	-37.00773151568071	943.5276006182896	8975.201746759556	1729.4657870791339	-2155.2426281984467	-3.0531985166156312
?	-1	1841.1488646561702	67.16614795579717	82.88785211064295	917.1396341024704	-9567.04235385189	1708.3597064788764	1499.8458070552176	-2.339971283064183
?	91.05744323280818	1761.437376742631	71.27569811034998	-174.69990966886334	465.1754829256968	-9134.669310082503	1804.4580774318945	-5740.054970976964	7.656093498199737
?	87.07186883713123	-1841.1488646561702	58.431152472354036	-523.1372002117485	460.4061685983469	1931.2070319673774	1421.3569579300292	-8311.022672869123	1.4984901511940336
?	-1	567.6490304688525	45.11883809976265	8.830256085305624	561.7358345240654	1535.5515196872225	1388.9069437884398	-144.9681981381678	-1
?	115.45432036057376	2184.0292464827626	58.872665276619315	643.7692478399874	537.1837445827077	1436.6513259546382	1414.1085480231209	-2595.7493589455908	-1.3878569263659917
?	108.20146232413775	-231.20661489696087	77.30730049176191	254.3355133356713	633.568400821797	-1143.0302741996156	1259.1194758411607	-239.791414831312	11.059050642679887
?	103.89398961572576	-147.13415959806747	71.58944094340284	-195.83555683499566	480.03223087272715	-5048.556478613418	1402.1189772815553	2831.913856457387	7.7332663834954
?	100.8447543442344	-66.17665032038129	67.51552265001216	-112.96063877060743	381.140576891127	-3374.6781791399435	1400.7151686640295	-1498.324245402019	12.452999080770551
?	100.5851570997067	12.66275078468202	65.94140900487248	-42.47770811779262	311.2983219157306	-1954.181917523396	1327.2027650114546	1611.9302693814836	17.387807848363977
?	101.4778918834685	27.558166756472346	65.39163724412254	20.39365880507468	283.43148101495757	1842.3025798057788	1481.3116821331034	1349.931204594632	20.971245189177104
?	101.96306543753032	12.116356589701283	66.96109194512621	41.87250780521325	403.4134509060192	3374.6710738348606	1394.699325241186	-4590.776705382557	14.675459444043208
?	102.08370971295356	-97.41324903687519	67.48526263438319	-195.7766718737528	452.1650347067	203.33710688441855	1251.7728468639764	-2265.3237402524283	17.5611464197166
?	97.09240298568658	-2061.6741942590784	57.17225835143861	-514.3925044643237	413.5803062502401	-270.52027544439494	1281.433138228565	5220.615282487865	12.876294404696594
?	-1	-1961.8480597137384	41.7656374111671	-288.03021825265677	438.6390209344803	839.3980601764049	1512.8036109883687	2888.493306994184	-1
?	-1	2060.859534518224	42.77074743880582	402.1037141995828	455.5502092590602	2879.199352117001	1425.8578035782737	1372.3402468608995	-1
?	102.04297672591082	2012.9474572019037	61.87082312114617	631.3209573008761	582.5989885403299	2293.653615154242	1581.4206233314135	-9812.869966947574	4.735570125510967
?	99.64737286009483	-52.333957930334705	74.33679530384951	244.44519924500372	570.2328900167719	1645.3599401211354	935.2143052308967	-17067.742156049622	11.097334562496808
?	99.4262788293941	-43.34711518820187	74.09308308339631	-23.362685406990888	664.8669855463863	963.6536483744965	728.0335155289354	-2899.805789006929	21.11994688398938
?	97.48001710068475	-42.045887741080186	73.16866103349997	-104.31627704066537	618.4155724354965	-4025.6433519311445	790.2240157805508	2405.155094642559	20.85699175028501
?	97.32398444234009	-35.14038916818164	68.87726923136306	-417.6239887172337	463.5848179498298	-1390.1462417590465	848.2912702610629	7671.077342522974	16.893188787704467
?	95.72299764227567	-1966.4796888468088	52.28746159763836	-504.9531399898282	548.9082603475445	2976.154746955748	1173.777882906698	13948.435431495736	-1
?	-1	-1934.4599528455203	43.62961223187174	-110.77718779485775	612.3925552976167	1243.285933426109	1545.7130418358472	8288.03649444488	-1
?	-1	0	46.748602207895495	92.33216200447889	611.0725570188497	939.1826548593109	1588.1797076289406	3668.5541212362564	-1
?	-1	1565.6151916596436	48.24622033209567	150.17817406326128	659.3516880405821	-2755.465631555279	1729.1407478976594	1029.3791499994622	-1
?	77.2807595829819	1590.3312331446236	54.25751091105853	202.90041659454104	473.29927544108625	-4575.379782412035	1639.6486651289135	-6823.770899294697	-1
?	78.5165616572309	-1565.6151916596436	58.391241161822684	79.12829586101779	430.58269891998117	1938.5090682774216	1387.9522029329257	2275.5851664153433	-1
?	-1	24.470524809826287	58.21392570410941	106.92799155415439	570.224728854957	-1026.348919019654	1753.4279234496803	7115.823737587505	-1
?	79.7400878977222	1687.5760564671077	63.737640739530384	190.71917480034554	379.26525296899865	-5186.53309864045	1743.7433898122997	1925.9242023371166	8.24603995784513
?	83.37880282335509	6.725154661810701	67.74988444412665	-91.98893039453982	310.89807392293545	1527.677631169623	1849.7241335665358	-3329.898857786223	9.548627121879173
?	80.07634563081274	-1687.5760564671077	59.13819421980341	-377.4642228690271	455.64913452747953	5807.81990348732	1577.2484469229892	-12367.513697041499	4.160888003510293
?	-1	-1621.5269126162605	48.876673300675364	-202.53473580523163	601.2890690973004	3537.250224997346	1231.348448714463	-6140.530032810656	-1
?	-1	2004.7929273361135	49.01145742954186	338.7512953536899	632.5116457773462	-397.5351682451574	1270.2219452824575	662.8665301043044	-1
?	99.23964636680532	1936.1525234820665	65.8142380683598	557.1586444625765	581.4123106850426	-4348.904440263863	1264.4917752196782	-5208.493070017951	-0.9623032291023312
?	95.80762617410298	-54.14590551574852	76.86938965267059	237.02923660908965	415.0664237641538	-3864.658491005855	1009.7972917815608	52.80579047683223	13.584108016005851
?	96.5323510910179	-17.316299906604574	77.66569989881424	-9.747560022225946	388.17938613475053	-501.6380469107407	1267.1320647435198	4568.264596234039	23.442845050916816
?	94.94181117877275	-47.96613081622371	76.3820116515593	-29.80013361943758	389.98452141861685	195.71702855863532	1238.210521593262	-1776.637206535217	22.896944567474918
?	94.13404455020672	-74.76270160810087	76.17569321784237	-14.791959568711714	397.96523756268226	915.2435512906799	1178.3002044167592	-5478.955094316512	21.367761397310282
?	91.20367609836772	-136.96046496424194	75.64241367312371	-163.93701729036678	435.7466989831507	133.6465698765044	964.2627668774373	1021.8128734254778	18.084862985278274
?	87.28602130199465	-1844.073521967361	67.97884235332406	-594.0083015926771	404.64756605650746	922.5979221537101	1229.390848088033	10778.63774164375	8.86211699456062
?	-1	-1765.7204260398994	45.94199859348996	-403.51290895763145	481.876595090836	5065.208517865863	1503.1946539596229	4686.368100600369	-1
?	-1	0	47.803196905442555	270.0466439396046	657.9079919497997	4171.768219438598	1463.7092531180506	4238.013213708525	-1
?	-1	1536.0747785912213	59.44433079047015	505.7071784266773	690.4650060627652	-3784.833129121874	1715.0953146450483	510.3965842901125	0.9564229607773473
?	75.8037389295608	1635.3001849416348	73.08855582677633	224.74699352102726	468.66633549370664	-2520.447240752003	1489.2290823325561	-4908.550983759909	0.40966867534748125
?	80.76500924708145	-1536.0747785912213	70.68168046652147	-122.2896725925604	564.4426440251655	2829.5635793647352	1469.6677654570537	2245.486357015997	1.2273907615863184
?	-1	-1635.3001849416348	66.97407219714833	-10.716958622367978	610.1445144619429	7044.0989348039175	1601.5034001833556	8396.498929852367	-0.7195798351788373
?	-1	0	70.14583253540307	-5.544017363091333	916.6475907653601	2691.8801740544227	1889.4927119496706	3879.987984581485	0.9477311125423821
?	-1	1669.3697464715137	66.69687132899377	-46.13230119475178	744.7385231646636	-9354.555119846478	1795.502799412429	-4889.2415142059	2.164355120016538
?	82.46848732357539	1611.1413639111252	67.83921747566549	51.60915428630791	448.91983477303785	-7322.875065820714	1645.0306362393765	-2873.331798004434	7.4782320679786904
?	79.55706819555597	-121.48496614954482	69.27732904330915	-17.248798737784117	378.59476987362916	9280.316838597566	1651.836209512208	6922.615887972817	11.959544195855436
?	76.39423901609817	-12.360011751693252	66.97677753877629	-50.57562445677963	912.9356767029145	12028.724970642112	1991.161430638016	883.1267758875115	-0.84806366242601
?	78.93906760797131	75.25049456962135	66.74854782047018	13.586767849870446	980.0310184057327	-10059.645751031705	1695.9925483065833	-17180.76035685021	-0.9744312786427691
?	80.15676374457922	73.08717499936589	67.65611593126981	94.17425802516766	409.95338915133107	-11571.565044150717	1132.1234127955088	-14521.056084183068	15.019608556381025
?	82.59342635793959	196.68061932491568	71.45726072172855	144.5223126774834	401.4527661981989	-220.65769986292105	969.9397440974325	-4305.101168277642	18.503051116317963
?	89.99079471082497	324.255601441574	74.88223156514395	141.2458245028335	398.92050415818505	142.5413991772853	916.8683543816275	-528.2562022270028	16.06662309678105
?	98.80620643001824	309.52384974145696	78.5195519468702	72.9821851746976	408.57983615706314	866.0335334951659	943.5269339860824	1322.2075611999323	15.551221040052463
?	105.46698719789777	117.62422132887436	78.53134082387882	-55.38130361449893	442.2221808329432	2573.0498525668645	982.9787324416238	2036.4135881545262	18.410907242329593
?	104.68741749646193	-367.929160829017	75.75048676614526	-304.8585069214091	537.2323287854059	2384.866217195169	1045.3476133938084	3056.457060785926	12.902615952438765
?	87.07052915644698	-2113.748349929246	63.28841547780842	-573.3368772627372	561.4654916927012	-459.32025748403186	1135.8015854809196	11266.357039309754	5.831852293989875
?	-1	-1761.410583128946	47.0836429030085	-327.5998555951682	514.2663159112044	-368.9103662161951	1608.665465359294	8590.521022818415	-1
?	-1	0	46.90842269805007	56.47366676602749	543.0199733818915	437.69288483223744	1565.3276366218388	-235.57349591335506	-1
?	-1	0	49.90732624130987	85.019355870393	536.1509601528162	-554.4729663625955	1596.8867905636264	22.98039351363067	-1
?	-1	0	51.1593904915697	42.73136958054011	515.2963250637619	-1362.620982429029	1566.4766562975203	-900.4580604207863	-1
?	-1	0	52.043894720336866	7.815597870387903	468.019911031365	163.34917323374668	1551.8638875425872	968.0627587929064	-1
?	-1	0	51.550170385089096	142.25128056245717	523.4637837254492	4689.291610019286	1614.8797942371655	1108.8707997837075	-1
?	-1	0	59.1564587484597	-8.011297605831828	702.4844915323284	746.3782024968695	1607.3074275317724	317.01910852638434	-4.901109512568394
?	-1	2122.5882437235555	51.149605504797506	-115.91077654655861	560.7826938502925	-2582.9215559867	1630.7307496634846	2562.8367348112806	-1
?	105.1294121861774	1894.885006033864	53.36091992113179	287.9678649314876	573.3384137329939	-3604.1828756044165	1735.449264272336	4108.588151711302	-1
?	93.74425030169287	-419.40457092501964	65.54799875137184	281.38274136268706	380.5735500700723	-3678.1418102325533	1836.160157249049	-4328.837203391051	7.583585232807966
?	84.1591836399265	-262.8915605514414	67.43005698926609	55.41758959222838	389.4313232213669	2236.1139239979843	1519.0074041027842	-2232.9833717133793	9.158829544723716
?	80.59967227412085	-110.46697763497559	68.31887823098325	-99.9937643115647	492.37924626997113	-180.14614902141327	1724.5109886633804	1809.8029022294231	7.769907338540721
?	78.63583475817774	39.827536112280484	62.430368773687874	-0.35933489782336836	380.42401577029625	3998.7007575794873	1609.497549214255	1403.3725125648589	-1
?	82.5910490797349	219.46088500236954	68.30091148609208	181.55060470714287	692.3142841489483	3979.8169058274816	1794.6796142916244	2037.9304894736772	3.781669191280794
?	89.60887900829637	107.58904036654928	71.50789900904515	122.33225008142253	579.4148610616732	-4572.995633590523	1711.3940736879404	-3173.200771707621	5.668599608486823
?	87.97050109806244	49.48488116350874	74.41752399016329	50.170637988719164	463.66450246941895	-5136.642473761922	1636.019575706241	-3842.9053856971177	10.397087082988202
?	92.08312306647184	103.58140690763628	74.01643090848114	0.12905148992757448	322.5827373735734	-567.8521091229617	1519.2488044030817	1470.9957008654028	18.26265976521608
?	93.14957144344433	-74.39076024707825	74.42397656465967	-128.49620360160077	435.27189701327046	6876.20228558676	1709.5693607495123	733.2315890579216	10.923867761716568
?	88.36358505411788	-1882.9914288688599	67.59162072840101	-213.49518863548477	666.3928516529163	7013.46255379014	1555.9103838559784	-3552.1260808380243	2.899562349452592
?	-1	-1787.2717010823321	63.74921713288528	25.804807573695346	785.9450247027825	4391.821286163012	1531.9630567076085	4540.748492767711	-3.5869489771797824
?	-1	0	68.8818611070858	76.56436818209106	885.98391596107	1647.0479931947277	1782.947808494367	6033.752496105495	-0.4810441059315174
?	-1	0	67.57743554198989	-104.21768767707812	868.29742436252	-1038.6954932752894	1833.6506815128876	613.8504556598676	2.914628764903571
?	-1	1819.260453116834	63.67097672323182	-3.350513066474671	834.0491412973048	-10291.928555904766	1813.640331277361	765.524193055765	-1
?	89.96302265584299	1721.1422780244495	67.40990988866615	24.650124477807584	353.7009965672744	-10351.320802040176	1871.9268911656764	-2397.436964606811	11.697444898242734
?	85.0571139012237	-234.4908103837336	64.90348294712221	-5.050560139471755	316.48310119528867	1095.131557717363	1693.7684830470187	-530.6037392881051	10.042070112433889
?	78.23848213665615	19.072792637488774	67.15738188169256	50.81738941453109	408.4575744531433	2826.3179699185853	1845.3967042012707	6228.109271001793	1.8562812228838785
?	86.01075353309815	-1584.7696427331005	67.4443524178488	-79.05254092656848	457.79899969121993	9006.460484958425	2005.1739465971127	1550.8280737920593	6.00932472867736
?	-1	-1740.2150706619384	63.20475483536408	-283.80626647189314	858.780598701071	4226.667074286433	1922.9381078908748	-9224.216560514229	-1.3755787948045313
?	-1	0	53.25403909425395	-83.18976205701257	669.1323534055446	-944.0709746672749	1543.9631185713947	-7742.619574739141	-1
?	-1	1746.3367811182095	59.04526673251339	257.38434874332955	811.5770499677066	354.97139623645984	1535.8071291539122	820.0638883653593	-1
?	86.31683905591171	1688.9512604220683	66.12325653142061	184.29605055006513	686.8809232173678	-6719.808027353647	1584.9663129896633	1123.0116511569508	5.319842941165745
?	83.44756302110461	-1746.3367811182095	68.26006926001678	-250.68997044940062	475.58664860001943	-2793.6668768018526	1591.9577117117606	-648.0573773195373	4.09059134751114
?	-1	-1688.9512604220683	53.5887580089504	-260.26800808145	547.1975793772732	3410.0857449764762	1552.563444123686	-985.5959350298778	-1
?	-1	0	55.246668855944094	166.3964574217143	646.0909358488457	1939.4131391074618	1542.677914960266	-3307.70651451642	-1
?	-1	1812.642726511859	61.90858088003623	349.84852706307595	644.1682363326477	-3780.486828158008	1387.1781183978626	-9746.499617187881	3.5715622473044246
?	89.63213632559425	1867.938107909382	72.73909520909814	258.4473428199381	457.0665944409426	-4130.539030793702	1055.352934100865	-5849.707463494518	9.622925013010748
?	92.39690539547043	-53.95881374778165	74.83094802103332	-225.31512228418057	437.6412847929596	-428.29557191033433	1094.6927452231325	6853.865476756708	14.165843196715397
?	86.93419563820513	-1867.938107909382	61.47333909488895	-498.49610203343576	435.6518158454256	2461.865428189589	1398.0462079387053	6449.970939270596	5.828740230405314
?	-1	-1758.6839127640776	49.90614291936118	-189.5105167296026	560.7345562024408	3773.989059579542	1417.191292186667	3256.2257524900624	-1
?	-1	0	51.997813258408684	245.16165452417928	624.3512688244053	4506.931230986158	1560.8574955632107	6859.745247969179	-1
?	-1	1640.0236829961113	62.16422564557032	289.4136336612094	786.0811177517519	-3268.3497801387625	1760.1785545851308	-1368.5463765964855	4.09281776945909
?	81.00118414980673	7125.191541474729	66.46849494146936	70.05864470690142	460.9337798174649	-6896.187263252128	1492.4301767333855	-12150.17104101029	8.941052861470089
?	355.2595770737415	6129.7013422799855	65.66715788091544	-69.8922718015011	441.2717545891406	-287.86932182812325	1152.6700025346076	-5561.729006850936	1.1251675873320803
?	387.4862512638104	-7125.191541474729	62.973881351394255	-76.9165477152173	446.5403137260585	3078.942977908346	1214.3437263908347	7089.218462126086	-1
?	-1	-7769.725025276098	61.82133049515452	31.51242317557928	595.2189034845601	6876.369846828751	1507.130925640917	9971.558090130497	-1
?	-1	0	64.54950251017324	218.93293921810016	790.358806067501	12685.02611207549	1712.9216308973666	7086.615720926401	-1
?	-1	0	72.76797745605968	124.14655005217179	1229.4702090883436	2241.8141076208144	1861.461711687242	9433.456826771351	-0.7446262336593004
?	-1	0	70.75683001278192	-10.836522258162079	902.4495114485433	-8149.769387529362	2184.594472235941	4352.410723295959	-0.0030637944207511534
?	-1	1739.2269336461857	72.22615134315157	5.273493286736009	821.9817397118698	-9006.62198413847	2079.082247852043	-6151.536150368032	0.9188463053985247
?	85.96134668231052	1725.1959375520155	71.02050467711872	79.32326270819745	452.1184122416133	-7380.823047470949	1877.017664717535	-4803.44886730958	5.035794964530157
?	85.259796877602	-14.378217004984686	76.1923144785615	92.87756758360511	452.9405873383171	453.8416301449585	1838.9098044865607	-1359.3560238395855	10.834782610311827
?	85.24243583206128	-1705.1959375520157	75.66438305629904	-1523.8462895712084	474.8104937488616	-9058.811746766212	1809.0498635255547	-36778.19608973069	12.867336915234933
