rowLabel	avP	dP	avI	dI	f1	dF1	f2	dF2	h
?	195.2999309005325	3841.9314305777702	60.08361287403528	1083.3507343996143	330.18589829139563	5682.247733557827	1310.9652847263428	26706.445723945617	-1
?	192.09657152888852	-2155.666096994887	54.167536719980724	-79.0977550871537	284.1123866778914	326.1701561446398	1335.3222861972808	112.8212539366541	-1
?	87.51662605078815	-3861.931430577769	56.1287251196776	52.76331098145276	346.4944060986276	3734.5823845861537	1316.6063474231755	-96.89894477399318	-1
?	-1	-1770.3325210157634	56.80570226905336	-204.62993109917142	470.8415059071991	8110.211158990467	1330.4773389585812	2834.202047734139	-1
?	-1	0	45.89722856471903	-372.12114229868837	752.0049640481509	1932.3670322887147	1458.3164498098824	1848.6048003985438	-1
?	-1	0	38.19964515411895	-164.28789607496188	567.4598575216348	-3087.0511899588437	1422.9075789785084	704.0844375817779	-1
?	-1	0	37.68283376097094	18.123940616573297	597.6524045502088	1416.775561595696	1493.5206716889713	4168.670323785342	-1
?	-1	0	39.10584218494761	3.60586809693885	638.2986356014196	2121.1752753381556	1631.3410951677754	1311.8352889821565	-1
?	-1	0	37.86312716581788	2.5708782363551568	703.7111683171165	-550.581999835913	1559.1124361380791	-4429.401483642665	-1
?	-1	0	39.23438609676537	15.543327181380281	610.769535609624	-4753.968706418124	1409.8710209856422	-1884.9415203743688	-1
?	-1	2378.547007756473	38.64029352488689	271.59922250751356	466.01273299621033	-4425.121350886389	1464.8653601193607	857.8109340823349	-1
?	117.92735038782375	3856.471584498699	52.81434722214106	513.0812532584315	389.5134680653043	-2229.8183221103104	1452.761567689759	-1252.9268957763395	-1
?	191.82357922493512	2099.820330167053	64.29435618780849	319.0040175633196	354.5218168906947	513.0271057735395	1402.2190153305437	-6724.431747189135	19.938381433682366
?	222.91836689617648	639.2736102345697	68.76454810030705	173.52195302785574	415.1648233539813	4589.107634645314	1116.539980330302	-8851.103974963411	19.29945269283481
?	223.78725973666363	23.98680137098834	72.97045383920128	72.41633336694257	583.9771986229606	3984.765771746764	959.6638165823728	-2890.7682204860243	20.908149493045478
?	224.1177069647259	-19.46534691213797	72.38536476865419	-29.920532090989386	614.4031119413197	419.2101999559573	972.0015693060005	-428.97076984803294	22.732450665380885
?	222.81399239105673	-32.414106173652584	71.47442723465181	-33.2242223132894	604.9377086207585	-396.9755837652334	938.2152780899711	-789.8601249294	22.620597414781734
?	222.49700165604327	29.000009206788466	70.72415365298971	-9.181224880572634	594.554332753058	560.0988312438808	932.5085630595305	1912.6543743649297	19.75545466988869
?	224.26399285139615	-74.07817593494876	71.01536599062318	-103.38518759655179	632.9426501829526	209.76941229407865	1033.8479968082177	5790.183666684531	19.123414902039958
?	218.79309285929583	-4505.279857027929	65.55489427316212	-571.413922446708	605.042803367762	-1788.2490326422999	1222.0177463937573	7371.467403273733	4.303123193939763
?	-1	-4395.861857185912	42.44466986828782	-563.8807068278964	543.5301985508377	-1030.2082438697007	1402.4213669719038	5816.285578038272	-1
?	-1	7049.392396394238	37.360858931767275	35.780348962831965	553.5323911742769	-1493.5712138258348	1512.8320252956712	3886.3395570820658	-1
?	351.4696198197122	6711.958676505048	44.23368731642942	337.8523155497366	468.85163785954586	-3971.926875580093	1596.7383448260073	1928.1524326733443	-1
?	334.5979338252527	-667.0523480055618	54.25347470925412	291.2104816346289	354.93604739527206	-2489.458025264827	1609.2396469293385	2462.8712791950716	-1
?	318.1170024194341	-2231.4263788582016	58.794211398160876	191.4964077877043	344.3787365963044	-481.60620467063563	1719.881908785761	-5533.018347772049	-1
?	223.02661488234253	-2120.091523349638	63.828295098639344	-131.5201046988817	330.85573716174025	5159.705345809825	1332.5887295407358	-1216.3662114251372	7.604815775008134
?	212.1124262519521	-4480.532297646847	52.218206163216784	-277.0257219560428	602.3640038867959	7329.100592932402	1659.063598214504	6133.73510027055	-1
?	-1	412.57296556024494	49.97700900083719	289.87917443827473	697.3107668083607	-1633.4580168758916	1639.2754845542636	-11962.922305170763	-1
?	232.74107452996435	4479.368300875661	66.71216488513053	10.406863028312321	520.6911030430013	-5462.836396968414	1060.9174829559654	-8622.242320230273	13.888008573603754
?	222.96841504378324	180.24265389804083	50.49735215225281	-195.92174969588126	424.1689469599397	2360.6417930221346	1208.1633685427496	2523.8517384833926	13.614226303663944
?	241.7532072248664	310.7587248901305	56.91607740033646	459.304635045938	638.7231926941081	2610.7463060600753	1187.1100698801351	-2491.9297540183948	-1.1834884048062893
?	238.50635128828978	-74.78766948698699	73.46258390454973	277.28585832262473	554.7062622629436	-2924.1476398102745	1083.5668808418297	-901.1154662732398	15.387647718812119
?	238.01382375051705	137.417947577615	70.78037031646771	-9.75396879766719	492.51581070359424	552.1518502602858	1142.054296566473	2412.8367903193953	21.170670899874796
?	245.37724866717053	110.65216480322353	72.97488546466637	0.5614814931973906	582.3138547759579	219.31557853986968	1204.2087203577996	1468.2361202425213	21.945906079091706
?	243.54643199067823	-51.86980766780205	70.80844439112758	-108.08020961430732	503.48158963058773	-4444.369237384031	1215.4661025785992	3642.8943177377246	18.892158397148968
?	242.78375828378043	85.16889915366839	67.570874983951	133.36437090210399	360.09539290675616	3777.1424724519898	1386.353436244686	629.5526556850786	23.97264820781531
?	247.80487694836165	190.55622896382187	77.47666293623279	99.64295397806743	692.3387132531874	5073.179661856396	1246.9437353628532	-10110.294882754231	19.417619502127216
?	252.31156973197153	-4976.0975389672285	72.55302268285438	-606.4259204708164	613.7543759995762	-454.9714393932273	880.838692106974	-2106.882942019559	18.613437884366505
?	-1	-5066.231394639426	47.15536691269194	-340.5553785130283	669.590141283526	1757.480461643441	1141.5995882618752	12899.905653451155	-1
?	-1	0	55.52525375720295	306.8248232562069	701.6283990817483	-898.1140552914562	1525.8339747795324	4780.2734246759055	-1
?	-1	0	62.49660807550223	51.645653387490896	624.6844385189534	-1460.928850011447	1380.6132594956696	278.7956603486792	-3.3289274281066255
?	-1	9814.532669636128	58.10753642657748	-72.57225138605446	628.5819565811762	-1713.619622374046	1539.7737577969663	1521.2170075159938	-1
?	489.7266334818047	9657.119856312616	58.86799550619952	-94.75531243460102	539.0034574002514	-2006.9632528947411	1456.674109871469	-569.3571600217522	-1
?	481.85599281562907	-4447.270618974926	53.36977080484745	-40.51129518124142	528.2337939364395	-577.1986743748264	1511.3058997958788	4114.245773903991	-1
?	267.3631025330592	-4755.442260674302	56.842430747137456	103.89256314401231	510.14352368151015	4344.266976687208	1662.3863985666678	2181.837509141263	-1
?	244.08387978191482	-543.5305369717192	58.564398962048045	322.19517778650555	745.4471427707991	186.37955451999753	1620.3977752529415	-12107.666048730942	5.645920903163598
?	240.18657568447333	42.908005159207654	72.95218963646268	350.7429169743868	519.46250140751	-1055.574073535594	1057.003096130123	-9840.27923538463	19.742340775042823
?	246.2292800398752	229.8926920350422	76.10154481076732	101.1174478384715	692.6684390940196	4227.181973423689	1128.3838134837117	300.68629754058855	21.82629102952441
?	251.6812102862254	233.59116013367864	78.00806202838623	-84.50625078550304	730.8216000786937	-5972.481182705053	1072.0374110071523	-3091.5790231656338	21.503212778962688
?	257.9088380465591	597.2461159075475	71.87623227149219	-129.6900923013614	394.04437995876805	-8402.159113534131	973.8048623254306	3207.0587034589084	17.20259437899611
?	281.54351608160266	560.127023310391	71.52355741331819	-147.16947007772086	310.7136444019886	-396.5764523196154	1232.3903461800971	6293.108822778158	18.940744674037244
?	285.91518921207853	-5650.870321632074	64.51775876760617	-332.49567308655986	374.21555734278735	7111.348753117726	1288.4603034643374	3183.982005907958	21.914662572178063
?	-1	-5738.303784241591	54.89877375899025	-258.04062969294	666.2810820578736	4896.779031990163	1391.5894464754945	2911.1745227034057	-1
?	-1	0	51.61572728295921	-350.47986800390913	619.0545089422947	-2423.3164279503667	1434.0190295995071	2336.9299348397444	-1
?	-1	0	37.37478035879486	-62.02452683110942	545.1152606603557	1638.325653695114	1508.4359432174813	2716.9589665482868	-1
?	-1	0	48.51450094140375	311.1775976093184	700.9707916270501	2501.270988004792	1569.866977926921	1878.2449744133667	-1
?	-1	4483.628866461882	52.933660239260725	157.04168446823715	670.1788100605949	-3175.3521773777766	1602.3481919381493	-6958.967443193162	-1
?	223.1814433230933	4413.450721970407	56.36658516481558	-162.40495008728885	542.2031827581618	-1866.9298002568892	1221.9186057672641	-4780.450645552113	-1
?	219.6725360985196	-4483.628866461882	44.81341273489631	-383.84817547136527	576.8323200477507	322.51088719359245	1363.3256596605445	5780.261945016376	-1
?	-1	-4413.450721970407	37.174176391247386	-168.73393987568224	558.3287271178414	-149.89218951435132	1510.9317030180819	1297.6446194029859	-1
?	-1	3981.065819414841	36.37671574111223	315.9983829465001	569.3377105720332	-5702.490661793874	1428.2078906306936	1337.4151671447364	-1
?	198.05329097074133	4140.306301265399	52.974095538572335	406.6607851359756	273.20419402814866	-6487.66367871302	1577.8024613753184	1647.5170147111216	-1
?	206.01531506326924	108.85167538583157	56.709754997910935	171.53181749947638	244.95452663638332	1116.159378409465	1510.5837413662493	-1284.0624010724741	-1
?	203.4958747400329	-78.56050542608472	61.550686413546124	243.7451381524076	329.0121629486217	3140.891765370926	1513.599341321695	-9714.8720105175	11.140800411527264
?	202.08728979196502	180.32884456650672	68.89701190553127	164.84857476029464	401.99911490492906	2053.7585100334904	1024.840140840376	-5480.332404105016	20.643824316898375
?	212.5123169683582	475.8103758745557	69.79311515156083	212.03762574492052	431.7000884502959	4823.11069575482	1239.582721116445	559.330348579335	18.553059568575243
?	225.87780858569272	872.6863018931297	79.49889319277726	217.49395234441883	643.1546496926692	5088.5742502900075	1052.8066582693427	-5820.36680147874	17.318446929704642
?	256.1466320630145	994.7035626346441	80.66781276878173	-70.57304469372039	686.1288009647954	-2404.2186142894793	948.5643810425091	-2834.3124507944626	14.445418963880735
?	275.61298671742475	-152.62175829032057	75.97024095809125	-354.5332054866067	522.9437189781957	-6599.446279028994	911.0910357296201	2368.3894782243415	17.02926462207163
?	248.51554414849852	-5532.259734348515	62.94115249445146	-447.1910826510637	356.15648701334686	5096.048864352783	1066.9838549537258	9475.737042706573	15.757002306407998
?	-1	-4990.310882969988	53.610686825538146	-136.27619012262932	777.7461621958339	9289.357718099634	1384.877887864947	8518.553242987331	-1
?	-1	0	56.12734298832002	-41.29992259348783	820.6243729183269	1236.6711142110782	1492.9115171030908	3112.5104302002883	-1
?	-1	0	51.54569069586376	-216.36617291334096	839.5797179063876	-485.2366826645351	1540.503409374961	178.44989986361787	-1
?	-1	0	45.30903434265301	-224.61586122756282	796.3625387851002	-2614.2886062495018	1501.8340120962716	-1998.2424786447498	-1
?	-1	4289.952084508379	40.31489763448566	137.0013309136474	708.865287593913	-10158.26782427914	1440.5912854427238	-1737.2486846207464	-1
?	213.4976042254182	4543.738855335836	52.15910088833535	464.44547434912744	288.449147571145	-5912.769701404191	1414.9715778652346	-5870.040256533464	-1
?	226.186942766791	228.42002726696276	63.53717135194195	331.10202204229967	413.22680252370446	2188.696292922316	1147.0892726160516	-8509.265678795868	12.395655648831596
?	224.9186055887663	-4543.738855335836	68.71420199045028	-363.97085112234663	397.8839622172604	-597.6944173861772	989.5082939254428	6470.229247158645	22.899531963118548
?	-1	-4518.372111775342	45.33862879582468	-413.3553767315168	383.3420816543957	6197.821502602476	1470.6007349739828	11420.694073048884	-1
?	-1	4793.298396781926	48.04643315387451	289.6398360968725	707.7750373473831	-1756.9400021554627	1560.542997577885	-1131.7542154754615	-1
?	238.66491983909546	4599.940033276446	59.820620600668256	-50.22344755020715	295.4950815466229	-4040.069125789966	1414.0130242002099	-1621.052982493021	-1
?	228.9970016638215	568.1213915517905	45.53526077636416	112.24519445929016	505.7715810578855	4441.940879573457	1479.4903484532342	-1055.5093084783712	-1
?	267.0709894166849	557.6014084675566	65.43288032363275	566.4843995439616	517.5921255252949	3240.3480172188565	1361.2375587762915	-8904.594016890515	7.7601012603680575
?	256.8770720871992	-684.7815700311879	73.85948075356214	22.667743126050166	667.7889819188277	3010.698340706385	1034.26064760871	-5228.400702151803	16.816434364385024
?	232.8319109151256	-5157.541441744002	66.56626747993525	-582.788817897359	668.1270425606136	660.1899135179361	1099.8175236687023	2505.3343808321006	2.4101564676410834
?	-1	-4676.638218302529	44.72003985869429	-607.9106934890211	700.7984775947244	-715.5618365539933	1159.5273666503147	3438.6663536772753	-1
?	-1	0	36.1707328054843	-145.3673667623469	632.3489507329141	-1290.19853142873	1271.7508413525654	7388.48582711253	-1
?	-1	0	37.45167152057697	189.3444051019024	636.2885510232882	1154.7431088668936	1528.9516580059399	6904.862918428714	-1
?	-1	4450.485917865448	45.637953060579385	350.1892509868163	690.0861061762586	-5107.492996281985	1616.993987274	-5536.117351204704	-1
?	221.5242958932716	4470.429558185746	54.961134069917726	545.9140867580136	380.9139012091898	-4158.722045814278	1252.1457904457056	-14038.71867145864	-1
?	222.52147790928652	-175.06062474470474	72.93365739847997	361.33205042936197	482.1500038855454	4931.795180484272	915.0580537010703	2196.703419781023	15.477493853474073
?	212.7712646560364	-109.14744312814473	73.02773659138576	-203.8167058140236	627.5036602334026	-2210.190505965944	1361.9809614347564	6278.309327940369	15.15842604702338
?	217.0641057528793	27.89210205887524	62.74282210777882	-389.2510093639563	371.6404785872486	-1424.1655115047733	1228.9735200980876	1281.304655386357	-1
?	214.16586975898016	-4361.282115057602	53.56518612318801	-266.01248862692097	556.2953846581642	10846.355984405354	1426.046194204074	11959.765485833346	-1
?	-1	612.8991016213944	49.44219767643282	213.3317436131562	913.9582778075144	16.076378247025843	1826.9617943897529	-2042.1907888715969	-1
?	244.81082484004978	4733.177049098487	64.23177330384579	458.876888163955	557.0992035705154	-8636.476609828646	1323.9366547604945	-19833.618611859245	9.67354694197713
?	235.6588524549235	-462.71578513199864	72.38604208463049	146.97678557058532	482.1344473160836	-2230.1236334844075	835.2808637967942	-9692.991202590338	23.155622778837348
?	221.67503558344993	-621.969859566991	71.58061258237503	-66.32459355768556	445.59302189629545	-1380.3412477972067	839.2870946309794	3036.8524731147404	22.192168831628464
?	204.56035947657406	-554.8566803351152	69.06981240674622	-114.7136362755303	413.1173849262235	59.81677113997101	987.1234874525306	1119.6611360468607	21.646691447853204
?	193.93220156669426	-227.2750803604597	65.84493076859853	-98.72495049679465	448.583860453294	4669.643484489532	895.2701514333222	-3361.643734326515	19.86899656609884
?	193.19660545855112	-104.20457059547724	64.13356488190651	-140.26994948886846	646.5995591506993	1963.869583648865	819.0413007362055	84.77340320499964	15.327977875401364
?	188.72197303692042	-650.2583029601328	58.83143329415513	-180.34099920015402	546.7773396357369	-6051.986396414226	899.5088215935722	10972.16814472588	15.81167110671351
?	160.6836903105446	-1832.6502079481184	55.11651492189884	-110.21158375697877	344.0002393299891	-3846.217244057956	1367.6497079724975	9123.856759734024	-1
?	97.08946263951482	-3233.6738062109034	53.320854106306214	-236.08681975290366	354.4664774328398	3161.384064740738	1355.7016595802718	1917.551399907477	-1
?	-1	-1961.7892527903034	43.3121739342537	-354.2640345701713	502.0694425670254	5184.565221503019	1463.527277967871	1168.2659659603628	-1
?	-1	0	35.60765237779771	-134.10661512107757	613.6947385079898	2323.449998047734	1414.1149578782897	1594.6237809772958	-1
?	-1	0	36.606843178199846	108.94842363566293	618.2419424694117	-598.3810270384514	1543.2584670167355	1622.3651121812156	-1
?	-1	0	41.05507355958084	156.82361952383516	583.7756871560673	148.27756468223978	1495.2332134873502	3290.3592305617785	-1
?	-1	0	44.448024154391575	-34.30912233369637	625.6558207035237	1510.2706968920106	1707.7764285448238	1938.4715557156483	-1
?	-1	4403.905490447303	39.33961744289603	498.7351827841983	659.2892220006676	-751.8272466121815	1592.1567912731323	-7750.252281819535	-1
?	219.19527452236437	4257.276554322081	69.3847832936014	496.0791875886864	588.0644583729147	-2433.3165676956783	1320.2638144538485	-7280.041414840551	8.992191276205798
?	211.86382771610332	-239.7615139211686	64.14357682233026	-400.5027725936897	537.6233936158841	-1466.1212075645933	1228.154720531106	4485.2372308748345	15.28140829515882
?	207.20719882630598	-109.63071366491003	49.35964466391699	33.66958831981277	514.7583979946853	-2362.4252337457738	1544.5256759975894	-4774.8282818106245	-1
?	206.38229203285783	-87.2332188914962	65.82705623832089	205.71074013785153	419.5021319285958	-1849.5008887433492	989.4133064405756	-6526.06943500381	15.146892307124643
?	202.8455378817312	289.25281904913095	59.64518167080953	-97.25715910129813	422.2833535575182	2580.252354408616	1218.2222042474	3641.786251394357	17.842791697116265
?	220.84493298531433	299.9224507414726	60.964198283256	199.85415906595534	548.5147496490262	-154.32405397809302	1171.5026190102928	-2446.6920769836493	6.529620583781492
?	217.84166041880476	-176.9363123475694	69.63788962410726	-363.46066796181333	414.56715085861356	-2133.5125154619786	1095.887600398218	6058.388278878869	19.080918992212546
?	211.9981173679359	-4376.833208376111	42.7911648851654	-465.20540269941347	441.8391238759276	5990.345704048216	1474.4220329542352	10105.518149327658	-1
?	-1	520.4109502316346	46.37761948913667	411.8440293485189	714.0844360610233	-2161.4943137963983	1601.163507864599	-4480.793675343582	-1
?	238.01866487951753	4509.000596571304	63.383366352591274	292.6006852205871	333.7644081861081	-8096.259171582128	1250.382349187057	-12166.396523424883	18.533202399962917
?	224.45002982856442	-492.94242741430315	61.00765375016597	-31.549692050148195	309.27147748191834	2900.165151917403	992.8436816933571	-1620.0685733624198	24.703325571677006
?	213.37154350880246	-458.93858289297833	61.80588175008387	94.32866539624064	478.7726657819777	4107.021233976343	1169.3789205189362	1499.575291641598	10.917995857393578
?	201.5031006839156	-159.15690466188266	65.72408701997799	21.589922922398237	514.6225391807348	-1978.487108976582	1067.8224462754367	-501.3033543724959	17.781418616425057
?	205.41369827570836	271.48891735550234	62.88537789620378	61.13989200884185	379.84831033314896	-647.8529719085054	1144.3137528003115	-2309.379896641134	22.785680831059516
?	215.07754655169066	233.57197413956354	68.78108162042007	-135.35616144744841	482.2298905853096	547.767418692675	952.3534514433804	191.6531578502288	16.65535729276566
?	217.0922969826865	-4321.550931033828	56.11756982383138	-473.2609710350114	407.2366812677826	2186.5397713853313	1153.8964106928229	10519.971011511681	18.37457888511534
?	-1	-4361.8459396537455	45.11803306866958	-55.567366118958915	591.5568791545758	5623.534646304019	1478.3520020189626	7417.021829073941	-1
?	-1	5436.402985199607	53.339201517883446	229.34417135561557	688.4134135829826	-1490.075011998468	1524.7475021465186	-4637.205839111592	-1
?	270.8201492599794	5235.041517408671	56.58524163645032	215.24092257163124	517.0531285546526	-7922.635545395288	1246.4917100633838	-10263.536406840642	7.851504901343497
?	260.75207587043263	-234.35355457913457	64.10124764646497	56.77495522793413	292.28163631321956	-4842.818113359941	1011.5706818044883	-1983.1701808160121	23.500097168822936
?	259.10247153102273	-5235.041517408671	59.423989397847016	-475.69607597118403	274.9122228866564	3866.2456604865374	1147.3332010225836	9600.419395860226	-1
?	-1	-5202.049430620473	40.31644384790585	-401.0740887337971	485.59391933754574	8143.980407181754	1491.591651597498	9852.716947800216	-1
?	-1	0	39.37028496115723	107.61434533970127	682.1112432457427	5761.038848004465	1639.9690484125927	4050.1012689416266	-1
?	-1	0	45.697161114890896	194.8073626094755	773.645861737768	1372.2967772923382	1694.0967150445786	-76.97832149843661	-1
?	-1	0	49.11065309163097	47.351676223635366	750.7260821103594	-274.8659925197863	1636.1201323376708	-2731.184189151864	-1
?	-1	0	48.064744926072656	-44.18183245784364	759.9025621117787	55.377247151302726	1557.5375055869858	-4275.948740142291	-1
?	-1	0	46.9015614687388	-131.0584589522735	753.4949444679245	-62.69310616863117	1422.322695330557	-4558.632741213722	-1
?	-1	0	41.511821978459004	-182.37491371149227	756.7679068033472	611.962050794982	1329.6058685263006	-1936.9329831692971	-1
?	-1	0	37.78281578316422	-104.25729992336053	784.0930470076735	-2433.0341518366704	1325.4760461720925	2702.1420600376864	-1
?	-1	0	36.298956982290996	-43.67373934580969	635.1161992115141	-4499.255786504853	1464.7129715281844	2335.1345499875506	-1
?	-1	4370.812783763526	35.59912881587374	566.7315087259443	559.1302576824317	-1853.7732296903844	1442.2327736714697	-9142.664080288438	-1
?	217.5406391881755	4145.92524137863	64.63553241858811	497.0090343450963	542.4275377269952	-4590.631688816349	1007.5797675137642	-9021.135562586529	8.641156820510973
?	206.29626206893076	70.01051491913952	60.44958053312847	-160.02667338472406	329.598673241615	-2964.4247600977433	991.1759955421449	751.5601313265487	13.795519209047978
?	221.04116493413247	392.6736187630067	56.63419874935194	146.5590110198229	394.20629972210855	-1413.888904999033	1045.1577740800915	745.3736757547612	-1
?	225.92994300708102	479.7986904785989	67.77753108411959	374.9845935337801	258.9042279916636	2325.502084263467	1028.4446793298828	-3488.458319340576	22.54234495437458
?	245.03109945806233	475.619212229293	75.38342842604088	166.24775762032417	510.4814039352815	8308.989356913129	870.7348581130633	-2330.9751267280253	17.768751839488367
?	249.7109036185456	159.1922424301987	76.08991896513577	-99.13401034576289	674.3536958373186	907.0499743531318	911.8959229934819	854.8204248545206	22.79991050781083
?	252.99071157957223	-256.0528268950893	70.42672790875275	-261.4772243730885	555.8339026529379	-7779.643855712197	913.4758793557892	1212.9405627835488	17.99667467713219
?	236.90826227379117	-669.1372010636048	63.01605774648139	-499.1553269456805	285.3715030517101	-1584.0502070134755	972.5429511326591	6707.652411802102	21.762372021112256
?	219.5338515263921	-4758.1652454758405	45.46896156146882	-316.61759520693306	476.63139230226443	9721.181856158615	1248.858499945893	12212.496635203039	-1
?	-1	-4410.677030527858	47.18517798613479	-83.13771926498392	771.4305958596391	4315.463005486316	1583.1677828928089	6152.747119746004	-1
?	-1	0	41.312075598219636	-231.0657818008046	692.4045425765795	-3432.833270031914	1556.4958559331922	-1685.4154978181318	-1
?	-1	0	35.6318888960946	168.17616653687057	599.788932358044	-6544.157188627199	1498.8970080019026	-941.4446324485276	-1
?	-1	4432.762224234904	49.720883925063134	746.4089411442679	365.19668314522073	-226.86074240679397	1509.423624310766	-9672.84167681875	-1
?	220.63811121174442	4261.268408322628	72.95233595330787	452.0604330941764	588.4458952377044	4856.752233612302	1015.2549241609668	-12683.944229772716	10.444339829445616
?	212.0634204161306	-56.23101465850729	72.32390557977188	-191.90416059226789	608.034294825835	-4181.712042858531	875.2264128221324	-2518.4760722571264	18.39020197538286
?	217.82656047881906	320.43437676897327	63.357127923694506	-109.7907708659694	379.3602930947785	-3943.4780647897255	889.3311205481109	-2082.1723603783907	-1
?	228.08513925457922	182.04294358244974	66.83436703647342	128.40967828349778	410.8603915863494	1253.7567624782366	771.1177948032132	-4103.7163549153765	20.516207562861382
?	226.92870765794152	-174.5423902717136	69.77761183786937	38.86430171157698	442.0481312186901	1189.4126154392482	684.1453028023428	-1817.5836448597302	27.687903632691622
?	219.35801974099357	-519.6069815898768	68.77758212205227	-115.63553509772275	470.3310223583116	522.1789381084689	680.238612560227	4911.0159925038115	22.640024513573504
?	200.94835857844777	-371.260572246487	63.995835082983255	-184.5534703858558	468.15707812411347	-232.70871335573827	929.6961024275325	4538.888982776168	19.560066160723157
?	200.79499112866895	-113.09389712130563	59.549908602759345	-124.76028116123494	458.6955866905245	-2802.882755378442	907.1830616990386	9493.565084993998	-1
?	195.2936637223824	-36.38099459023356	57.75782102492142	50.447346639362245	328.01294035518936	514.1650650100298	1404.3743566772391	2032.4531245724195	-1
?	198.97594139915725	74.5729594842988	62.07227593472749	160.63543683015652	484.4038399410264	5092.6498928936235	1008.805717927661	-13368.032236130395	14.842687456479212
?	199.0223116965974	137.4241290932341	65.78959286642936	13.872104591044463	582.6454349998742	-1802.915133258595	735.9727448707099	-3145.223647674862	20.022965176574278
?	205.84714785381905	486.45803954429186	62.765881164279726	-25.38319941228813	394.25808327809534	-3589.6769177808224	851.5445355439157	-4629.793509542496	20.276846665236494
?	223.34521367381234	997.1746819918678	64.52043289581494	-6.089999654255165	403.1615891108305	-846.385315457723	504.4830693935818	-2216.286317731636	24.14549579232996
?	255.70588195341315	1034.497159550217	62.46138118156696	-357.1128937258915	351.9388175052086	172.57665707516804	740.7302196573323	16084.771349288918	20.4133174439023
?	275.07007165132393	-5134.11763906819	46.664788209520104	-537.1615711149995	411.79042196458903	5036.490598649379	1308.7216368580391	12441.226374332227	-1
?	-1	-5521.4014330264	35.60330262581661	-238.04476695450023	603.7633474376811	3818.260772525299	1362.7915383739526	3987.8437653932156	-1
?	-1	0	34.76254986179492	-3.5095300184263536	602.7034605908567	472.6864247669688	1508.1138251277027	2896.477381518061	-1
?	-1	0	35.42782612489529	43.79791538625548	627.3976686760299	-1190.0285155294446	1507.6154074498577	-1527.4113206168397	-1
?	-1	0	36.95244563110773	243.3005284870999	543.2020348143836	-4882.430980299327	1431.7432590968597	1098.1428857678682	-1
?	-1	4780.718580205977	47.59285254925046	510.4669278523944	383.2761196610601	-4524.101863547982	1562.5225517382519	2056.8580899719045	-1
?	238.03592901030223	4681.469132254164	62.47579202372781	501.006567428884	316.9969416369813	373.788308261101	1534.5861635954564	-5872.939188521066	18.472004778199423
?	233.07345661271154	109.63184469716694	72.64318092069502	384.9216411374841	401.9655350741154	7847.349291537423	1268.8755923121944	-6363.177251782418	19.648817340634672
?	243.51752124516065	541.2908663604903	81.72187408060229	131.33756777140474	709.364406213858	5823.664093355645	1216.427301006331	-8070.341262373168	21.970912425161806
?	260.13799993073644	744.7704594942101	79.21005930926535	-171.48314583716325	693.1487397419018	-1044.1867135444625	865.3585291935302	-5093.216516313164	20.018059508943615
?	280.7560442198717	281.52435408936583	73.147716788744	-443.2583150725641	657.1550705366342	806.8838506372684	961.7664751906691	10893.319107549512	16.254151871011004
?	274.21421763520493	-5635.120884397354	57.04714355563683	-503.1660289637217	733.4929322737658	446.00049843262286	1410.0244845710135	8310.186775256167	1.1595210381403362
?	-1	-904.7521705129204	47.989415340557564	349.7640484549464	679.4550954582657	-886.2125455367606	1377.2758139534833	-4348.495437086251	-1
?	228.97660910955827	4469.137921834724	74.5353459783844	445.0311651317086	689.1823049969271	-4398.097929113472	1192.599712716698	-8044.203469348187	9.234561942409005
?	222.45689609173937	-134.29092525897013	70.24097359714331	-156.45024643476694	459.55019900258895	-5771.267977839431	975.0656404860682	1179.0979591058308	18.810203722722356
?	222.26206284660967	-4469.137921834724	66.71283365664594	-330.6241224387521	400.6189061049514	5081.343258627177	1251.5546106719903	16177.038788770078	18.322381508910585
?	-1	159.437458973008	53.70976747520547	21.729992471877868	713.6173619339514	3032.686436377055	1783.9175799245836	-1463.551026175098	-1
?	230.23393579526018	4356.983578199243	67.79933328023985	96.00165773859479	552.2532279238063	-4279.976623981002	1178.3770593632344	-11928.83507856151	13.413922607591248
?	216.84917890996527	1012.5324837489663	58.509850362135275	-345.69705755671015	499.6185307348983	1248.8230006713984	1187.4758259964997	8452.4954517634	13.233960197030662
?	280.8605599827092	749.9232298977803	50.5144804024041	160.30920878498776	614.6943779573771	-4518.858196840004	1601.0018319514104	3217.5900181957236	-1
?	254.34534040485482	-953.0591929038037	66.52531080138478	-138.4287945165818	273.67562089289487	-3834.969051313053	1348.3553269062882	-2255.3535341660427	14.865217468985593
?	233.20760033751836	230.48750924216407	43.59304067657491	-222.97657678426216	422.94592539172174	8056.4034354038085	1488.2341552431067	2324.5719595237492	-1
?	265.8697158669632	453.4320417507142	55.37648196217151	577.5501028558281	676.495792663091	1291.1607245686512	1464.5839248824773	-10045.407023156682	0.3168675732710186
?	255.8792024250544	-571.8444948794182	72.47054581936672	23.47544701976029	487.5039616201552	-3628.293703597985	985.9638040852655	-3778.2170032295435	15.228799794362194
?	237.27749112299188	-5137.584048501014	56.55025431315954	-582.5125602768289	495.0811074831892	2671.5607473128634	1275.6730747209974	9823.137436816318	10.419693266685284
?	-1	604.4747862457705	43.34491780552486	-1.1589603935686745	621.0819989858003	3842.6159632979384	1477.1206759260883	4409.619511490588	-1
?	267.50123043528083	5246.066579629049	56.49230629348111	580.9900450219993	687.2119056480889	856.1337679677823	1496.15405029553	-7955.719134795396	2.0090902240449457
?	261.30332898145616	-243.26820631603476	72.39442005662524	212.12824212444656	663.88868738419	-3834.840887013478	1079.334719186313	-11416.436975684086	19.255807385650428
?	255.33782011947892	-429.1890734880032	67.09871839970359	-528.0079476102429	495.46986129741225	-2063.660026823764	925.3322015113175	1259.0465555357835	20.620826290763244
?	239.8438753070557	-5126.756402389506	45.994022676112714	-541.9637993618184	560.7056860430004	630.8636202653055	1142.287046963103	11404.234477330223	-1
?	-1	-401.3605024945366	40.00052843161228	281.2860138943516	527.013042310678	2501.7649561181393	1495.5439253778368	2428.706595444375	-1
?	219.77585018232858	19.999999999999716	60.05832337083049	-800.0105686322343	685.7939338489091	-10540.26084621341	1263.7223767353235	-29910.87850755631	0.6880978274923562
