rowLabel	avP	dP	avI	dI	f1	dF1	f2	dF2	h
?	-1	2717.7121416312184	46.282385285315556	1137.518904722919	764.520032030678	12783.502830383397	1724.2483711813147	35641.863885663784	-1
?	135.88560708156092	2304.706749696482	56.87594523614595	383.00946344772115	639.1751415191699	-9956.423991738375	1782.0931942831894	-3117.5407260172324	-1
?	114.2353374848241	-594.7629411669576	65.43285845770161	175.72731507792008	266.6988324437592	-7922.98420990438	1568.371334880453	-4550.044878095467	14.88769566588256
?	106.14746002321303	-61.86104984359277	65.66231099004196	37.18725214188169	243.0259310239508	1356.8424236843773	1554.590950378416	-402.19226396161514	19.536354488660475
?	111.14228499264446	934.0899635560938	67.2922210647957	269.9962720694362	334.54095362797807	4232.263390576392	1548.2617216823724	-6430.931138700973	11.539763339298437
?	152.8519582010177	1140.6704523987082	79.16212459351377	59.005695478928445	454.63910055277034	1364.8623344096418	1233.0443934433674	-10798.651532476175	9.03393986245884
?	168.17580761257986	303.56869579692165	70.24250583874212	-322.26479506150275	402.78407034846015	2961.970733579555	1008.3291450585638	4703.281415849006	14.527347491878198
?	168.0303929908638	-3383.5161522515978	63.04888484043863	-110.72355760018272	602.7376372317481	12989.10645567405	1468.2084642358177	18588.327534401018	8.402263377439798
?	-1	-3380.6078598172767	64.70632795873298	62.0242138019873	1052.2393931321624	9901.702387170619	1937.7455217786144	7246.299041679933	1.0182151469461742
?	-1	0	66.150095530538	45.012504821741295	1097.822756590279	-852.385448957639	1830.5234163198143	-1453.135901161609	-1.9108567121241937
?	-1	3445.439376361522	66.95695319982005	108.27988242085145	1009.6201206842804	-15405.87761580915	1865.088726720534	2735.6141071524894	0.5361169285009861
?	171.27196881807626	2967.7962793290085	71.56408965158057	154.82020700350418	327.5288757998208	-13745.277245020075	1967.3041216774388	1458.4410472542218	8.252038116129118
?	147.38981396645056	-743.8352865036346	74.69796354999527	50.311189395375166	322.3562584332761	3679.1547169256364	1938.010779083245	-5716.8732245552965	6.378928938433171
?	134.0802044928945	-26.46016271600897	74.07964912134933	-0.3631754037832021	511.4866116461028	4794.4314222442445	1681.4604604496737	-16993.738434343424	3.065017891388468
?	146.0668058306501	53.08980402860124	74.6798047798061	-207.3203321345761	562.0778295454885	1626.312621181497	1088.323857366073	-11759.970204091813	11.71203025359922
?	136.73469469432456	-2941.336116613	63.71363251462052	-587.4799416713798	592.8022427051777	4986.986035503231	1093.4619502450826	5142.413668747013	6.862562009101553
?	-1	-261.48668126552	45.30580769623709	102.7541157051761	811.4271313206502	-1104.3639213339466	1345.444540803424	1563.0051757308033	-1
?	123.66036063104855	2366.7394136121034	68.85133829987933	493.7009580708718	537.5840466384803	-5412.035549182474	1171.6122090316228	-5379.203814722973	7.377131551932465
?	117.33697068060526	-314.5182223011568	69.9908555997807	-241.876169703742	540.8253538615263	-1162.5998330581842	1076.484350067275	6269.987850921033	11.74287515105798
?	107.93444951599069	146.48433814977372	56.75752981469222	-112.947675557988	479.4540549855711	-4821.984908750402	1485.1116015776747	14909.087010367186	-1
?	124.66118758809394	1411.5584883375693	64.34347182188131	355.0373690940409	299.72610842400655	-1357.061786015148	1821.9387005856333	7420.556121186885	5.968527925660583
?	178.51237393286922	2329.9224489825974	74.50939826939428	157.39427423844532	411.6009656848136	4890.953192448365	1856.1394076370193	-6633.026205410787	4.876413919103329
?	241.1573100372239	2096.7105355517433	72.21318553380358	-51.28586107908002	544.2737680464251	2872.742298458041	1490.2873903150937	-11037.064975073117	6.328353208530478
?	283.3479007104565	1143.2443040812896	71.94510521544028	4.043258078666266	555.2380806077158	-418.1291745277072	1304.286158883363	-5220.156428710416	15.26079155300042
?	298.31952524128843	-501.68410931847416	72.4153484377369	-77.9207667071406	523.3673093200397	-4226.239143411491	1229.2795688795727	-3361.9172125115724	21.093745755799738
?	258.26369524453276	-2800.4118148466114	68.04906688008325	-241.39204037734095	343.9261234371411	-3218.2524038762976	1136.1902982577842	2536.767962371739	13.74028314014038
?	158.29893449895775	-2692.0846338165125	60.34574641886984	-181.37699452595496	362.45468912622465	2024.3019680327454	1356.1179669981598	8923.442630543643	-1
?	123.65946355370701	-645.9177470700502	58.98021715378549	219.32848794110478	445.14122183877845	736.2350820244869	1582.3624297849667	-7342.652879659186	-1
?	126.00304714545521	12.804199605999418	71.31217081592509	350.39214434131253	399.26644322744903	-2033.4654556936828	988.9853230152002	-18122.513264346766	14.572386857713417
?	124.29967353400698	-159.11227787036907	76.49982437085113	-144.67181858235918	343.4679490540942	-611.5928523554936	676.2367665676276	-291.24499334773844	23.09091716707005
?	118.04743325193675	-2505.9934706801373	64.07857988680712	-399.39342203995926	368.6868006096743	7197.907795303793	974.4230733478132	17175.157721348947	9.59769441910161
?	-1	-2380.948665038733	56.53015326885315	156.76381942914375	703.3633388192842	7852.716754456086	1534.9946526350757	7859.206702990047	-1.157197183292881
?	-1	2684.81026577463	71.91677085826431	352.7503438468589	761.322638332479	-4284.683285794572	1367.383408497316	252.0429303378021	0.17182365249696052
?	133.24051328873162	0	74.16767046119611	-385.8365918795135	489.1291745295554	830.3986768864859	1547.5967991519658	5951.027980179123	5.242347462131878
?	-1	-111.13892666397068	52.62494126428862	-148.72694789808222	802.8425721768033	552.4529533318157	1664.9348075062724	3173.1717249608	-1
?	127.68356695553308	2375.3050604089594	66.73132306629199	345.87186373168635	516.7518221961462	-6602.6300740275965	1706.255385400006	-471.4094147074862	5.280171499326155
?	117.76525302044809	27.52189889169242	69.91853445087295	67.70073549907971	472.7110684754232	-1775.872963808169	1641.364336770898	744.2326748088492	8.132399538586203
?	129.0596619001177	688.8882791266138	70.11635984124598	60.81976894153138	427.9581740057377	-1206.6935126126782	1743.4670191404484	6552.103428377331	8.059987082146229
?	152.2096669767788	304.24258731262483	72.95952289794953	-22.74371491980188	412.3763928447892	-1331.1315446646245	1968.9695081897648	164.9746386100604	8.701600948102755
?	144.27179126574896	-340.2437467013113	68.97917409525589	-10.290975229353345	361.4015967725064	3615.2744759080456	1751.7157510709515	-11322.888500349713	8.173957535503101
?	135.1974796417133	-229.3725866590867	72.44497413648186	26.279252900909093	593.1401166401909	4164.795297555093	1402.8250831722812	-8739.45296081285	9.077310849224833
?	132.80316193279467	-68.96448893177957	70.29313674030134	-349.78230566041753	569.6413616502604	915.5822075165416	1314.7431030303105	-1037.9805931467936	13.9516148661499
?	131.74925519512433	-2676.0632386559028	54.955858853461045	-271.93073908368984	638.9192270160178	7498.75763155451	1350.9260535149417	5040.103205303767	6.595592095044891
?	-1	258.29450509787455	56.69659978611689	197.98234503819458	944.5792432279845	676.1277024714128	1566.748263295498	-2621.909881089873	-1
?	144.66398045001802	2811.8500819571236	64.85497610537074	329.8888645554857	672.7256121395883	-8739.144495268078	1219.8305594604485	-9742.466763687415	5.0583487400651785
?	139.59250409785568	-465.29219662782504	73.19104301389112	38.017223296247515	507.6220184645822	-4938.451050039961	1079.624925111129	3762.8807051765984	11.438038547570516
?	121.39937061862685	-282.74013256397114	66.75583727018311	-112.02512931018515	425.8030596375911	-3219.9647095411888	1407.9745947192778	14136.123711535047	6.760849983650829
?	125.45549746965717	74.78066972978125	67.58978654838188	73.1822985373432	346.6237829875233	-2115.7399727335264	1786.4311106878788	10096.506290059151	10.345130763241142
?	125.1384041051159	-281.75025230074414	70.41495219705026	6.260890025686785	320.01606100091516	7708.64182654206	1912.7999092222335	-1770.767311419224	12.480212701149378
?	111.36798485462002	425.119345650382	67.90283104966622	56.899135999543574	732.0558743146249	5119.477416345493	1697.892745116918	-7914.147375406716	2.404533103691824
?	146.39437138763492	1291.1444075607196	73.25990899702742	127.51143102377813	575.9899318181889	-3692.921193955221	1517.0925404518991	-13043.12038009523	3.0181068381328857
?	175.92520523265577	1115.8690297432986	74.2784026008551	-30.077644856934107	547.4098146168645	-1349.8983874273213	1045.7367261121587	-10524.961800183242	7.109703560918129
?	202.18782287479965	247.92640081284648	71.75602675418072	-235.31649416128556	508.49501244682307	4076.270699163027	990.8444504427389	8717.039629877658	13.27082753628286
?	188.32152527329805	-4063.7564574960074	62.512577892790866	-269.66031692463656	751.2233495750152	8300.625252282975	1481.58870760604	15970.276459904106	11.192916507074022
?	-1	-1238.6989244855324	58.273010907948944	206.65133215192074	923.5262750609703	-3433.3495827311012	1789.3582734379413	-3076.32208585642	-1
?	126.38657904902165	2433.9952998278786	72.84514450038687	238.49775175456784	579.5558704384607	-10927.093210142119	1327.7726033132196	-10415.928018378987	4.749051619166972
?	120.69976499139351	-89.75251915915723	70.1978984956773	10.560690667013867	377.17161455386633	-4684.931184731657	1268.5618725189938	-6308.326860787638	6.508047950735451
?	121.8989530910638	109.67404483902253	73.37317903373756	-50.00330706469544	345.3093112018787	-448.32776728529143	1012.3562602738389	236.50942282899535	17.771390976332476
?	126.18346723334462	514.4638728703659	67.69773314244253	47.113499536662175	354.75522618960184	1832.4930386736035	1280.3873436604435	10789.944100444416	9.6655351375228
?	147.622146734582	305.5559767671465	75.72885401057066	-168.32346923708943	436.93396313555854	9614.022324517306	1551.8534652960577	4691.848967861331	11.6677339574607
?	141.46126607170189	-2972.4429346916504	59.28155968058809	-589.0739262479824	835.4563424154654	12613.834681406915	1514.9797920535093	2452.9274508337626	-1
?	-1	1523.5588953391803	46.27515769817164	-89.71229642131252	1067.625697205902	-272.9069163043196	1674.4998378377454	4457.72466898439	-1
?	217.63921083866063	4206.40765864493	54.79594485952248	489.6266502686567	821.8109966002495	-16444.46091970492	1737.866025502728	1738.9739346128106	-1
?	209.32038293224576	-539.7105376438847	70.75649021160439	361.62516754020163	245.402651220659	-10123.634617428901	1761.4485345683856	405.36213781998555	11.669634844802761
?	190.6536839564665	-1118.5562635147676	72.8772032365325	92.16176932808058	315.6292657288063	1866.3410379106135	1758.1341323937272	-1759.6372314616717	14.36731311621671
?	153.39256975650758	-1419.1548583844126	75.3645786780084	-10.414020456287895	338.71970311618935	1547.2145737116214	1673.4666729953024	-10619.863947080927	11.252730006558505
?	119.69594103724612	-1022.8399205538288	72.3565022137181	-265.19771669288895	392.98999441438707	2017.9878086458773	1227.1409350396827	-10017.761912471782	9.747097348244344
?	102.25057372881632	-2393.9188207449306	62.104692843364	-1447.1300442743673	439.61909354848285	-7859.799888287769	1172.578577371715	-24542.81870079374	-1
