rowLabel	avP	dP	avI	dI	f1	dF1	f2	dF2	h
?	-1	-20	27.668530865337228	579.8045172687038	831.6851647214131	17108.475370189884	1747.3391278636618	34773.10828830002	-1
?	-1	0	28.99022586343519	300.6357990829486	855.4237685094943	-4825.862416966294	1738.6554144150011	139.28850576091463	-1
?	-1	0	42.70032081948466	345.50105841067415	590.3920438730984	-4280.277410049101	1754.3035531517075	-2004.2924530118892	-1
?	-1	0	46.2652787839689	82.21058970366998	641.4098980070392	127.50031001842447	1638.4407917644066	-6985.829148464256	-1
?	-1	2341.6275484452544	46.81085030466816	370.6257857485732	596.7670593740196	-307.97947066178955	1405.0120957284948	-11969.056727241506	-1
?	116.08137742226269	2461.4490209397977	64.79656807139756	488.1013407143154	626.0109244739497	-117.88607839074987	1039.9879554023314	-8797.705895277366	3.8859795333320886
?	122.07245104698985	127.63159773581097	71.21591734038393	-268.46814502263334	590.8727554544821	-561.3814641455862	965.1268009646267	8847.975778279386	11.34060799377816
?	122.46295730905324	-2461.4490209397977	51.373160820265895	-297.71400331689244	597.9418512666704	91.36557287438565	1482.3867443163006	12019.651466204461	-1
?	-1	896.0084925745848	56.33021717453931	504.81497717253217	595.4410340982014	-1137.8298997358368	1566.1093742748496	-9219.957416793095	-2.9749996598368647
?	167.26338193778247	3417.869171571655	76.6139096788925	296.92870297055714	541.0503562798785	-2233.9917205766055	1021.3888734766459	-12444.402570467413	10.110385513131698
?	169.8934585785827	-134.49979641228413	71.17665232306716	-92.13373396950166	483.74144806937113	-1472.0322398427695	943.8892457514792	589.0289276981793	15.75953662454972
?	160.53839211716826	-424.742827329725	72.00722298041741	-61.77172842990012	467.44874428774	-429.5016953562227	1050.840319861555	-2478.222111040552	20.35539452896638
?	148.65631721209644	-3230.767842343362	68.08806590157215	-478.4154619132166	462.26636330156	1313.4229959083518	819.9781401994515	4217.870260389451	12.017230319742351
?	-1	229.82637458129128	48.08644988475656	-174.38004322706774	533.1198940831577	1315.1404245489778	1261.7338328810276	5652.831413745611	-1
?	160.147635941161	3017.938995617185	59.369063740218756	567.7562729702454	528.0233845290089	-1204.1497175818915	1102.6197108867323	-9937.953076232687	6.863455980360435
?	149.8969497808594	-552.0522002312977	76.47426353326885	-4.237565750452173	472.912408204063	1315.6381939157507	764.8361790693929	-879.5637540776298	13.819312261000846
?	132.5450259295961	-3017.938995617185	59.15718545269615	-584.5679960779277	593.8052942247965	2288.7838543447156	1058.6415231828507	15295.593606610153	5.357716403900023
?	-1	390.4988669807144	47.245863729372445	-174.40672848228587	587.3516009212989	-1342.794623171734	1529.6158593999012	8491.099227953475	-1
?	152.06996927863185	2980.2134480743666	50.43684902858185	495.3925380001395	526.6655630662098	-906.9586824486775	1483.1964845805248	-4738.827932363838	-0.4275063900535813
?	148.01067240371847	-53.72213408248804	72.01549062937944	438.50302330399217	542.003666798865	756.0042879384138	1292.674462781709	-5887.531432588757	12.819418337331616
?	149.38386257450745	239.27538647562565	72.36200019378143	-4.706203279041854	564.4657774631304	116.04861962078975	1188.8199129510874	-1983.538148594237	19.242230109582227
?	159.97444172749977	296.20414263116544	71.78018046542735	-18.08525840408718	547.8060977799045	-770.242583188214	1193.497555351997	-515.8697363660526	20.43681632013438
?	164.19406970606573	122.93684339107062	71.45773727357707	-25.06659162640117	525.9536483037197	-565.7018434999186	1163.0264261327848	524.945540928506	24.02879999026672
?	166.1212838970533	31.894515579025978	70.52685088410729	-106.96110293934841	519.5210056049085	95.38573550898255	1219.7448323984224	3355.041281111709	24.18152296344716
?	165.78879548501703	-3342.425677941063	66.10968212660964	-302.83670278350115	530.7229350791688	546.6820157453772	1330.7784901883704	2177.4013491035093	18.61495676451053
?	-1	-3335.7759097003377	55.38501574493222	-311.6689047801684	546.8551063921774	17.82394906181024	1328.614899853598	657.2846273410818	-1
?	-1	5626.153915301936	50.52623688760121	-31.670250414733346	531.6141325322593	236.62213439899213	1363.6427215554245	1914.6278045893844	-1
?	280.30769576509704	5702.447177165893	53.80150322419555	153.62089505727226	558.686213112127	791.689959127056	1424.3462900830673	2212.580102396403	-1
?	284.1223588582949	-449.278532771486	58.20728164046483	168.6847669270567	571.1986304886121	-653.4700426906301	1474.2717266752447	-2080.926802295351	-1
?	257.8437691265227	-782.4234271824985	62.23574157054839	20.47142993563808	526.0127109775955	-1333.025321210929	1320.2999499682996	699.0152254709022	10.717766178793758
?	245.00118749916993	-293.61779296950345	59.23085313724673	-103.86538675835686	504.54736442806563	-472.4820561929444	1509.2224879487899	6187.724244223786	-1
?	243.16287947804753	-2146.6131424404794	57.042472232630544	-80.9038926395629	502.38860816794823	722.4390126964584	1629.6861621794892	2253.922329800378	-1
?	137.67053037714587	-1619.3857726390993	55.185658505268584	249.8562557215758	540.6693150628886	-2753.4185994897007	1621.9186044388089	7219.403251000565	-1
?	162.1935908460925	386.6334236043215	69.53528501870935	403.89697388212744	364.7176781934631	-4076.6329883911053	1990.6563247295178	4872.825942692339	6.740807493397516
?	157.00220155736196	-47.234936889817575	75.38050719937498	133.5937926018305	336.83766564333314	2050.0824226806585	1865.559901573426	-9457.925018356815	14.895738197563304
?	159.8318440016016	-154.16719971361417	76.21497464880088	-214.269292160841	467.2217993274961	3978.71932348051	1517.7600738116766	-12119.553237154894	8.324215847118774
?	149.29384157168124	-3216.6368800320292	64.66704259133292	-571.8859189897156	535.7736318173588	2282.170265535763	1259.5822397156808	-1958.7479727691816	8.940798507081576
?	-1	-86.93216751902178	47.62067869931507	97.08906349942728	581.3303126042844	715.6629708954158	1419.8226751732175	-1977.4334468700572	-1
?	144.94723319573015	2790.398714178112	69.52149576630428	378.00023206423145	571.5567803621296	1616.3714088711126	1160.7105673721778	-3500.8147497373934	4.315676202801029
?	138.51993570890573	-2918.9446639146136	66.52069030252666	-333.0063184056346	662.1488830478401	-350.9013227250865	1244.7819376863476	5646.026137322858	7.970583614477122
?	-1	-2790.3987141781245	52.87117984602261	-290.18809907039844	554.0117142258754	-3905.0065707902663	1443.0118742383197	5731.20684498687	-1
?	-1	2950.157116444979	52.01128534900679	340.7356755165714	466.89855450832744	-2090.299097206146	1531.3422799356902	6945.509044688485	-1
?	146.50785582224842	2769.2244960711387	69.90796362185112	407.48549411745006	449.49675936556844	1195.3669690550337	1790.2873264727427	-1927.8195093879117	6.408243426357286
?	137.46122480355643	-240.78982726011787	72.38556005487922	-82.25338739740722	526.6669029610789	-1329.1641943658797	1434.951304466295	-10188.58712191307	16.657856552290248
?	134.46836445924257	-309.5518767900338	65.79529425198078	-196.04773128633397	383.0385496472747	-1881.8879621593155	1280.857970377091	-3632.7662530199987	16.593920723423203
?	121.9836309640548	-297.3746402365563	62.58317349056256	-63.18734410744662	432.57250485311346	3328.4872420007964	1253.3129918152956	-1057.1666801321583	10.405188371988995
?	119.5996324474148	290.25133824254016	62.63592704660846	283.28653829101415	549.4629117473139	2253.006540069646	1227.9996363704834	-2382.4500680648266	8.409446619557878
?	136.49619787618175	310.23741978073326	76.74750040511322	279.5091291206118	545.2228318565954	175.21692026129648	1134.1904884120547	-1523.7155869423586	20.242883685183838
?	135.11150343645141	-171.6989634816372	76.611383502639	-20.957934312453762	558.2237577603787	615.6474359663365	1151.8138570233657	1027.0992317456594	20.56592059263156
?	127.91124970209992	-353.2457764244584	75.69960368949053	-51.692563544151724	576.0052036549121	830.5034668325477	1185.5454499993375	540.8588450232147	17.8337496348039
?	117.44921461522856	-421.21345172699455	74.02675532543142	-141.75487476512438	599.7489311020059	1025.7067754667642	1178.8567992745263	-184.49198128406871	14.804375640223165
?	106.85057711575027	-448.2088585247219	68.61185995123434	-316.91528914839125	627.2905424282501	598.4299309891934	1176.320850935134	-9.157837136358499	9.855406587914228
?	95.03877168899254	-320.28328302788	58.18099086801192	-330.16106251846355	629.6704276514655	291.7739348245924	1178.3989074177084	546.2555562593408	7.426074668611028
?	90.83641296435633	-1920.7754337798576	52.10380682531122	-139.00759208250753	641.8792391694797	-1128.5357325253922	1203.633628748101	502.2606601112256	-1
?	-1	-1836.7282592871331	51.230611263886566	-26.11317562936359	573.2436410251961	-1835.873756443618	1203.5119404232696	2014.0382166117276	-1
?	-1	0	50.79814804384304	-9.47953666472859	550.0855513472991	-723.9574476777788	1304.335539578687	1828.5988020624038	-1
?	-1	2120.799857810038	50.75663443065014	338.5408703117134	537.0457686413073	1649.22473876307	1294.9418805263895	-809.5352397343896	-1
?	105.03999289050152	2038.723216366461	67.72519155942865	344.56503216290497	632.5467882854523	1291.6078211950435	1263.8587775919677	4400.154244811367	5.009782804117581
?	100.93616081832269	-2120.799857810038	67.98488603879532	2.918169113682733	601.6261597010592	5016.2701680530745	1514.949592766957	9702.933466301982	5.463213263949896
?	-1	261.3676720367247	67.87110001511279	-106.6909266078596	883.3602966881051	7.738636697304201	1749.005450907065	6909.231323995479	-3.404945839363241
?	114.00454442015888	2271.8357436250803	62.65033970840236	44.13213891243588	602.0130915359245	-8101.060607337942	1860.4111589667298	-3292.1202968823563	4.791900915171976
?	112.59178718125361	179.31636860223853	70.07770696073457	140.5224744081054	478.30726632120945	-1967.3535684947196	1584.3994360629479	-16741.563786478986	9.421676295507778
?	122.97036285027077	588.9051159656962	69.67646342880761	86.07481275752267	503.6454131111888	-965.4180278274123	1023.3329696427835	-13538.475339873683	5.3551008169399665
?	142.0370429795383	-2479.407257005424	74.38144759861069	-352.26243234535514	430.036364929839	-784.9598455929635	907.4756690692661	6621.683485445476	12.089499779438752
?	-1	-718.6786630035374	52.063341811539914	-422.660386335832	464.3974208315408	1508.4262926614063	1354.4171439150562	9852.823276048055	-1
?	106.10310982936157	2408.686884546713	53.248428281819166	282.30947369846365	505.45767956290905	417.9809580036832	1400.1168328716672	-7851.047345467769	-1
?	119.43434422733522	495.8505400301457	66.17881549646305	439.6523048133423	485.2964687317249	-409.64816956596144	961.8647766416691	-6665.19203582258	7.750193535797381
?	130.89563683086877	247.347645861978	75.2310435224862	64.46939719608105	484.97527108461105	-731.371326749941	1066.8572310805393	4611.81301873605	13.421469629044978
?	131.80172652043407	224.20943205544881	69.40228535626709	-41.75451880758218	448.72790239422795	824.9762804580787	1192.4554275784708	299.82169951417853	13.397871940411738
?	142.10610843364117	485.8310874691057	73.1433175821071	65.23450020216069	526.2240851075148	1476.138972685015	1081.8483160562482	-1448.62277352072	16.21306512016536
?	156.09328089388927	399.4475859403022	72.66401036637511	13.813311260240987	522.5348510284784	-308.7985044780657	1120.024288902435	1210.1545673422695	16.24306328814915
?	162.0784877306562	30.77488040113803	73.83398314511915	58.5461204951553	510.7841598836116	-276.88748173379264	1142.3560444233615	-804.4169452064654	21.866378936043073
?	157.63202491394617	-514.0109242805017	75.59131639113286	-26.632278898094153	508.69047694178886	-377.96043635896035	1079.803441642112	-4809.324672441181	18.07967818411521
?	136.3779415166312	-888.37694848167	72.50236920021445	-239.06856430636836	491.88613806566366	-66.2537108400377	901.8898108013033	1348.0532942400262	9.360314831009202
?	113.21317748986283	-596.5907719657771	63.63788817581449	-301.9628207288375	505.377791399787	-78.4141214419347	1147.206106354113	10094.413632462034	4.657480527548908
?	106.54840291834246	168.05431623749516	57.40422816377262	184.1291023702069	487.96543199356694	-1975.8795941850976	1406.6104924244032	2056.077536771648	-1
?	121.61589330173756	233.1903544096394	72.8443432943248	329.02122347352406	406.58381169053246	-1604.066717665978	1250.009983192695	-2482.7219043847476	11.575077318314467
?	118.20792063882439	-210.41787137807677	73.85528933744877	-231.38311282388	407.7620961102683	-437.5389446705405	1282.4743972051663	2350.9152668687593	18.230386040354507
?	111.09499973283376	76.13489599832973	61.27518765313084	-84.88230564842014	384.7068644570055	-441.7750410315914	1367.5557465361326	9582.818402682917	6.830620058426927
?	122.01466543874086	194.64493689681728	69.61117405502777	-114.75844967765964	385.6733440586888	2261.4316927368463	1761.6153173393104	1980.9704326506223	10.722648009720523
?	120.82724657767459	-2460.293308774826	55.53726516924788	-379.070691675386	497.7784490938474	2592.4635075224023	1466.6042681686633	-7428.148946222986	3.57393480248666
?	-1	184.81149218618137	50.65763947125854	332.02633488463636	515.2965194348085	-1385.2090867852182	1390.2078700281625	-10733.457220845818	-1
?	130.06782118698362	2560.9667343377396	72.13858191347964	504.4114480054821	428.51799475458677	-2258.8712467491873	929.9314071263743	-5570.871750925646	8.24595076476401
?	127.04833671688654	-343.1995988007765	75.87821187153256	-104.12348980338871	402.35295709734953	1104.4126891482374	1111.6642824818812	15379.285472596684	14.250826866695594
?	112.90784124694486	-82.95061185386403	66.93240742331022	-24.797102015902883	483.73862921199844	-173.79047643777943	1698.8956807562058	12293.182394483345	1.452356467439001
?	122.90080612419335	167.1627325770095	74.63835677073742	108.47981859042999	393.6634332754606	-1621.2748116432635	1726.3234022060462	982.247874215267	14.97590686099744
?	121.2659778757953	-137.0146188469018	72.3563983528317	-183.0072780812649	402.67488862983555	-602.5190485253812	1748.008074466969	-6082.569099249412	10.594252124389284
?	116.05007518184829	-162.51001940521235	65.4879928666742	-21.49070620910955	363.53748084919164	1381.1268954007999	1422.1949472435767	-11053.092343300572	10.501280994736984
?	113.14047690553471	-158.46859734954677	71.28186304237623	53.224531897893904	471.7312333998753	2938.548717461051	1195.3534573019424	-9214.948604052075	11.325224238875053
?	108.12664531437098	209.42511546674143	68.14921946156889	-185.49019489081056	510.4649167222437	1256.7507198680835	961.4475170409746	-1032.9007306960912	8.888404513945304
?	123.61173267887175	412.4218335866653	62.007353297835735	46.238669173403245	534.5687693932792	-2155.595002497217	1143.708420767138	3975.2676913685814	5.127682925192159
?	128.74773699370417	-2492.2346535774436	70.46115292023904	-224.5486567093729	402.6851665973832	-1320.1679545747552	1160.210901609403	3786.415985942622	11.409302667699135
?	-1	251.4373272591641	50.77992046236713	-127.49359384714597	468.5603716645417	4164.618550047298	1333.0292200642684	11802.634212719218	-1
?	141.31960335666233	2652.328479011063	64.08647322788177	544.4416878634735	610.9160940997474	-36.125224940673334	1750.3426122453618	7691.540482205419	2.43138253156868
?	131.61642395055267	-514.5239200617248	78.0020048555407	63.48744509930407	466.75411041750806	-3741.5021581547726	1717.606244174538	-2836.059364192334	10.41327478795014
?	115.59340735357618	-2652.328479011063	67.26084548284696	-585.4794297301587	423.84098619200944	1489.2194461254605	1608.5396440357456	-544.944645427806	10.644785786204169
?	-1	-2331.868147071532	48.72803336903287	-373.8000160672761	541.2150827237808	2501.95105978171	1690.3590119031478	398.4340104485196	-1
?	-1	2341.7407179835554	48.57084467948322	274.9935784197544	548.9385391810945	-256.5046278481359	1628.4613445581715	-10793.878881830231	-1
?	116.08703589917735	2314.9921123129307	62.47771229002054	530.5163270996824	528.3898513313741	-1229.639736311735	1150.6650678116382	-16494.056623363107	8.807379369454095
?	114.74960561564613	-285.6478079890123	75.09666103446725	42.03425932110435	487.45655236550795	1064.0676771472174	803.7585133900191	-8153.527294220773	17.089872577240676
?	101.80464549972679	-81.67215327021467	64.57942525607575	-275.27328405079044	581.5932351887348	479.771521483587	742.988703100601	6023.416473035972	12.391387874227988
?	110.66599795213541	409.3573342035254	61.33299683192777	37.129137632353626	511.4451284396872	-3878.190569314345	1104.9293370418166	10631.420428697753	5.360801615115263
?	122.27251220990298	198.51067493974156	66.43588213769343	277.0057348175716	387.6837067230182	667.8540658291196	1274.5597245354868	7979.892771471719	12.779606270745335
?	120.59153169912246	-99.86348583727114	75.1832835728063	156.77102486401424	544.8378317311431	2588.889018440402	1503.923975615401	7483.00165163338	14.47191581772205
?	117.27933791803945	-184.6843804989539	74.27443338089411	-139.4855287454421	517.1281576450379	-3706.0026644030295	1648.7098071171545	944.7523815362899	16.331258029241305
?	111.35731267417479	-203.5647718645778	68.20900713553422	-155.87933006373189	359.53769851099224	-3485.0574701741184	1551.1615946922154	-3508.3085137001203	11.185421621009164
?	107.10109932481059	-123.00200347458615	66.48046687770754	-25.590744622091485	342.87528413633254	752.2771614762569	1473.294381432149	-3418.6141432585496	15.908491685051269
?	105.20721250044551	-81.16107112758499	66.92946990442965	107.17479175388955	397.15155658480495	4665.33718480368	1380.2308875292886	-1810.301935588779	10.978958929423985
?	103.04304576843136	3889.5878769824835	71.839206465402	7.569263910908175	576.1421433765157	4082.1637698031573	1382.7792846527104	145.43879533078376	11.145343960258764
?	299.686606349569	-2080.8609153686343	67.30793309997506	-306.3678254483129	601.2597450749621	256.1768395944214	1387.5028272958277	285.29054904946054	5.586377312694602
?	-1	-6013.732126991401	56.52081519298641	-311.5407984978806	588.9509853562367	-28.464356588742803	1397.0438121051834	-592.2301408770067	1.2681552020848554
?	-1	0	51.730893175081086	-114.83408877313336	599.836527245525	35.05164046780705	1357.8913202519775	-1455.853310522303	-1
?	-1	0	50.779110754329764	-11.884447617943195	590.7035673796271	-1233.676891204834	1324.2511465790685	-1718.085160551365	-1
?	-1	0	51.13667079418393	-0.4734306377376657	538.1526826852835	-1223.6436570011026	1271.9870622244096	5689.513329463773	-1
?	-1	0	50.75543922244288	-52.92532001934963	529.5213845295722	-326.3627213811458	1608.7268130522561	6031.454835326371	-1
?	-1	0	48.490404793216456	202.00282818964027	521.8345466162263	1036.5113703543093	1573.559803990727	-7101.988333131679	-1
?	-1	2120.600674751099	60.85558063192486	473.1464137508303	581.3469530472875	2667.2435729392173	1253.6273963956735	-6650.54619047096	2.38987592772601
?	105.03003373755458	2072.132113775346	72.14772548075788	220.77767268064642	655.1967252631866	1359.7902555699945	1241.0324944671802	-117.07285304842613	10.804881834835172
?	102.60660568876693	-69.19021597538485	71.89446426595714	-8.280664244514101	649.336465825787	-239.14167942928856	1247.7737537432522	138.8364833963856	20.684160330923174
?	101.57052293878534	-68.89404198386468	71.73369226853218	-16.035738853116243	643.2396412917223	-219.39485765225604	1247.9743186369994	1229.2799384773432	19.317867891136437
?	99.16190358957371	-65.35252508862379	71.09267732330133	-105.89726927406483	638.3667229431742	-2208.3450614662647	1309.2377506671191	2619.4700463121217	15.318476119166192
?	98.30289668435417	-14.05508468826104	66.43882880482896	-228.89165113855012	532.8223882184094	-3885.801129568107	1378.947820952605	2352.4662970766567	7.0889478241670885
?	98.45914935516066	-19.586439375926332	59.648094766373866	45.59280862185704	444.0766664647695	1333.3018829332243	1426.8610655209516	1085.9364617270733	1.1927948574369567
?	97.32357471555785	-74.24077259399552	68.7184692359218	-101.85869846715427	599.4874823650704	2381.557770886948	1433.2446440389585	2962.6635978011896	8.790680533931745
?	94.7471107254609	-1966.471494311164	54.55515984301617	-276.70365240021965	563.1545550091165	-3.4812517382192834	1574.9942454110105	137.95002807920858	5.743060640105078
?	-1	575.86067269566	54.88328661591087	341.9120597693976	599.3134197781594	-2971.9251770896544	1440.142145442919	-14139.18912337575	-1
?	123.5401443602438	2454.051072948494	71.65076283148599	287.9594084865593	414.5582961546343	-4258.268834029643	868.0347892422255	-9372.135493571337	11.211153282579733
?	121.70255364742427	148.96853241627807	69.28125704023879	-33.178744825077736	386.39997807667805	151.3366256604439	971.5353707643537	7613.318281383595	13.041685859806273
?	130.98857098105768	665.8495424061281	69.99182559023211	91.73389157403226	422.1251274376565	621.2578595717683	1248.700703311404	12274.667557208057	11.693194394159258
?	154.99503076773055	1194.0527994288473	73.86795161894038	86.84157287662262	417.46287105526636	-341.52616799093613	1585.2687486247544	6398.974078774418	9.051102212087702
?	190.69121095249983	1149.782360289695	74.33390423406323	-59.24029977085404	405.04881903810974	-170.99268118892329	1568.6494072501237	-4913.095782465333	10.510746091089246
?	212.4841487822151	100.83639877830628	70.90593663039769	-83.10273907744944	408.9132369958202	22.513170433458153	1339.6139595014886	-3221.43124474919	11.751089768672514
?	195.73303089141513	-1337.5728943998856	70.17876728019077	39.5515049974118	406.17447755978264	1377.7050671300076	1407.5778450126647	-205.29403560069187	10.992941442161086
?	145.60550406222106	-1574.7438372387176	72.88351188026827	-147.06293046104344	477.79849035232036	3729.2613899297176	1329.349257721454	-3284.4161723940106	5.936432157431784
?	116.99583902947953	360.1314733156103	62.82562075713862	-311.1629014003713	592.6375470562679	2590.732504981053	1243.3570363929648	3786.4977564585297	2.0928811062074324
?	163.6120777280015	193.0254610314422	57.32536681024976	-148.66485422983214	607.3351156013725	85.45420701924316	1518.6741455443798	5026.327207964559	-1
?	126.6471120810516	-1006.2599779309273	55.39237804564704	-90.90356624376473	596.91025740723	361.967588283418	1494.6733967911919	-1575.8053675164012	-1
?	113.29907883145532	-2552.942241621041	52.78018849806154	-48.72650583504725	625.4334950155434	-685.5696516546528	1439.88387716856	850.0905300269127	-1
?	-1	-2285.9815766291144	52.95605275389469	11.376478170408616	562.6317748244975	-1228.0767572907118	1537.1779232925373	4059.740361589539	-1
?	-1	0	53.34901240658197	5.24537864295839	564.029657151008	-431.14637442903967	1642.8708952480363	4588.492557673256	-1
?	-1	0	53.21832168604261	4.7504588689301555	541.0744561030456	-653.1322812366079	1766.6025511761993	2082.6215855537002	-1
?	-1	0	53.58653535002848	-32.24651742664631	531.3730430891777	-495.94757067128916	1747.001974525721	-32.9111393569475	-1
?	-1	0	51.6059958147103	-34.47493688310869	516.2770775694812	-1219.9770556590656	1764.956994208352	-1112.9308070404606	-1
?	-1	0	51.86278850587305	-21.909430185322314	470.37419030622465	354.64386413170257	1691.355434173698	-2234.7909754642237	-1
?	-1	3994.2294529151263	50.510524305444186	47.91077701974959	534.0092707760663	1591.1113373552166	1653.2174454351411	-5583.28182634563	-1
?	198.7114726457556	4056.8244861804255	54.25832735686052	71.87708306828523	549.9297571739852	443.7328892849148	1412.1913428564176	-3107.875473725564	-1
?	201.84122430902056	-3994.2294529151263	54.104378458858434	-56.425604633379635	556.1959152403119	-42.463126452728524	1497.8236717488635	1603.2141585293004	-1
?	-1	-1307.6605161468694	51.43704712519155	105.25642474235988	547.8066008513488	1471.6445154844844	1492.3520507828823	-4101.222005827509	-1
?	136.45819850167732	2609.7890099077904	59.36719969597641	447.1171668034282	629.7781410145359	2041.9111509657937	1292.7625714574888	-8889.779638991144	1.8154031272897584
?	129.48945049538906	-123.34940357628442	73.79290546536288	250.6050221739088	649.9021583996381	-348.1141691627921	1047.8630688333267	-5275.256973808469	9.361067304307664
?	130.29072832286312	-2609.7890099077904	71.8974508046718	-397.61894013286235	612.3724325563964	-1180.859864702381	1028.9997227670663	10377.743095221267	8.99602753135563
?	-1	282.2237365838082	53.91195845871983	-183.68464568149656	590.8591651645193	-455.4564886156884	1566.7502235943882	8258.198712597903	-1
?	144.40191515205348	2869.1149922972213	62.71321852059701	425.2743457604458	589.599608125612	-3431.293976598564	1441.90965839696	4128.051366033384	7.613518221999188
?	142.45574961486057	-146.4011237157535	75.17567574674204	104.60458726588465	419.2944663345917	3710.9322072762343	1773.1527918960567	6603.056316520652	13.982851414641269
?	137.08185896626583	-2869.1149922972213	67.94344788389122	-131.42547780542503	775.1462184894231	8664.94650999039	1772.0624742229913	2545.807655474664	-1.7590469360690975
?	-1	-61.50553919537082	68.60440185647082	8.805791776187878	852.5417918341096	-8362.914759474628	1900.4431746697894	3273.4500463675004	-1.8240408685034033
?	134.0065820064973	2596.6847297294494	68.38373747270062	-0.6298132063713546	357.00048051569314	-8600.594451013485	1935.7349765413658	-1065.824127250043	11.935329765080299
?	128.834236486472	-36.57549517593749	68.57291119615225	-33.01907603255825	422.5120692834369	4718.511889681551	1847.1519683072875	-3422.027833842693	8.186357068105986
?	132.17780724770043	229.39449117861753	66.73278367107271	191.32317983036484	592.9260749997699	1772.2809713844806	1764.6335848492317	-12811.474254228593	-0.6660495729425031
?	140.30396104540284	56.99098530380601	78.13907018767046	163.76244326203079	511.1261178526606	-926.24240941445	1206.5782555958601	-17443.49053451497	11.785935941812028
?	135.02735651289072	-245.81753461139434	74.92090583417422	-129.97381387503523	546.6139545290475	1126.1538552151046	892.4590581234863	-8217.251074274145	19.3492700434347
?	128.01308431483295	-299.5940703689547	71.6403794939186	-132.19754141795232	567.4338106134167	756.7273138129309	795.7157018821471	-235.40202532652194	17.07251648485593
?	120.04765299444277	-263.7251719257463	68.31102876327651	-117.62751575641121	584.4503202196946	1009.3426723589475	880.6889568571601	1087.9980213642448	15.752809905417294
?	114.82682571854545	9077.414640328547	65.75900370609796	-172.61580292538807	617.9009442313648	639.2479457647846	850.1156029503601	471.92812186290905	11.62246327002028
?	573.9183850108766	9254.678421180943	59.680238617006985	-165.920794372523	616.4127175079343	-1015.0387904925939	904.2853629503059	6189.676031819114	-1
?	577.5607467775992	-11498.367700217368	57.46296398747169	-26.874315003778026	567.1490047067343	-2815.952175146327	1159.5994045413202	7910.957075190528	-1
?	-1	-9021.337950765244	58.336522866818065	194.15029298864619	475.61510875061595	-2631.39942095974	1299.8332167098379	7883.66322020626	-1
?	126.49384923933057	2839.101615002378	67.17047863690414	391.0847444344563	435.57903365874546	-1129.73029845107	1553.7825655516388	10130.604660526384	3.713363756863155
?	140.9550807501209	143.58661535578898	77.89076008854116	72.82912273508809	419.12859382806164	743.6036040687574	1806.3634497361643	2310.1924756542567	14.459691170721769
?	133.67318000712012	-65.64026386777775	70.81193477365859	-86.62810370868176	472.75921386218386	2414.7485409280853	1669.2921893343532	-7664.534107119448	6.650820634274702
?	137.67306755673198	-101.36622677156736	73.559354903107	-26.510691104953615	539.8660208744676	132.50763213850672	1423.1367443801864	-7693.748871426965	12.188623851969655
?	128.60486866854168	-389.3120406084221	69.48640021841089	-343.5803131667474	479.3845954691093	-115.62586687986885	1284.6047457629995	-93.8738096609118	10.913722199825333
?	118.2074655263106	0.5215925232692978	56.380339244769395	-33.890353275555555	534.0847275304741	1385.053009048566	1418.4430538971408	1674.3612349489638	-1
?	128.63094829470515	101.76750527024748	67.79188255463309	298.00243631671395	548.6372459215386	1007.9315678591063	1368.322807510449	-8002.202305286396	3.630331239624411
?	123.29584078982305	-289.52137406701087	71.2804610606053	-46.501583875794005	584.4813059234301	1563.4916494637064	1018.3329386328153	-8548.943552286697	11.578373551073808
?	114.1548795913544	-300.79589256420206	65.46680336084336	-128.7291879417764	626.811828394725	4299.648543216784	940.875629896108	15453.02980237869	7.816300618783169
?	108.25604616161273	-2303.097591827055	64.8440016635164	26.76058402512486	799.4637330842724	4954.647584813852	1790.9844287517608	17966.581111364547	0.4757523154883013
?	-1	275.0082732286774	66.80483256209962	137.19632432298172	874.5442076354211	-6756.615454234048	1839.2046854643481	-3408.96855086177	-1.346157274230412
?	122.0064598230468	2439.593115230547	71.70381787966558	182.56680362088386	461.63296037256515	-6410.4234903041515	1620.5360012086699	-18440.534297715763	8.285031502840353
?	120.97965576152909	63.322111264596636	75.93317274314394	77.11294768453801	554.023033120209	1478.8440281386427	917.1779705785468	-17273.732621301464	9.697771409492379
?	125.17256538627667	188.66298067661762	75.55946526389253	-31.243064403303276	535.5751617794983	-478.23726517584646	756.8493701435843	-3091.320985981346	18.456847749341588
?	130.4128047953601	181.3889162423902	74.37101952297876	-36.89144855962586	530.1111698614163	21.685577542632164	762.6119212794773	684.4529956615149	18.566205234112857
?	134.2420111983963	66.9238763472028	73.71489283591122	-26.267816226953382	536.65944065663	-959.1698483614118	791.0720199266606	3607.558093059416	20.88617100243318
?	133.7589986127203	-189.9219339508231	73.05762871163107	-103.22256444070884	482.15267744334506	-3554.190390585961	942.9898259324507	9360.733505740469	12.664909630303805
?	124.74591450085502	-159.001886982239	68.5537646138757	-0.20507909860611725	358.9499211273294	-2067.1543049088714	1259.1086952136907	7406.616473342041	15.025043221676626
?	125.80890426360823	-144.25129950051337	73.04737475670076	-10.423487222630422	378.7949621979	676.79269383541	1313.320649599558	-2736.3240850813345	13.753244807583012
?	117.53334952582925	-404.76509860787667	68.03259025274417	-486.86317952558716	392.78955581910037	2751.5195832745994	1122.292490959622	1248.4175879435365	13.957824778156871
?	105.5706493332141	-2370.6669905165513	48.70421578042106	-291.36624436812866	516.3709413616319	2341.2386904317746	1375.7415289967357	6010.340809020209	-1
?	-1	297.93254701164904	53.46427803433753	368.80076918926306	509.85149034069076	-372.3120266039454	1422.8095314106367	-11650.223247411057	-1
?	120.46727668379677	2197.790976068214	67.14425423988448	196.2218682649007	497.7553400314344	936.3635494028532	793.2303666261746	-12612.064911547566	11.49153209712506
?	108.88954880341227	-264.87850610344844	63.27537144758271	-119.81934617401521	556.6696678108341	530.8702838066738	792.2062858332495	8483.818274965995	10.449023380791788
?	107.22335137862416	179.17853787493186	61.15328693118363	210.25022807962188	524.2988542217685	-192.47174104061924	1217.4212803744804	6709.045925952364	8.677336726847528
?	117.84847569715899	264.6226031584728	73.78788285156395	313.0496962111165	547.046080758803	1375.5840414767463	1127.6585821308724	-1410.4562088901894	13.753184663049126
?	120.45448153654799	-4.98348495735506	76.80577174173968	-104.51102717039895	593.0780562956068	-1704.0061095482151	1146.89846992997	622.3416913493022	21.926285723742417
?	117.59930144929123	-115.82254285242306	68.56233149304393	-246.27332911056064	461.845775281391	-4486.749977973464	1158.775666698338	2059.774067168076	11.609282668139734
?	114.66335439392675	-157.40761633746249	64.49210528621147	-96.2758490238007	368.74055739693034	-1904.3938160922644	1249.8871732883752	962.8068389186001	17.774451719977826
?	109.728920632418	-273.99122272221786	63.748539041853824	-299.18082275970835	366.62608447677644	1115.282921589319	1206.9160086442687	824.6001336290302	12.545648680430183
?	100.96379325781567	-2214.5784126483286	49.53306414822584	-363.6443233706964	424.5047034763971	5179.262792128154	1291.1171799698272	2309.4150424151385	-1
?	-1	-2039.2758651562845	45.56632287331875	74.77701806552666	625.5892240831878	3913.994692691049	1322.3867607650272	10899.601990324409	-1
?	-1	19.999999999999716	53.271915051502226	-911.326457466362	620.2044381109523	-12511.784481663579	1836.0972794860554	-26447.73521530017	1.346426292386511
