rowLabel	avP	dP	avI	dI	f1	dF1	f2	dF2	h
?	95.61719142447274	1519.2419611070773	67.6879377806436	1405.736220106211	265.315546190813	5525.787492366926	1502.4225332801059	28041.336766507397	8.832998813991607
?	75.96209805535386	-383.1956948125753	70.28681100531055	70.407746516087	276.2893746183463	459.1318957453791	1402.0668383253699	-480.3168169629316	-1.105191893984722
?	76.45740668384397	7.223049018040226	71.20832510644794	80.90352529274182	288.27214097808195	666.1448376834458	1478.4066924319593	1800.3503331646918	-1.1658176427104654
?	76.32325050625587	41.525190580891554	74.33198726994765	124.49609209919149	309.5966165025186	261.1294428078589	1492.0843549836045	2621.5981432579524	5.909982217041468
?	78.53366621288855	1434.154158467849	77.43312971140752	89.93448167142192	301.3286131184749	1293.9014413067619	1609.486599594857	7605.316347186869	26.037365498972967
?	148.0309584296483	1336.0535700227877	78.82871135351874	-293.1675719180776	374.2916885678567	1000.209615331677	1872.3501723429479	8108.858856712479	8.398030628227174
?	145.33634471402792	553.7643322983798	62.77475111550364	-176.05492807646104	351.33909388505873	7772.41950979896	2014.9295424304808	-8395.80466718189	5.776687405765919
?	175.7191750445673	433.466042128975	70.02596494969569	225.42416747943824	762.9126640578046	3525.481957668164	1452.5599389838535	-20024.197899769897	-0.8848563519692219
?	167.00964682047666	-598.2337080102407	74.04595948947555	-140.4955333351113	527.6131917684669	-6915.096025204727	1013.7196474419861	-251.2065693682826	10.882542725799958
?	145.80748964405527	-271.059295150364	63.00118828294013	-131.73098620443827	417.1578627975683	-3622.944675537887	1439.9996105154394	6672.6209621105745	10.728822028640911
?	153.45668206295846	34.14797013271081	67.45941017925364	-56.63736180694992	346.46595799157257	3999.8392412660232	1347.3506955475148	7739.673930656624	12.087760112335138
?	147.5148881506908	538.1104051946194	60.16932019259263	12.352354725104522	617.1498248608697	-2554.946828799402	1826.983307048271	12209.536846627328	-1
?	180.36220232268946	183.88181414908485	68.07702791550886	-271.25289941625687	218.71861655160237	-4501.468485291376	1957.8275378788817	1314.6547637992796	12.308671705262595
?	156.70897885814506	-3627.244046453786	46.606675221779774	-633.2321526427328	392.0764005963007	10659.704435995598	1892.716045238235	-5559.45230073281	-1
?	-1	-214.76984409161938	36.4154202833722	375.7087953313477	751.7038383513827	7153.540873313783	1679.854922842241	-3856.6659611848045	-1
?	145.97048665356408	2736.6452514308144	65.39211498834717	669.6282942464842	749.7534442619901	-9443.398158886186	1699.8827471789946	-14671.033144046221	7.070375831002363
?	135.83226257154084	109.34373953964543	69.89683499569644	153.7289657574273	279.533930407073	-9497.575409450968	946.3032656399292	-13372.55992436527	21.549855650924055
?	151.43767363054636	432.7077878884406	73.07856327621855	112.84459657113719	274.87467378944126	-457.5820828611218	1031.2547509607305	17345.771029658677	17.918872384461984
?	157.4676519659629	-127.85875863827289	75.5390648242533	45.57161190898053	256.6548262640169	-181.91667758326827	1813.5918171228639	17850.31513756226	13.799442082819766
?	145.0447356986327	-262.5715220623372	75.35714387166757	58.941804788513615	265.77883991027784	1555.608635952003	1923.7705078388442	653.7605249502176	14.22290061214216
?	144.33907586284604	-173.83712492555205	78.48615506367898	-59.03350981038495	334.43525806161693	1651.1518188799662	1846.2798433703747	-3483.966131515405	12.657559420488974
?	136.3528794523551	-145.97886821249787	72.40546838114832	-195.02710117116249	348.3364308542762	-782.917495640276	1749.5722012630738	-3340.9439423209383	12.499814486468855
?	137.04013245222114	47.50954325871699	68.73480000512085	-5.796744989605708	295.2893832796031	1174.3453457971577	1679.2326462543276	-10060.053346829596	25.232742563712428
?	138.72835661529095	-60.01268834079718	72.11563113166804	81.23678916509697	407.05369814413416	4015.0800867704697	1246.5695339215936	-15987.733480533434	11.507652479641925
?	134.03949803518128	-227.45519047941892	72.7966394633757	8.786256211816117	496.04338761812676	1967.2242831889064	879.8459722276552	-7692.650240986109	15.2574667737012
?	127.35559709131999	-295.7437146672427	72.55494394225885	-129.32157396345576	505.41491230357957	7321.606949913712	861.9370218722878	15813.923563713206	15.189566241175026
?	119.25231230181913	-2567.1119418263975	66.3305607652029	-152.1093235004004	862.1237351138127	10406.946102627808	1670.5421504133162	19435.301971396228	2.3131085193906182
?	-1	310.23941781553646	64.94947776723882	163.10103571353906	1025.7622174349704	-6285.904931974227	1833.7021204421	-5977.231364859353	-2.4197403693250834
?	134.76428319259597	2356.3655184918366	74.48561255087986	-14.543308912573126	547.8284885151011	-12306.598985163093	1371.6805821703483	-10519.180125937595	3.5249485980798028
?	116.81827592459194	-336.9514751425507	64.22231232161016	-103.0375301004357	410.43226817681517	-4028.240558605148	1307.7431141452198	2467.157362725627	8.855323722369468
?	117.91670943546842	-43.023894149436295	69.33373604585808	-139.1514043210734	346.4164605848435	-1759.6598036785754	1495.0384503066298	6569.070922816681	12.634149176543685
?	114.66708121712013	-42.341796207939204	57.264742105556486	-47.652609020453795	322.4492779928863	-645.021050287873	1636.196660286054	8399.253906106744	-1
?	115.79961962507146	22.476655719634643	66.95110559483538	249.56011030638243	314.1654080704498	2260.459851230734	1915.0011456119673	2580.3455980873855	12.032705254168587
?	115.79091400310186	-2335.9923925014273	69.74274762087562	-198.72580341001293	435.4722705544231	16041.946265131055	1765.2139401904235	-9966.325251987555	5.284685325570939
?	-1	-2335.8182800620352	57.01481542433473	-458.0492977957127	1116.2627213270032	12880.000608175098	1416.6848830125891	-5610.554149267168	-1
?	-1	2579.953277803852	46.840282731089964	155.82895509257057	1079.4723009631787	-10607.53094283074	1484.6862327270649	-5857.580503258454	-1
?	127.99766389019273	2498.7894625728695	64.80626317896326	608.8714852935017	585.8861741854657	-12552.689317605353	1123.8058578496662	-11882.422022218128	2.642470247517901
?	123.93947312864358	-256.5366528530942	77.28385699576508	178.95494169267732	451.83783508291054	239.83376545463878	890.5651316161579	-870.2659084821327	7.968094373484483
?	115.170831247538	-292.47362597382903	73.75401026359714	-138.44887200352406	597.8778624581977	3244.8181025830017	1080.2925624255595	4223.444535135646	9.421024949644101
?	109.31579182995212	-2303.4166249507684	70.36141339558887	-1475.080205271948	614.0787402120608	-11957.557249163996	1101.7373583729404	-21605.851248511266	9.790363727061184
