rowLabel	avP	dP	avI	dI	f1	dF1	f2	dF2	h
?	-1	2670.7470543092145	67.4074265633595	1512.827041067557	684.930079107573	8921.322843188338	1674.2260789506304	35726.95873602775	3.5976175987811625
?	133.53735271546074	2496.0938150977136	75.64135205337786	50.6153543790947	446.0661421594169	-6335.979273760152	1786.3479368013877	-1017.6272417242217	5.7408957650951296
?	123.80469075488568	-278.85475010247137	69.93819428231423	-198.00162428013772	368.13111541956533	-2803.7585072082984	1623.3447168644193	-4023.0995722129214	6.003958554074815
?	119.59461521033717	-2496.093815097714	65.74127083937097	-203.78052501611114	305.87821679900196	388.99438971860843	1585.1929581907416	-4176.472277391	1.5944450715317187
?	-1	-2411.892304206744	59.749168031508674	-8.774236312448808	387.58083490549575	4891.370463655913	1414.5211029948694	165.28961118412101	-1
?	-1	2653.926036644995	65.30255902374853	309.3659731710023	550.4467399817976	2451.1132516731886	1593.4574387499476	2011.5865339460338	2.776815013287307
?	131.6963018322497	2697.1308394035254	75.21746669005879	147.78492962998743	510.13649748915515	1124.6357294523752	1515.100429692171	-6421.946835120254	6.961718277749588
?	133.85654197017624	78.45282003225238	72.6918055052479	-63.98152172200953	606.6785264544163	1718.910504258385	1272.360096993935	-6273.79295426994	11.82347945037743
?	135.61894283386232	-41.41856179771765	72.01839060395831	-16.61730717509727	596.0820227020744	-727.0450605367956	1201.410781978674	-382.6734956495421	11.65105284185373
?	131.78561388029036	-272.27821474664245	71.86094014649304	-21.982343145337214	570.3262734275766	-4668.014707082799	1253.226422211458	1785.9273361593982	13.052606415782353
?	122.0050320965302	-449.24160131067754	70.91927344669145	-96.59831603080411	362.6812873479345	-5205.406083910549	1290.707148786644	2344.495219229209	6.112272364319752
?	109.32353381475646	-150.59201465204538	67.03102434495283	56.07370082754239	310.0559692320489	3159.680478788295	1370.4511831729185	-2102.3825228991045	4.154896759814657
?	114.47543136392792	50.49126630738097	73.72295848806857	100.43002409564897	520.6653112873494	3813.5248894288884	1185.5880226416887	-4773.844871716574	7.206334521825008
?	111.84809713012551	-290.60780434957536	72.05252554973528	-172.39862035448496	500.73221370349347	-822.399972850058	1131.7589395870896	5886.593465325926	8.750625494507599
?	99.94504114644914	100.18299201225963	65.10302747034432	-55.55509707805806	479.54531264484643	-168.49540810437347	1479.9176959079853	5834.391387243817	-1.8470071334577822
?	116.8572467307385	244.7280163495592	69.27477069583237	149.00578492003675	492.3074432982748	333.6694324866514	1423.4785089492807	-3039.7530051262056	3.95258984445834
?	112.18144196392711	-146.65784637475198	72.55331671634616	40.29346217504749	496.228784269179	-3593.0204998963018	1327.9300456516748	180.3444195926475	9.222696787156398
?	109.52435441200089	-2.1668828321159577	71.28944380458475	-41.028339962830636	312.65641830345953	-4222.606593601888	1432.495729928913	-599.6936904359467	8.388396022244585
?	112.07309782232132	9490.47684239802	70.50189971820463	-162.4433975881479	285.09845458908444	1678.9362753745565	1297.9453611298775	4234.193287119238	8.415103245332173
?	584.0481965319024	9457.38961320755	63.16727392517735	-184.5210452678506	396.60323207218744	4169.629966796767	1644.2053942848752	6119.651820941994	-2.4323322400077534
?	584.9425784826982	-8792.644577308778	61.27584745481211	262.5606832883709	493.5799529289225	2411.5947682268666	1603.9279521769768	-11519.051419407877	9.746659754512217
?	144.41596766646305	-8974.416537116143	76.2953080895959	255.1076969528126	517.1829704835309	3012.0546324623488	1068.2528233144808	-14120.757701118662	6.488164479533278
?	136.22175162689066	-407.48843189025274	74.03123230245275	-308.5584010751026	644.1826845520401	2354.5283605939767	897.890067121043	-7028.5567864764635	10.547729737467575
?	124.04154607195039	-310.2300428384072	60.86738803584076	-275.53829144549513	634.9093885132298	-8149.58975777442	716.8249839906573	1917.9068817535456	10.215340384998507
?	120.71024948497029	-154.12091903587068	60.25431773017798	-36.00452471297469	236.70319666331878	-7616.384964797439	993.7854112087204	12260.343213193662	-1
?	116.33550012015685	1.237562614550426	59.067161800192025	-38.220769245752955	254.09014027335752	741.7665719532532	1329.842144650341	10354.61700444347	-1
?	120.77212761569781	35.43426091750004	58.34327926789033	162.9780157151511	273.7915252609815	3134.5590092337925	1511.5162614308942	-444.248026669729	0.972544015654615
?	118.10721316603185	-85.98434539723876	67.21606258594959	170.07526943043246	410.8180907350473	450.88552970601955	1307.6297433168545	-4534.820545003919	8.839278522907554
?	116.47291034583587	69.3284307680292	66.84704273941196	60.24465668843726	296.33580174628247	-3123.302847774234	1284.7752341806981	321.51286927354676	6.732511295856407
?	121.57363470443332	256.425391790329	70.22829542037145	156.11745651925943	254.65294834633545	7297.646215339791	1323.7053867805319	19.588650635114373	10.661255021491597
?	129.29417993535233	177.3044225920391	74.65291556537494	44.962532349136055	661.2181125132723	9199.835622881064	1285.7546667124539	1795.131414902715	6.713214111236779
?	130.43885583403528	-100.25937060158859	72.47642203782826	-127.34515956067798	714.6447294903891	-4241.091974258993	1413.4619575256677	3974.089933999968	8.334459966944893
?	124.2812114052729	-216.8522710040714	68.28565758734104	-39.35532131423425	449.1635138003225	-3258.9701343450993	1484.4591634124524	430.8358170621428	5.122467271289922
?	119.5962422838317	-214.8071752167551	70.50865597211654	74.03886807473832	551.696222773134	3184.670806400905	1435.0037483787748	-2709.2665831018508	4.92182114623869
?	113.54085264443513	-143.68568040612632	71.98760099107795	-169.0838322530449	608.3970541203679	-4271.538450874826	1348.9958342573598	-2905.116700219198	8.605768086373562
?	112.41195826352538	-2290.817052888701	62.05446435946429	-215.58786854987028	338.1193002293925	-1608.197769009074	1289.7479133678148	3120.7075136997464	1.5272865555884723
?	-1	-2268.2391652705055	61.20820756358443	28.806387609636605	527.9871656699141	8823.810457576314	1505.0312099423472	9528.417467839236	-1
?	-1	2650.3299134221043	63.49478373994612	116.76626897468286	779.3098231082086	1983.0525407242526	1766.168786759777	3126.0741090515803	1.668536599651811
?	131.51649567110533	2494.2790907280655	67.04652101231858	261.75323215745794	627.1397927061269	-8193.57202382616	1661.3349153949264	-8364.023420864802	2.231034759951873
?	123.71395453640339	-301.86529156264294	76.58244534781903	160.91194780742114	369.6312219169002	-5586.293856946248	1347.9676157165366	-5940.941045876869	9.83047393324342
?	116.42323109297324	-169.95310203105137	75.09211840268961	-100.81384844627856	347.82509985881546	-2148.908836536476	1364.287863101084	4032.1286274734357	9.69761021176608
?	115.21629943485085	206.99805844930484	71.54175292550512	-56.9082790958486	262.1857800900768	-1934.93601525648	1549.5740470902076	6629.878658526842	8.038478946833294
?	126.77313401543844	400.54792140702943	72.24670444789719	114.04017758856936	251.0782990959918	301.7447223419685	1695.781796027425	4577.505490336337	7.09785332028432
?	135.24369550520225	22.828042212348773	77.24376180493357	27.943241141335122	277.27301620717515	874.3466913548323	1778.4493216070236	1106.9528197307038	13.23202872193736
?	127.91453612605588	-2724.8739101040546	73.64386650496394	-253.1225693335336	294.79563366373327	10801.326037386298	1751.12943701396	887.5702942661324	9.642524573801719
?	-1	-2578.2907225211266	64.58763333825694	-151.3514104297465	817.3393180764881	8856.280752076886	1822.82783632033	-728.1482232587658	2.7113443387113216
?	-1	2354.9691221554203	66.07629598347664	227.40212822687874	737.609671267576	-8185.522996825836	1714.7220258510217	-10515.386303157022	3.320186705379308
?	116.7484561077706	2131.314659353804	75.95773974960083	126.86427426432618	408.06316823519774	-5488.713879037108	1297.058521162481	-12539.03391113611	5.511779730851108
?	105.56573296768983	-151.21278491677967	72.41950969669293	-98.44354466543344	463.1739773157216	1245.6633597419498	1087.7703302942184	1128.3750162112933	7.068056599914297
?	109.18781686193164	132.9000710572503	71.03556251632918	16.63520552250765	470.346336222295	-617.7008470119914	1353.4772719730454	11743.93076405202	5.83078587065099
?	112.21073652055232	43.197082551617015	73.2512699728183	-161.67777416280032	432.2889349651221	-2607.547887172954	1674.9668684968174	3003.573046739763	6.920439934413503
?	111.34767098951248	-2264.2147304110545	62.95167380818919	-208.62401656105322	339.9689418636478	5534.085807525692	1503.655924310033	1646.120865638119	2.254538882732385
?	-1	191.81005219805837	62.82006914476568	192.68668678818298	708.9932253414057	290.71655348062893	1757.272911778723	4391.434482659349	10.782000731276188
?	120.93817359941536	2307.162389504925	72.5860081475983	179.86484088099394	354.5047695376792	-8124.023318608969	1723.2276484429997	-3067.985622989838	6.394271274088746
?	114.35811947524586	-185.71199677153922	71.81331118881535	-54.78603348447924	302.7920594109587	-1519.0703257962125	1603.8736306292317	-7112.965520084097	6.345450107892535
?	111.65257376083844	8447.944086921569	69.84670647337435	-211.62104765945432	278.55125324786883	1944.5045532331699	1367.579372438796	-1068.8607177914712	5.884423073593171
?	536.7553238213228	3321.893464379474	61.23225880584267	44.04896325153588	400.01728707261685	4068.685849577356	1550.4305947396583	6699.197929878593	-1
?	277.74724697981156	-8275.750930234894	72.04915463595114	264.62706082961995	481.9855457267359	4455.124373986269	1702.5392689327246	58.00597564826169	4.751291710517615
?	122.96777730957963	-3239.8509532904677	74.46361184732362	-15.249415172670009	622.7735057719295	2545.158315026698	1553.3308935220714	-4450.978888182187	8.889074115058191
?	115.75469931528873	-174.97037661238585	71.28668387731764	-87.3457877388964	609.2434614780703	-4027.272393289665	1479.990324523616	3447.0130620183304	8.985512600739186
?	114.21925847896037	-28.826716053621727	70.09632246037882	-54.03211524502685	421.409886107447	-6075.23150354749	1725.6815466229873	8013.568017582098	3.44834866265483
?	114.31336351260765	9085.27019050836	68.58507811506631	-151.42534939760904	305.4818863006969	608.2968131816107	1880.6687254027195	-3101.0462431631477	5.578393369306607
?	568.4827680043767	4810.779313846084	62.52505499049839	66.8661355961819	451.8247267665274	3820.2294549186454	1570.6292344648305	-2973.2760812692745	-1
?	354.852329204911	-8935.051980943983	71.92838489487539	227.33550874682686	496.4933590466285	2578.0670638684182	1732.0049213392563	255.40545678860417	3.9219812363915345
?	121.73016895717915	-4736.076309942564	73.8918304278397	-71.7426759269429	580.7280799599479	-1243.486084961124	1583.3995073042606	-2876.3998472821786	8.703360240959825
?	118.04851370778361	-2454.6033791435916	68.34125109852826	-386.9065593665435	434.3190547985725	-2998.5701044971784	1588.1849289751478	-2931.7767254722835	5.811079530944644
?	-1	-2380.9702741556807	54.54650245951259	-183.60607907361435	430.7995747350895	4474.882865820722	1436.810671030647	2564.26869715915	-1
?	-1	2620.701537889275	59.160947144847576	324.59771561294633	658.0631980896078	-2008.2531728075005	1716.398363833105	7857.925779900662	-1
?	130.0350768944633	2436.6109928341507	70.77638824015985	359.61333600211617	330.3869160947148	-6450.5450636602045	1829.7069600256787	-663.7348426331006	5.80827259428103
?	120.8305496417071	-430.1525852246037	77.14161394495332	47.94735326796928	335.53594490659873	1586.739870606441	1683.21162170145	-11859.911193761756	13.010713797744003
?	108.52744763323318	-446.2966966897854	73.1737559035583	-167.8224995258228	409.7239096250366	1642.0414970131528	1236.711400337593	-10967.459272904363	6.5264555963814725
?	98.5157148072179	-124.90870851439824	68.75048896866221	-205.36122807065243	417.6380197572561	-2888.458349899788	1134.8386580562337	1593.990320021718	6.70135637342256
?	102.28201220751329	485.51932432313777	62.90569450002572	33.4094504650754	265.3009921300477	4381.0090987806525	1316.4109163386786	15403.355694791358	1.1036602837036051
?	122.79168102337471	750.5470878732264	70.42096149191598	305.5218642659977	636.6884746962879	756.5310367005729	1905.0064427957989	7740.995617178387	8.588619900125707
?	139.80936660117447	619.0586286449865	78.18178771332555	104.95111856159306	303.1275439650762	-6814.044382083373	1703.4606971975966	-9058.798782695454	16.12081984246479
?	153.74461245562392	616.0070735339558	75.66851741999561	-40.52599604244065	295.9862555921205	2158.8769222033256	1452.0665036610278	-9156.070151846694	12.926874108036296
?	170.60972027787216	349.1766435756939	76.15548791120352	-6.715382292144649	411.0713900752421	7262.834983398572	1245.6571896052635	-2248.793703766418	12.599342720865277
?	171.20344463440856	-359.3108367902836	75.33274830538838	-147.68823667007433	659.1280047620478	4587.713039500304	1339.6268184727073	1847.8186993663915	13.445593754794563
?	152.64417843835804	-912.9912159726961	68.77107607769983	-328.5193567050995	640.4570420502565	-5798.095939360995	1338.0481245735828	-1185.0813007556505	6.903119959629045
?	125.55388383577392	-3072.8835687671717	58.90678047013346	-357.7972577453758	369.2232077939991	-3311.2149514366765	1280.372753434925	-232.0998412795697	7.179191209869997
?	-1	-2531.0776767154875	50.881213190431104	-85.11531186351463	474.8962944784233	636.5130998280358	1326.4431325096043	1625.6901968085424	-1
?	-1	0	54.651014876957746	107.84797146321831	401.0488627854008	423.17622993017073	1361.6572632753519	3242.7876838054067	-1
?	-1	0	56.273611763592	146.64914031404146	496.05510597493173	2384.369218360853	1488.582516699874	5614.364844339754	-1
?	-1	0	61.98347189265979	21.12839224627628	520.267323703443	880.4095451487692	1642.3755054923386	290.41497936262306	-1
?	-1	0	57.33003137590581	75.83570646039986	540.07558323237	-2836.9200740705423	1503.1032656680052	-2404.6149157040913	-1
?	-1	0	65.77525721567977	105.99505965571191	378.4213199999164	-1865.6450206535712	1522.1447597071344	-16.044347020065345	12.856668186356089
?	-1	0	62.62978435869139	-22.54533644401769	446.7933321996918	6189.259185329745	1502.301048317002	4182.14829585541	-1
?	-1	0	64.64799039347889	11.87722638744465	687.8842792664026	4773.324884666548	1731.2521744999042	3345.3538865554474	-1
?	-1	0	63.22364567806362	13.620948981340794	685.4595764330184	-1216.339045612319	1669.5687426447737	-718.8793409952566	-1
?	-1	0	65.32903784254593	29.42591626373012	627.0673269857869	-5799.511118968469	1695.3082074501415	-3832.7554343165184	-1
?	-1	0	64.69494149125012	-49.732654042425715	395.48402048459593	-840.3280087293645	1477.9309709289485	-2957.4887122111445	-1
?	-1	0	62.84240514042465	-5.511634714658859	585.0509265493188	3880.2035729897943	1547.4337718395848	2776.8033625571034	-1
?	-1	0	64.41935975551718	48.58198723113904	589.494199134085	-5399.024750264203	1616.7711390568031	105.71605396397936	-1
?	-1	0	65.2715045019816	13.652908041384583	315.09968903610957	-1402.117539916458	1552.7195745377837	38.663935217450806	12.002724239233215
?	-1	0	65.1020051575864	-30.235780253483107	519.3883221382623	1604.9610514555445	1618.7043358176757	-4015.565506612548	12.681408657580853
?	-1	0	63.759715489307446	-86.37519842526831	395.3477416088865	121.80932033644737	1351.941299207157	-4637.882259501651	12.782878116219628
?	-1	2376.3130568148063	60.783245236323005	213.331335351833	525.4787881550847	4135.551214570809	1386.810222842594	-7659.631633798422	-1
?	117.8156528407399	2344.8172077849845	74.42628225689906	288.7478434789231	602.1253023374262	4.416103056132686	968.9597175172373	-7143.617491488861	7.483281084621707
?	116.24086038924881	8388.153543731934	75.2206374102691	-151.56918406255923	525.6995933078913	756.0308859361799	1029.6293482681522	16083.963828181348	9.983986262930122
?	537.2233300273351	-2344.8172077849845	66.84782305377112	-207.38718680638544	639.9268466342351	7492.671683961106	1773.1579089263018	9507.956930259554	2.982266945860936
?	-1	-10764.46660054674	64.85127806994987	36.01538192984988	900.3331775059453	-1332.5960910637243	1505.0271947811282	-7202.135615910163	-0.803135270814189
?	-1	2639.833302898821	68.64859215026361	289.26113337156255	573.2970420810491	-10583.287610488158	1413.051128130795	-1496.136599769721	3.296300493728541
?	130.99166514494058	2328.0593363854305	79.31433473852795	-18.789564714577477	371.16879698153923	-4969.032378583068	1430.2203647926424	1879.5927254497858	9.665069072278895
?	115.40296681927111	-2639.833302898821	67.70911391453474	-480.1474044270997	324.84542315189657	457.01505403557286	1507.030764403284	692.7722147360353	9.063845646347742
?	-1	1019.7809272109591	55.30696451717305	-46.67655900737645	394.0195496833178	4349.8556552596765	1464.858975529444	2631.4806738678003	-1
?	166.3920131798189	3333.326006920765	65.37528596416593	462.15537798022444	542.3382059148796	-1570.6713609537803	1638.6047980966734	-7244.534111810342	5.958524866174341
?	165.66630034603764	-81.88332548249917	78.41473341618419	199.68711026130435	315.48598163562906	-4611.210832112907	1102.6322699389282	-5281.703259134639	15.800300237114106
?	162.29784690569394	-243.622686618925	75.35964147723111	-93.22416179445729	311.7776643092351	-270.33029362249505	1374.5196351399425	7506.353283647794	16.73835008398717
?	153.48516601509144	-432.1477641904299	73.75352532646134	-80.54687952870296	301.96946695450436	-712.728773100745	1477.9499341213166	2207.390894859421	16.920653009687165
?	140.69045869617253	-309.0186741470216	71.33229750079597	32.98630247888764	276.14122565419797	1399.6896682702657	1484.8891798829131	-10893.810647858827	14.856513907750735
?	138.0342323077404	-17.460829419878852	75.40284045040572	100.2261250905881	371.9539503680174	3078.9638098926807	933.2594017283772	-16002.35471004328	11.955895931803756
?	139.8174172251786	278.0232319296577	76.34360375532536	30.450834888270144	430.08941614883145	1780.3443581555798	684.771444380752	-5707.194494123282	15.611085945340571
?	151.93539390422325	267.9191201979442	76.92538219481922	-2.2979513610639026	460.97116827579606	1218.0625637653188	647.8996770222141	-1216.6541276798464	16.7386135191228
?	153.21337323507575	-320.70236567188545	76.22870618727217	-43.21290363015707	490.9925443370972	3209.4096341285845	623.9387379967599	571.5606142761906	16.29544035703349
?	135.90027562062903	-680.6723620218271	74.76473701331138	-97.81559301072213	621.4416499822247	2263.0607350713694	676.4777077360235	3504.0983216819095	11.737728358065976
?	119.17975513398451	-523.8666385782677	71.33792653673608	-151.14165113116482	604.1455810906653	-6329.420719111528	799.1436540808547	11654.920418362402	9.07050062166508
?	109.70694369171574	-410.87996171264456	67.20765445675316	-206.8432801080421	304.9706140266494	-6219.335672870094	1259.2237286541415	13022.600706967738	8.913635423062516
?	98.63575704835236	-2214.1388738343226	60.99576253133401	-88.25267415924475	293.1787974471617	1210.1327853587848	1450.2736894292393	2448.4435415821367	-1
?	-1	-1992.7151409670544	62.79502074879094	17.57049074134961	365.4772532945884	3641.0219075618447	1381.645905733248	-1110.132825941095	11.473040779301227
?	-1	0	61.874287068401486	97.21228221154112	475.2298928252533	1963.8141788099156	1394.7670481321848	1270.6473733578969	-1
?	-1	2357.5939132453045	67.65563485936798	314.02056446725084	463.66796223508385	-2019.2340887535356	1445.1782744011425	-4436.606444834803	11.859047062770891
?	116.87969566226481	2462.51846988843	77.57531529176397	178.4545659069645	374.26818838757686	-1783.5832630338366	1172.9367258904454	-4540.324747341127	10.806298673500558
?	122.12592349442106	168.20917421323801	76.57836315471617	-29.113964820794354	374.48879908339234	545.2712038035016	1218.162037034087	1407.0570958909007	12.4524066430632
?	125.29015437292668	-88.34274760552094	76.11961705072426	4.095108586597021	401.53174857775184	3470.905534036261	1243.2895806849901	1054.7097978205684	10.995931843916777
?	117.70878611414503	-318.41995133002115	76.78311858404602	-106.97873656142274	548.0340757852048	5183.438237472708	1270.8975269251152	-1333.7493409514766	7.8716360099809055
?	109.36915680642568	-211.65284324383566	70.77068022265314	-236.22586925469335	660.7036604513863	-1051.071670824057	1176.6021136374166	-4420.853220667343	8.322788173465305
?	107.12614395195328	-193.8146720119165	64.9718251213114	-257.33498295601953	495.4804922440021	-5643.141323410766	1049.854865891749	-6738.089136122539	6.434484599895679
?	99.67842320582989	-14.3368506337851	57.90393107485221	31.093424855175268	378.54659428084904	-1132.1697372364242	839.6976568312908	-4409.182932132585	-1
?	106.40930142026403	366.3854158764379	66.52649636407016	312.832715300687	438.8720053821811	3859.547370550024	829.3957192851204	4880.077779662722	8.601954396585978
?	117.99769399965172	454.61643336565817	73.5455668398865	176.22382334865654	571.5239628083496	4952.982403663334	1083.701545814426	7465.8397942357415	8.85976714031727
?	129.14012308854686	141.9811869571438	75.33768753150295	-7.964605609601023	686.5211255653469	2387.2222940415345	1202.6877089969062	3251.688052273828	12.887658369671954
?	125.09675334750888	-365.58217688083306	73.14733655940646	-186.80286588756965	690.8850775104258	-2277.724486375495	1246.2859484281169	207.8596426404245	11.55844266086306
?	110.86101424450527	-350.44650326759137	65.9975442371245	-183.07202102826588	572.6349012465726	-5260.053258739834	1213.0806911289274	-1572.99840424325	4.057778567881358
?	107.57442818412937	-2237.2202848901134	63.99373550799319	-46.871266626401415	427.8824145734351	-6007.461993411276	1167.6360282159546	1329.0976751587825	0.8920650765314164
?	-1	9.272676721423101	63.65398090580444	150.85149748000245	272.2618015760098	-1293.6742309483316	1279.5355748868662	9772.60204662059	-0.7050949873730189
?	108.03806202020053	2136.2321375184497	71.53631038199329	156.77994338114146	363.19870302601873	1662.94228603903	1656.2661305469824	7222.935173875765	7.355004171575129
?	105.8116068759221	-200.55892709514623	71.49297807486148	-157.7776339448573	355.408915877961	445.87885728434844	1640.6823335806532	-1071.3492983386816	6.230241736158108
?	98.01011566544325	222.2581647975087	63.64742868475045	49.3544837883697	385.4926458902361	519.8120724965902	1602.6986656300485	-259.88183336634484	9.227421936878061
?	116.92451511579749	368.55449414226103	73.96070226427996	216.0517544048803	381.39951950279044	-164.2110483732785	1627.688241912336	308.849166133865	8.331650118510389
?	116.43784037255624	8162.086913895213	74.45001640499443	-152.50183121170292	377.2820934715722	2713.9575316249334	1618.1411239367417	1287.7870945242148	8.244833199762365
?	525.0288608105567	8040.108045993369	66.33561070369484	-204.03257462424295	517.0973960840366	8249.603816030074	1692.0775966385465	1891.8707415907852	0.8614345644865339
?	518.4432426722233	-10520.577216211172	64.24838767378232	-30.58516392411303	789.7622842730744	2366.7189215210115	1712.7346610162806	-1459.6971078263784	5.059144279073006
?	-1	-1319.2691996833232	64.8063525074892	43.12671258854935	635.4333421600868	-6087.742399625276	1619.0927412472279	-587.9105736734457	13.812660219492344
?	452.47978268805736	2367.823422521402	66.40472330320978	197.3702636591979	485.3751642918117	-7270.009755105186	1683.3391323326084	1839.892730969693	8.852060250946591
?	117.39117112606966	-6889.084397724384	74.67486569044905	157.90463666368026	271.9328544048288	-4534.047517101683	1711.0873777957122	-3846.7056999017404	6.092344789884204
?	108.0255628018394	-199.5991936075565	74.29995513639376	5.078929333224398	258.67278843672835	-169.78773658026117	1491.003847337522	-6370.92612804202	9.689387570020083
?	107.41121144569188	129.99323880605164	74.92881215711027	48.98624457120195	263.44346757581576	5252.411333843626	1392.5410713936124	-4231.230704868046	11.806590803475842
?	114.52522474214196	328.5896637755221	76.74926736495385	-26.498238549340932	521.2933551289087	7127.037289462341	1279.4423120941206	-2355.608438809203	7.293798068393755
?	123.84069463446792	237.76916017887942	73.60390022964323	-79.66531340345796	619.7953320489315	1573.115438098738	1274.7606494531526	-251.58312541655593	11.182355916678453
?	126.41368275108589	-157.50433127456176	72.76600169478097	-91.2691537911957	599.9491270338453	-2218.6828925450513	1266.8631558232928	408.4269883931544	13.248774602463712
?	115.96547807073986	-565.6034390004226	69.04044254008346	-257.13739943155167	508.86118742167935	-5033.523169454031	1295.1819988728103	389.6729064155684	8.080188511875054
?	98.13351080106486	-2339.3095614148056	59.90913172320343	-214.8878007813085	348.2729685611447	-3843.995890151349	1286.3468011440712	37.56740885116428	5.162401188910566
?	-1	-1982.6702160213042	58.296052501018075	-12.337195905743572	316.6613929141126	4263.089212403533	1297.0603693153685	3475.4965061048174	-1
?	-1	0	59.292271927916254	40.72913566289927	561.4274291813206	7299.06725420167	1460.1216264493114	7311.359981426644	-1
?	-1	0	60.33250928416303	38.76721057507992	681.6147556241948	-2423.450366561305	1662.6283683866993	-1879.3168649832453	-1
?	-1	0	61.23063245667024	88.70831324535305	440.25491085325575	-6639.974635210007	1366.1557832001495	-3359.187142066269	-1
?	-1	0	64.76792494643067	0.5613920415873983	349.6160238636956	701.4081698054738	1494.6690112833865	2212.4341580928954	-1
?	-1	0	61.25870205874961	-37.949892015216726	475.3253193435293	3003.6134027334415	1476.7774911047939	-30.624940892025844	-1
?	-1	0	62.87043034566984	82.93587463571599	499.79669400036715	-1339.6036115834274	1493.1377642387852	-1146.9319594655549	-1
?	-1	0	65.4054957905354	-1.4392821624531444	408.3451387643582	1654.4970676306186	1419.4308931315163	1669.268392055375	-1
?	-1	0	62.79846623754718	15.983792850680118	582.5215473818978	1683.3450619911298	1576.6011838415536	1375.3989134261096	-1
?	-1	0	66.20468543306942	49.77736685133607	492.51239186391587	-5867.387197161906	1488.2008388028228	-5296.937350617497	1.1748034924521544
?	-1	2242.7997087503236	65.28733458011402	111.79375996233642	289.1521875237983	-4436.109538196739	1311.754316310675	-2240.05101816806	-1
?	111.13998543751778	2457.346050926458	71.79437343118632	238.9984606767226	270.7069149540758	3759.059935055449	1376.1982878944182	5542.420099059071	3.236868740270103
?	121.86730254632464	290.38336058751594	77.23725761395032	71.47049398789433	477.1051842765734	1228.7677437835016	1588.8753212636325	2052.8831997721845	5.657800918658282
?	125.65915346689378	45.363838850217554	75.36789813058108	-153.91801532351033	332.14530214325174	-2577.5199525046305	1478.8424478830289	-2226.1109088736202	9.081239714348879
?	124.13549448883555	248.91106801024608	69.5413568477747	-205.38217885218094	348.22918665134006	5428.23270731497	1477.5697758199499	4812.385736342721	4.989160354720078
?	138.10470686740626	128.31751043547558	65.09878918797189	36.36053282125322	603.5569375090041	-967.0530895040234	1719.4617347001683	5478.0513043110695	2.5530349882961403
?	130.55137001060942	-428.04424621218647	71.35938348883738	56.25819560193724	299.8765321761382	2191.840878868412	1751.4723410355073	-1355.4447067169838	8.131786707020488
?	116.70249455679664	193.0850863166888	67.91169896806879	27.280456468160036	713.1489814524263	4533.042011716099	1651.6894993643182	-2006.780790337051	1.6832956586158765
?	140.205624326444	239.7963041450555	72.7234063122454	155.22929378202866	526.5286327619464	-6489.055899922673	1651.1333015186533	-682.6729409782678	2.182225367994943
?	128.69230976404958	-366.09724430908915	75.67316365717034	-62.67249154001828	388.696186456288	-4964.414861594124	1617.5558523154043	-2087.382832882911	5.9521065669546545
?	121.90076211098928	-85.38977202130688	69.58978173524444	0.6417509498757477	278.30788968223663	-562.5925566269495	1546.7641598745063	-3389.0956390213223	8.134201049472335
?	124.42282116298418	-22.589543137938186	75.70525120466412	55.553345887061944	360.5665586249401	850.174913323654	1448.1010703643358	-2046.4699546562797	10.603799830413108
?	120.77128495409235	-2508.456423259648	72.36744902959758	-220.94087598107734	320.81663534841994	-3347.048813612102	1444.4406621416908	-198.22415694636848	8.689184384467104
?	-1	-17.23567762155032	64.6582074056101	41.09483829167884	193.21411794433263	1301.124997544724	1438.1898625170172	4830.162556031728	-1
?	119.90950107301482	2350.9021901446395	74.42219094418155	156.74712073762242	385.87288522565706	5846.4464001461865	1685.9487899432806	2024.6941160932995	7.204904752686173
?	116.54510950723363	-74.19728144708054	72.49556344249133	-109.87547578590309	485.53643795164606	475.2095028881866	1539.4245683216836	-5508.949429663366	5.88567032993824
?	116.19963700066074	62.71371095605982	68.92841715488632	-10.800747306389685	409.6333603700667	-3456.838757986844	1410.5013184601085	-4149.119382667068	3.9623358494337673
?	119.68079505503667	71.77840617874364	71.95552607717184	93.29071880654065	312.6945000523014	-1115.142742853028	1331.9685991883273	9111.619648242542	7.699126661540521
?	119.78855730959798	-11.183405758760172	73.59295309521342	22.437586324026846	353.8762232274145	1992.7315654750703	1866.082300872242	10285.726861394587	7.459747692633807
?	119.12162476709865	-238.34847696691813	73.0774053933732	-137.49853388227112	412.33107832605634	-1696.4180907664193	1846.254942258064	-7858.993233401981	9.157861389522935
?	107.8711334612519	-170.13810607961645	66.71802640109976	-60.33164703880629	269.05531868909236	-1752.2577620799677	1473.1326392021374	-4221.908752656026	4.067824630408609
?	110.61471946311771	20.705473575787313	70.06082304143284	114.71997936109013	324.7181902220567	1142.9357992732273	1635.1595046252596	5516.0696892916385	7.411251820564815
?	108.90640714004128	-186.86268902234238	72.45402536915435	-111.6099375906914	326.20210865275453	-1237.1532181255016	1748.9361236667232	-5829.593901600696	9.977090470958888
?	101.27158501200046	-2198.128142800794	64.48032616189819	-194.6337720783965	262.86052931578075	6373.3157175213455	1343.6798095452207	-1376.5073479594944	-1
?	-1	-2045.43170023998	62.72233676523439	36.17647391089298	644.8678945288264	12068.455945879583	1680.1107562687475	7093.598270739111	6.443883961206371
?	-1	2562.7059326119365	66.28914985744287	168.98463223107075	866.2833266097686	-2863.042786847166	1698.3597230821813	2473.395061389471	2.6619051540906464
?	127.13529663059866	2335.0283537238124	71.17156837678805	38.714987712820935	501.715755186466	-11814.336895278675	1803.7805093382228	-164.2843584136221	3.5645472375128913
?	115.75141768619227	-2562.7059326119365	68.22489924308394	-136.27849362150278	275.5664818458264	168.743054824772	1690.1455051615	-6252.900862082185	6.157367083231068
?	-1	549.1587725840249	64.35764369571281	194.14792147625784	510.15290792770475	2993.81328623819	1491.1354662341091	-6361.090330012999	2.4249993290555
?	143.2093563153939	2966.271821328604	77.93229531689697	187.92250816703148	425.257146157738	-1015.8379700300956	1372.0909886608456	-6107.337074122561	6.860626270670524
?	147.3135910664323	-7.9791963404101125	73.75376910406452	-339.4928321244839	459.36100942619925	-1916.9277822936397	1185.7686125279768	-2655.1488682172962	15.319411551830077
?	142.8103964983734	-2966.271821328604	60.95765371067253	-295.54317241812464	329.4107570430547	-466.8925694010206	1239.333545249979	6431.568747507204	6.5733561472001085
?	-1	630.3995095041314	58.976610483158076	286.8947090795014	436.0163809561479	5174.703216607542	1507.3470499033415	1383.8898333443317	-1
?	174.3303719735804	3329.881450081708	75.3023891646478	327.7074406576211	588.1459178734355	5689.134299964032	1308.5280369171965	-3036.38271692844	6.593999686281473
?	165.49407250408777	-655.0207423458708	75.36198251603936	-199.83828362855434	720.4730959543535	334.7652112125295	1355.5279140569173	3525.9385929690416	10.395393755849662
?	141.5793348562864	-696.1823564978588	65.31047498321995	-465.9348303916894	604.8841784340622	-4841.7555802619945	1484.824966565651	749.2771609319	3.4896042911066387
?	130.68495467919433	-2851.586697125688	52.06524099645456	-233.58029873931835	478.3853169412504	-3813.019754269829	1392.9917721035129	-3053.7023115146553	-1
?	-1	-2613.6990935838494	53.63146004625386	-1041.3048199290765	414.233190720568	-9567.706338824872	1332.139850989916	-27859.83544206986	-1
