rowLabel	avP	dP	avI	dI	f1	dF1	f2	dF2	h
?	105.80470346257279	2136.849444155688	75.37064752390124	1496.0760908631212	456.12610510291813	5347.615758392065	695.3964163817858	19014.59328621891	14.863996271380648
?	106.84247220778443	-9.780850177682225	74.80380454315606	26.087690569487165	267.3807879196033	-2447.9298565503505	950.7296643109456	11565.19530245841	12.055628832178263
?	105.31566095368868	-252.64638574395937	76.6750320523756	2.572938007101299	333.7296122754006	3320.5622450742226	1273.6561815047064	12005.638285146068	10.719792267148275
?	94.21015292058645	-354.13072792714365	74.93245144351113	-118.38655487770527	433.40890017331446	-482.08794644399757	1551.0115785682492	5191.731526195032	10.849972346553148
?	87.6091245573315	-36.72305824311082	70.75570430849034	-73.03863594145669	309.6252149532007	-419.22937574093805	1533.242757814458	800.2748793527555	8.809219471887973
?	92.37400000843091	98.80517182690855	71.2805196464383	-21.327707078575035	412.44743138626757	5180.577599383986	1591.025322535887	-1276.1193930398306	7.967597937361883
?	92.54938314867692	-1867.4800001686187	69.68931895456159	-167.4828811156792	568.6540949224	5026.661439080407	1469.4367881624664	-579.3107404500735	2.0901898503735987
?	-1	-1870.9876629735388	62.906375590654335	93.66050115888187	663.7805033402879	-2009.0250242149834	1562.0597855133833	-5450.8903851115665	-1
?	-1	1841.4611498346435	74.37234401250568	212.07553273956682	468.2028437116508	-3769.566618577547	1196.8922689068881	-7328.042221696712	-0.1539056191686504
?	91.07305749173216	1893.3068010055886	73.51015222763267	-23.39790711188471	475.30217241141054	-1058.8471906690645	1195.6576744285478	9138.239034692831	4.887226226268086
?	93.66534005027941	4.422140675864906	73.20244865691144	-1.7000250290064385	415.2604841781976	87.89192755781748	1653.8042206415296	3594.913659743767	8.020451060618601
?	91.2941645255254	-103.94045367142346	73.42515097618235	10.711778255236473	479.6967687893014	1316.2459456584156	1375.4033574157363	-8288.194357264161	7.950674083030944
?	88.46831736670823	-49.48397044503703	73.73803756967327	-95.21966114037517	481.07278146111844	-3280.5053925992224	1239.394502778321	604.994611655506	6.428554588858818
?	88.81996600327355	-1789.366347334163	68.66416791916359	-90.51632455080542	315.67149915934016	197.52931341267282	1405.6530879985116	6115.816572744474	6.34062914576719
?	-1	56.6392467258819	69.21222134213299	138.70694518581433	490.9492471317521	3960.4766843241828	1545.185331415545	2024.602030018007	1.6716393601724562
?	91.65192833956765	1704.0075152638622	75.59951517845431	25.984224625530295	513.6953333755495	3270.5526965549307	1506.883189499412	-4312.607092512754	4.256787531415474
?	84.20037576319318	-217.75155291975076	70.51143257340951	-146.58815547207112	654.4768819594988	1118.502384488237	1329.5549767899072	-2453.3876684124766	0.9182528405115532
?	80.7643506935801	-11.17215180869464	68.27010740485075	-33.6828590951765	569.6204525999614	-5705.070096018077	1384.2138060787881	1132.673733190326	1.3210614883073286
?	83.64176817275845	367.79899884104987	68.82728961865068	143.16669436037375	369.2233771585947	-1383.9400381235816	1386.1886634494235	-3931.555126379086	2.4509393702849205
?	99.15430063563261	479.03652426949697	75.42844212286944	147.61740644445885	500.42345069378223	2152.3927328702375	1187.6360497598337	-5054.508393962303	8.637939334931627
?	107.59359438623326	127.80494566621189	76.20815994087361	-38.97658460784495	476.84301380210644	-4905.533121786984	1133.4632437513087	-1245.130524035393	10.86025229074383
?	105.54454791894321	-204.49044472659904	73.47961289247719	-107.25250857353008	255.14679460443278	-1748.219098437374	1125.379523558064	2079.8575136865866	12.686671505454395
?	97.3690721499033	-2130.8909583788623	70.8455345121971	-92.88222056306628	389.43205888023766	5632.247662146603	1237.4561194356381	4115.560330959594	5.42574538479352
?	-1	-1967.3814429980644	68.83550186432387	-51.9494228404957	536.7591777117632	2189.485991198477	1331.1575401060438	2855.0208556200705	-2.852917173280578
?	-1	0	68.24806337017232	-14.199395346923312	498.9063584401616	-124.4825062650101	1380.2071622166418	1193.6172815905582	-1.315215142468306
?	-1	0	68.12553209697771	-51.49185387741308	530.5350523985127	1076.7820066255276	1390.8384041855718	240.37952818456665	-0.2723292656277717
?	-1	0	65.67347067630166	-18.702378150026657	552.745458771438	2057.0922383231486	1392.2261386258701	3373.4488983510178	2.385109560195059
?	-1	0	67.19041318947637	19.213523108690236	633.3896643146702	-1160.8944978918214	1559.5108491031228	3553.542163688359	11.459927663101372
?	-1	0	66.63414683173617	-80.12726698580487	494.7007338768469	-1396.3554378774518	1569.9032468102882	-1071.0643034746445	-1
?	-1	0	63.18404984018613	-62.349439545469295	563.5718924207976	2333.3831758429346	1505.9576339293906	869.0486859081594	3.0920250645040115
?	-1	0	63.51667485446271	13.471077628511368	611.3698926689938	956.6541350468461	1613.3556811056962	1391.5305919761693	7.909100262536468
?	-1	9158.587971168681	63.857603721611696	-6.543757746654529	611.4045991731399	-2756.900936321856	1575.534163528199	-779.8805877189573	5.925610115911538
?	456.92939855843446	9214.499262557836	63.18948696712998	36.47517110994382	473.52484585290085	2327.3568549731294	1574.3616517197484	5015.196546397933	10.193428954860849
?	459.7249631278922	89.65647632598794	65.68136227710889	-20.98142158897259	727.7724419217965	977.3176268534544	1826.293990848096	-311.640618867427	12.636607515242224
?	461.41222237473386	-3.4942485813007775	62.14041588768135	-32.033936876504725	522.3907271955736	-5402.146655483312	1558.779620776377	-6161.866891326812	10.04078754012646
?	459.55025069882714	-9248.24444749467	64.07966543328365	-32.945641640179105	457.66510914763063	350.0542451420435	1518.200646281755	1051.4511451269882	13.385253160954175
?	-1	-9211.005013976535	60.49313380567239	-12.634500692522426	539.8934394526758	-2823.8664439015097	1611.3521780327264	611.2705108326321	8.765420161596204
?	-1	0	63.44794039865753	102.18502196006858	316.471786952555	-2308.1118626197	1548.7641718233867	-178.0867358418389	-1
?	-1	0	65.60238490367583	-6.283867608364483	424.4878463216907	4736.570084451758	1602.4478412406345	1372.1685313011938	-1
?	-1	7257.880635112472	63.133747018239305	140.34384140327626	553.3002911751431	8641.185084491097	1617.3725983884465	3091.4949579360264	2.927658466632311
?	361.89403175562234	6420.454133420125	72.61957697383961	281.5734214689802	856.547100546244	2894.105674157694	1757.0225891374353	2605.241677715012	0.7150448453690745
?	320.0227066710051	-5148.620925435383	77.21241809168826	19.034539981863997	698.0055748830273	-6364.935119851216	1747.6346822741966	-3990.2551575676994	3.8534118945544633
?	104.46298548385415	-1053.2147439405198	73.57130397293281	-238.00261622520253	538.3003445536843	-6737.586604348187	1557.509831259051	-1951.643408655375	4.721550604803597
?	267.3619694739793	2924.6286070222072	65.31228728042818	-37.69243490422823	361.12624466561914	-846.2682117938125	1650.0525118414282	2187.787250239297	9.429421071658403
?	250.69441583496402	-2990.6108246398326	71.6866822277214	214.5877598436231	495.98693396399386	2077.1741451265375	1666.8991937710155	-4556.2071251529715	3.4812399453249725
?	117.83142824198819	-2890.1149083689734	76.0416752726093	-26.9618592971464	464.98495192194565	-976.7708376550935	1422.2421555837805	-2285.5673568273314	10.309777091563591
?	106.18867041651588	-2376.6285648397725	70.33858926286409	-358.9203781574568	447.14839208123936	173.57845615552213	1552.6208259296493	1501.5362695993651	7.191469346278998
?	-1	78.30965267552841	58.09565636473652	-5.231716686959392	473.6638747297217	913.0665429813233	1497.3189690637485	-3682.671767487645	-1
?	110.10415305029228	2070.9110181472424	70.07700342851612	291.00449985346563	492.80171923030537	1328.4665979172646	1368.4872375552677	-5006.753461635249	4.970096953268556
?	102.54555090736174	-170.77128206669303	72.64588135740975	33.388258153532156	540.0872046255847	-3614.7212669305773	1246.981295981987	-1928.8991727392727	11.03694533269451
?	101.56558894695766	71.34375164986861	71.74641633619272	55.06128624931526	312.06565588377714	-2164.4769397247283	1272.0422789183044	-2107.0003425049554	11.675888143303123
?	106.11273848985516	122.5496737718514	75.3989456698755	40.92427088338084	431.8633576393487	1430.6693132521882	1141.6312788567395	-4838.230222534998	13.238571127171372
?	107.69307263555021	-23.28851474923746	73.79262988036176	-72.57376136933655	383.5991215463863	-3843.667839314898	1030.1307677915554	-1281.6226063592785	14.831490624574394
?	104.94831275239329	-173.93245783689713	71.77025760140869	-59.76574522961748	239.67996567360447	-2906.2109049730743	1077.5501485387758	3964.215931432887	17.61698645155636
?	98.99644974370538	-41.84855355494094	70.8043426188809	32.02791325547861	238.2885762977331	4167.458228702848	1228.341564363199	7202.4763584160455	11.948807461963527
?	102.85588507464625	82.6669889523862	73.37165326418261	57.807852793212284	448.05287710874615	4732.045923494886	1437.6739664595768	5229.449702668076	9.876344108877762
?	103.12979919132468	-49.369588539036506	73.6947352585415	-24.104473563074094	474.89087247247653	-3907.4952602291505	1489.814049496602	-4003.346325811595	13.020743252582184
?	100.38740564769444	-63.733727313752354	72.16642958602891	-15.666828745762926	252.67811409728932	-2308.1754297376806	1237.5066501689978	-7053.42213551259	10.140059720591466
?	99.94311282563707	-25.785169492602712	72.91139382125336	9.183937593971653	359.4821009855929	6492.0835859216295	1137.1429427209737	146.53220174404902	9.893321458357743
?	99.0981471730643	-53.11860860096791	72.62562646572749	-93.64673339655529	577.2822933933696	3885.1320322714846	1244.8332602562002	4273.304143946118	11.662214601108648
?	97.28718239558869	-15.66935698005443	68.22905715142561	-71.37949973188566	553.7387025991665	217.06725062418022	1350.8081499182788	993.6564916584201	3.5357110776091845
?	98.31467932406159	-144.92497239441883	69.05665147913322	-16.548571881490435	588.1356559245786	2293.1803865011207	1294.516084839121	-643.0008494411982	4.250273744785866
?	90.04093377586777	-1986.293586481239	67.40162855735109	-33.670706383637544	668.3977219242221	-2349.0969124609537	1318.658107446219	2910.151474161036	2.8570172191163166
?	-1	-1820.818675517362	67.37311615995135	-64.2695943717481	470.6808103015313	144.67231630393877	1440.0236585471723	4048.8464360973385	-0.16746892925565937
?	-1	1963.7312106431161	64.1881488387637	94.37855058246248	675.631337739419	2817.128876942937	1521.1004292510852	-3927.2472097894074	-0.07469077423956333
?	97.18656053215545	1912.9354289068635	72.09204368907446	209.39073493198197	611.5372541486777	-3195.774100087988	1243.6612980577027	-5467.710990771089	3.9088947110052823
?	94.64677144534284	-30.264787876101984	74.65768558536276	63.59816101663506	515.8426327350202	-3071.6420101755757	1247.7148797125317	4056.243869472306	7.480428240102382
?	95.67332113835036	-53.47205410422949	75.2719517399062	-9.847493970907841	457.95515363989944	1691.7763640871535	1446.4734915313172	3539.547427022002	6.939481787872675
?	91.97316874013137	-210.06423443987035	74.16531088681737	-158.44304660675505	600.4314509393776	2711.7139922306346	1424.6922510636311	-4187.921959729689	6.195275204136083
?	85.17010941635688	-135.3925364996086	67.34979940956848	-186.28508398755892	593.5408532514307	-313.2260260832152	1237.0773935448335	-7455.054052855957	7.735046575123263
?	85.20354191515096	217.5711404071429	64.85105668743945	14.630393013366694	584.7701496352169	-1841.7308087788363	1051.9395484208346	-937.1537729682437	2.7276456684007155
?	96.04866643671399	94.71216775412961	68.08131906023681	46.980960547659144	501.4543128124892	359.7626435359588	1190.2197048964215	14166.655595542707	3.2325108967030767
?	89.93915030285743	62.761043751718766	67.2001047148224	125.37607958456861	602.7582818120147	-1557.0364503109156	1760.2723281979675	10402.71160791367	5.554664484998123
?	99.18671862429991	-50.81474815424503	74.35012303946522	96.49787594400641	423.6024902969437	1841.9127364322046	1710.3552852921032	-956.7184717762791	8.477087217017306
?	87.39841289514519	-2003.7343724860054	72.0249985120227	-89.83085704747342	694.8539186336246	8093.056272708445	1712.4364046091537	281.1666898175928	2.2638461060052824
?	-1	659.6341320445437	69.85858018709156	-65.3967378568401	828.2553039323645	-953.3684254956086	1724.4136197829828	-3257.5986862010336	-2.1651238775915416
?	120.38011949737225	2173.62148203616	68.75516161918071	128.01425209033158	647.1854973588444	-6497.080411317331	1549.5564702991026	-3571.1359031723796	-0.8511982457851264
?	107.68107410180762	-475.13612437879317	76.25929279160812	-92.93818304174754	503.4012833664992	-3560.366731129052	1545.8568246243644	-3188.413109122023	8.011372058781388
?	96.62331327843268	-7.2447512749738765	64.10825246709335	-205.25419222136253	469.1671608023924	-1856.3880367903923	1390.135814843002	2687.5715095999253	5.812911180808655
?	107.31883653805893	54.06365364759997	65.99658318054003	172.1933081980726	410.5818815269799	-3154.7690367829546	1680.2354001043602	3286.613779552329	4.2391991408903
?	99.32649596081267	-282.17565689638053	72.71791787699695	137.36289900504764	311.42870896324524	-214.97295829909453	1554.4665038206178	-5210.088626549546	6.508213590165399
?	93.21005369323996	-250.79481223901868	72.86472813079239	-52.87934442857211	399.8332336120252	1297.8450277414004	1419.7309687768839	2226.55567538486	12.11303384221463
?	86.78675534886177	61.12421644831294	70.07395065556835	27.03344309765991	376.32096035031503	180.54934025740815	1665.7942875898605	5268.888217093437	2.5287751286537428
?	96.26626451565559	174.98903252780997	74.21640028567538	85.17929630452302	408.86070062489557	3549.1583998564147	1683.1753796315547	1341.2871685449547	6.461282268023751
?	95.53620697525224	560.0905407736909	74.33291547079449	-2.9547226284438572	553.7788803431351	7666.858504445847	1732.858646017108	2716.9436470517626	4.0629854993993755
?	124.27079155434004	307.5027165747954	74.06866415425319	82.91925456767162	792.2036258471866	49.78170614537493	1819.0225619841424	-5437.44883144163	-1.6860460369774182
?	110.91134280399196	-459.7389969924549	78.47887819917806	-190.06107906475802	556.2679656504039	-7008.6090246189815	1460.9862044450274	-11146.40205655642	3.43549520889117
?	101.28384170471737	-2238.226856079847	64.56561020101532	-409.76551926487593	441.77317461623875	-4298.8564089307565	1261.7024591563234	-968.9979587950063	7.4743874170746505
?	-1	-74.33409484843791	57.99060223593433	93.47359548338038	341.32514520386684	-1370.1241322232308	1412.5363065052773	-2679.656143108073	6.90024189814964
?	97.56713696229549	1828.2021187945795	69.23928997518432	104.34353898726394	373.26696800507744	-1336.1286742376094	1127.7196520009202	693.9265680397446	3.893591220395245
?	90.41010593972865	19.563237392490365	63.20777918529751	51.5270139496143	274.5187114919866	-285.7805708343061	1447.2326349072644	13270.80560728503	5.7878446160037
?	98.54529883192001	145.17334256984918	71.81564067266503	98.45615012479023	358.9779394633622	15.62398403630601	1791.2599323651693	2083.770275658624	8.63024671245744
?	97.66877306822109	55.921117979646255	68.130586691537	6.217301304839702	275.2999106938019	-2568.218529235953	1551.4211486901952	-3610.5274599477107	6.205735319345584
?	101.34135473090231	38.31439882826444	72.12650573790701	186.19814588520094	230.567013001565	-167.84244295176964	1610.7335593677844	5539.750678498132	6.989386103289438
?	99.5844930096343	-215.96612056321098	77.44049398579702	-32.47794683714841	266.90778854621345	487.80017035479943	1828.4086826151008	729.0223326505137	11.415365339143978
?	90.5430487027418	-430.43349580407903	70.5026083960496	-255.99652479656675	254.95702151930487	1699.1415394949802	1647.18467600031	-5117.084306107749	6.957174647662431
?	78.06281821943043	-1830.8609740548425	64.64066774596873	-158.54272124448698	351.86486552096216	2720.213541587047	1572.5544673097143	-2610.72913158755	8.09291324909731
?	-1	-1581.2563643886142	62.575472333825275	-50.87982073153302	390.96769859865674	682.7856800499536	1516.648219420933	-853.7184734519937	-1
?	-1	1560.2654821065694	62.096676709392085	58.72609664884428	386.0041495234597	-570.6491307938879	1529.8685436371147	1345.9815653305443	-1
?	77.0132741053282	1560.2654821065694	65.51177716626748	68.65487083084328	362.43524205896244	11023.394483281607	1583.94729768746	7735.234751411704	-1
?	77.0132741053282	-1560.2654821065694	65.52942025093424	42.34677227392198	937.1738736875382	6292.529847398307	1916.6302812076985	2893.333983801364	-1
?	-1	-1560.2654821065694	67.62911577996357	41.73720148769619	677.0617344288767	867.7689114561653	1728.6139968775276	653.1349936400216	-1
?	-1	0	67.61628032531904	-37.24383254098071	980.5623192603463	1717.0308649554356	1949.2870308896995	2010.9108390852432	-1
?	-1	0	65.76692415291454	-74.79676686643329	762.9132776766481	-11043.48200624089	1829.1595388317894	-4400.987207343553	3.741540746058581
?	-1	0	63.87644198199739	-5.993395220191097	428.38821894830363	-7108.3742080281845	1729.2376705225226	-3942.360025881408	11.76071437717269
?	-1	0	65.46725439190499	76.17248216351128	407.4945672752402	610.1909618716194	1632.0415375377197	-1250.0766448359946	5.870422866183283
?	-1	0	67.68506609017294	85.32355598402377	458.8977670418845	5796.620774445956	1666.7338382807231	3693.384846147064	14.36885551945349
?	-1	0	69.73343219110616	7.592968550483219	697.325605997537	-361.6053019650771	1816.7107798450722	-2417.5666461671967	8.784723446572464
?	-1	0	68.0647145176971	-44.76557866950729	440.8175019436307	-1425.578091664352	1545.8555059723637	-3781.173275473834	5.479775116575047
?	-1	11409.264301576977	67.4951532576308	37.1872172935123	626.0467014143196	2355.8329778180614	1627.6521160713812	-157.5941007628859	-1
?	569.4632150788468	1703.0329159067298	69.9240753823727	102.94516081638713	558.6091508345334	-3952.650731237749	1537.9758009342195	-2019.2185272590386	1.2990209053397859
?	84.1516457953362	-11409.264301576977	72.64241129845014	37.15204347936733	428.41416485243286	1070.2462017149735	1526.6911897084296	-1970.580426004856	2.9523444182587855
?	-1	-1703.0329159067298	71.78167755634107	-23.446885078449295	612.1214609202818	6161.356847086531	1439.446779633977	1313.7542854434016	0.3741903219646675
?	-1	2362.855925528082	71.47006704452768	137.5315180509326	736.4820072067583	-3005.39218739831	1592.3789039805995	-3996.7749722399417	-0.9719109560501504
?	117.14279627640369	2268.460383903411	78.65825345888767	18.43597240421679	461.85185155036686	-7945.920428732397	1239.6080310219807	1179.8578701313086	1.5106506351567373
?	112.42301919517016	-7.15908253072885	72.39186566473852	-78.81877889635007	339.1859857701399	-3637.4026098966388	1651.3717974871647	16460.740903332287	4.741774158142663
?	116.78484214986725	76.93421404362509	74.71731451407018	34.15318226936291	279.98172105553556	-963.6509219200013	2062.645076188592	5724.249439040729	12.164943197058356
?	116.2697298973514	-163.92956161716938	74.09952477820666	-47.5434399357606	291.00343967414	743.2380218068992	1937.5842694392002	-8786.442743670405	15.011365728414333
?	108.5883640690088	-156.17909209639237	72.34014251728216	-13.473165142257008	317.1436221458804	-778.0084181643081	1623.3229390050735	-11797.734135485827	8.889027672887677
?	108.4607752925318	26.969699191268244	73.42586652109381	57.81499466420647	252.10301876592473	3909.922552084593	1347.697562664911	-2286.7461516339463	13.044764070324291
?	109.93684902857221	12.324657516090314	75.23089225049247	-43.29054061448646	512.6397497501093	6526.290831641689	1508.9856314233766	5677.143221515441	6.435370687228039
?	109.07700816833632	124.30683820723418	71.2613394903695	-89.31284305014688	578.417560348008	-835.3566859436087	1631.554723740682	2799.2853450006996	13.590080297084342
?	116.1521909389339	180.30064949507855	70.76525009798515	-37.20637152754974	470.87191545292904	-5663.057197702231	1648.949898673411	-1827.946212811987	10.283586612357698
?	118.09204064309021	-347.6100362097308	69.40102091399201	-23.821645029455652	295.26470046289745	-1688.0411279145292	1540.157413100083	-143.502359796426	13.612467229951486
?	98.77168912844742	-2381.8408128618125	69.57416784651237	-186.60021845898933	386.4698590572029	5108.0313203304595	1641.7747806835898	2841.244899381314	9.270220337459223
?	-1	379.6619948490413	60.07100999104258	8.30968300389148	550.6662664794195	767.4069248598134	1682.2196580691482	2153.4777648295435	-1
?	117.75478887089942	2072.855744321899	69.98965199670694	303.69914773364235	424.8402053001934	-5296.370501020249	1749.4486689250666	-950.7418628290532	5.611654299371514
?	102.64278721609458	-518.1589914061907	75.25596737772465	8.40022362223212	285.84774142840797	1403.533524771414	1634.6825649276957	-1562.02963335818	12.8609833966162
?	91.84683930058998	-2072.855744321899	70.40966317781854	-58.12570647870778	495.01688153876387	13519.699904924466	1671.3471872571579	2622.9581669322533	6.825293002601856
?	-1	560.3359460053019	72.34968205378927	51.31666767650093	961.8327366746289	1129.7740252268677	1765.830473274308	-7160.788427588598	-1.2819357839394248
?	119.86363660085497	2349.9265779554476	72.97549656164358	94.93195470244677	551.505582800107	-10890.348617688123	1313.3077658777293	-14829.92748872245	6.59462152770906
?	116.49632889777196	-142.50164759817204	77.09627978891159	-32.95075198471335	417.31530579022467	-3176.523195439373	1024.334098838188	-47.22833146357533	15.940361149867849
?	112.7385542209464	-20.48541881999803	71.32795896240792	-252.0132164927643	392.67942302813896	-751.4481390609482	1310.9463493045505	10892.461222034943	11.440490399204064
?	115.47205795677206	229.8450638835308	64.49561896427342	-125.4049868362175	379.7428988371774	-2619.6653573403637	1568.9571599399333	3445.1107861896694	4.795177710076104
?	124.2308074151229	-393.8203417040347	65.05770962059707	175.345559967569	261.6961551611212	1949.0037142996948	1483.2018886140334	236.38586295099316	1.8991399032769651
?	95.7810408715704	-679.2197386405438	73.26289696265184	120.34112849279538	477.1930845521618	4526.532871260904	1580.7764530874829	1564.8079466334511	4.248626612865575
?	90.26982048309583	56.11965649917627	71.07476604523681	-20.546594234520587	488.0227987241656	-1648.2940891478884	1561.4422859457056	-3309.3578768379375	6.144973795943075
?	98.5870236965292	283.33540231906585	72.23556725092581	76.6118829052567	394.77838009476767	369.4686762566541	1415.3085592455866	-7820.524935065588	8.596191978389333
?	104.43659059904907	88.9611983738931	74.90536019049964	-4.335036116787038	506.49623253699826	-2255.4374134886257	1170.4160391924277	-5076.5452538800355	8.736532275469903
?	103.03508361522384	-92.23702829316896	72.01881544508646	-33.345241559037056	282.0065094203368	-2750.412962259741	1161.4812965515857	5147.949302578713	11.364497566602918
?	99.82473918439064	-219.37440403866296	73.23809811254779	35.3303121100039	368.9755844240117	4763.985178112952	1427.8135043213624	9550.121047825185	8.024911416826079
?	92.06636341329073	-184.48918241517086	73.78533105058665	-117.19380455503581	520.2057683259835	1269.6196970288702	1638.9873489428433	3671.0534850811787	12.693490317783878
?	90.60028006363213	-1861.3272682658212	67.37840788479602	-325.3360254778906	432.45656927545497	-610.7486192738371	1611.3661785754207	-1460.9855821804474	3.660282689011479
?	-1	401.71949925218826	57.518529776692176	113.55915469269218	489.66833736229177	3306.416404565876	1565.9380698338211	-3313.648522770475	13.147071971396562
?	110.68625502624147	2065.714796394074	73.05636561943061	116.74283463182589	597.7773895037482	573.4833115710976	1445.6837524368975	-3863.9445726269514	2.925952293651169
?	102.28573981970332	-0.5117602425985997	63.35567150828345	-113.34656581964236	518.3425029408465	275.0640061507498	1372.7408412024743	-1810.4997277614957	1.1935118679879984
?	110.66066701411154	-8.51087656238437	67.38903732844851	203.56557065971415	611.5305898112856	-1119.2394453687875	1355.158766048823	-4384.9475147831045	1.6282410195850432
?	101.8601959915841	-2233.2133402822387	73.53395004126912	18.5087697148959	462.38053067240736	8700.578720854172	1153.4934654633198	6301.460476128568	5.708347691864498
?	-1	-2057.2039198316893	68.3144758141933	-141.8412076532058	1046.5595258539927	13163.715352174333	1670.2317898552503	8579.442561673272	-1.9512778415865326
?	-1	2014.184611685133	66.44188965860886	24.747127502591386	1120.5662982811216	-13027.355469567452	1582.4655935469818	-12490.786011946215	-0.4366108395171371
?	99.70923058425629	1803.1382406719679	69.55183218932287	98.8332801271131	395.19175237562234	-15149.128970337988	1045.6924892579418	-9840.15468749323	3.8978456726707718
?	89.15691203359808	-275.44029284310636	71.3835536649645	-18.255331883478966	363.109849764225	1386.4393856621807	1090.457859172322	9491.919948409566	11.54842892356859
?	85.93721594210102	-1803.1382406719679	68.63906559514892	-69.61915760392596	464.51372165873113	1643.1981629657414	1520.2884866784184	5103.442707139711	6.05258022505909
?	-1	9919.423179124939	67.90259578476821	-17.310039683771723	445.26975791251175	1703.8101627007488	1345.6299945293067	-3883.171999069882	-6.824713223563999
?	581.9083748983462	0	67.77356361096034	7.235680929160279	549.7042297937683	2268.1734157448195	1326.129886724925	2231.2147525030364	5.968225904897853
?	-1	-11658.167497966966	68.26437983122622	81.24868288502057	558.6784286997523	-3062.184944514493	1457.1907321544581	982.004367019871	0.20615927147951618
?	-1	0	71.83599775521135	54.2364855567782	396.59498256804414	737.8773905575944	1375.2301050759183	-1203.4563446471973	-4.351118749028361
?	-1	2317.5110401951083	70.97620410906512	85.8550150743608	595.5722982276319	-966.5568936030445	1397.0179149220985	-2719.504741039878	-0.9141268686705029
?	114.875552009755	2137.403197912477	76.12874850892938	91.33258712273577	348.2671378878921	-3761.2145516799897	1239.254868023925	557.5461720693075	4.782581017108044
?	105.87015989562347	-2317.5110401951083	75.5428334652019	-16.921027497689412	407.5115706436331	8415.039935702489	1424.8952235255638	6678.581942812549	2.6590295663765517
?	-1	-2137.4031979124393	75.28269713404491	-6.594650735484228	769.0191346730151	2063.3249988121115	1573.1839651645512	4365.444358017068	-3.7480534697120746
?	-1	0	75.21310092842768	-48.08985434185803	510.6778205842401	-5273.400639335151	1643.1674414264203	1692.8214047725246	-1.309239207701442
?	-1	0	72.87820441695197	-210.69688923028494	505.34910270625375	4380.551546327159	1657.8250354031786	-1314.6781256670324	1.4863279956405344
?	-1	0	64.67825646691328	-174.49422101572262	729.7053979006012	3124.0615472524655	1577.4335351430677	-1510.7585193175978	-1.3035892486047769
?	-1	2796.7283590287357	64.15349336616572	243.52360077731242	661.5521800688792	-5367.83945160308	1582.2871094372977	5849.118039360618	-4.2481579729937415
?	138.83641795143876	0	76.85443650577908	143.90921918704146	461.31342532044334	-613.5342589924384	1869.8894371111028	4200.6158012189635	2.027470585208077
?	-1	-2796.7283590287357	71.3489543255179	-142.13016534348267	630.8754671192569	1220.3809252402366	1792.3178994982488	-3456.1738623297206	0.20827011974214046
?	-1	0	69.74792823860484	-105.24598426562697	522.332471582456	-6254.132766796066	1697.0807439946143	-3788.171184120016	-2.931058521019065
?	-1	0	66.08665511223647	-12.04656641699654	318.16882877944914	-3103.054544278347	1602.9093402922454	-1856.4672384825108	1.9118784740521495
?	-1	0	69.145599917755	31.247826633219926	367.1797443685365	761.7303767619222	1604.2573820704874	150.99879100871718	-1.7229981559792833
?	-1	0	67.64904644389749	-50.06130099188496	356.2553476175458	1075.4008966658212	1610.4592798426813	586.3741785652163	2.480150473964449
?	-1	0	66.64253486816072	-23.30910148851525	420.9497892018283	7629.257811760527	1633.5760909987487	1151.5208500315493	3.42591774236737
?	-1	0	66.48359136947171	-30.23905828593612	737.7182382055776	18461.331107406804	1668.0353223442596	14175.927670680607	3.2670277498762483
?	-1	0	65.1305819538639	-133.81870209005564	1344.0163445721817	-6445.5748426983255	2342.372474532789	-3190.1331114799905	13.136368810293664
?	-1	0	59.792656264968834	13.377469411143844	415.43949607065673	-17436.078124181997	1508.5286667702578	-15038.638760493832	-1
?	-1	0	65.7994554244211	51.72599007295401	472.21243836306934	4180.551411612042	1590.4405365080868	1954.73559042417	1.734838666585195
?	-1	0	62.37895576861657	-17.06169911948568	624.4670666512618	18851.25794937348	1606.2654462914677	11923.966643091879	-1.1662396360446787
?	-1	0	64.9463704684468	241.96299962484585	1414.7753358317568	345.04225188561315	2186.638868662689	2892.6646279150646	-1
?	-1	0	74.47710574985904	118.80277334320455	641.7191792455427	-18972.402489590397	1750.898677687223	-13280.11884987746	3.916336239889751
?	-1	0	70.88650913560711	-192.63179985036328	466.1552113522235	2360.716901475942	1522.6329261688068	-526.7454415734453	-1.752068826473865
?	-1	0	64.84551575734074	-18.755572638601468	759.7550243193415	4117.237704975131	1724.5614056085503	3928.006592565292	-1
?	-1	0	69.94873050367703	139.08703961777775	672.017096600983	-4898.744636930899	1719.0332557970742	265.67667513570166	-0.42002972242107944
?	-1	0	71.79986773822972	6.676906866004136	514.817792472793	8478.646646788573	1737.8452393653356	7154.376191114396	-0.4502056153796797
?	-1	2780.6890556997646	70.28257584697724	90.19433680159679	1095.9494289404176	887.728942918585	2076.752065352799	1290.77651945106	0.8763874276135852
?	138.0344527849902	2781.889694826658	76.30958457830963	80.78666618031717	559.2042396187229	-15408.901387838509	1802.3840653378895	-4762.517359992299	1.95567878549347
?	138.09448474133487	-2780.6890556997646	74.32190915599315	-23.022973805440145	325.5043595484812	-3693.8815588594252	1838.6261973531807	2714.5475354825408	0.24554255866242097
?	-1	5404.033736919917	75.1584358880376	30.90589339540385	374.51016167574903	1580.492554339635	1938.1114421120185	-653.9807716042558	2.853465549507866
?	408.2961715873346	8882.14958586277	75.86720382576337	-49.51302937203267	404.5289872654641	1888.5931696364655	1805.9271587729675	-9549.120676875924	3.7286858420485354
?	443.10747929314476	1676.0651186436814	72.68278441943593	-49.49340228740639	468.93982015757365	18580.816498706303	1460.6554082682155	11143.163538093368	6.334003235374205
?	492.09942751951985	-8882.14958586277	73.39253371139301	7.706336825625788	1333.5698122007925	24481.70407271157	2363.085335677644	14647.871632092103	7.0788019051220985
?	-1	-9861.988550390257	73.06810126071723	11.179094955358108	1693.0250237931696	2802.635409223968	2193.048989872831	-3504.3977472618235	-0.25014677563488374
?	-1	0	73.95148845916093	-41.97743614749638	1473.701582661993	-5860.8104687642735	2187.86544831455	-465.14113281399	-1
?	-1	10425.87039614947	70.96922945334238	-43.036003686564996	1399.9845003549517	-12298.762060783654	2169.791933232131	-13525.986367754234	6.734603805503707
?	520.293519807481	10116.339496456574	71.79968827483265	48.79003306773613	858.7634796228015	-14843.66287259483	1511.5661299268288	-16236.522373161926	8.22170136266602
?	504.8169748228359	-10425.87039614947	73.40873110672922	-38.12840810356906	657.8013567251996	-7910.22088572755	1357.9658145740234	-365.99052762150615	2.6748613924238382
?	-1	-7529.466528836897	69.89326786965417	-33.35325688532871	463.25243533641833	-3212.6328689220677	1493.2666035457532	7547.2313256644675	-2.4212565823760084
?	128.3436483809857	2762.1395054530876	71.74106826246276	149.66690159970383	497.16971327909397	-1327.3157157874873	1735.3273808572521	-6870.527054820703	2.24863534251768
?	137.10697527265634	-62.378452422610984	77.37661294963947	13.059555968477056	396.886649547043	-2743.6821076155315	1149.7402508047132	-17509.01605033369	7.24852887003929
?	125.22472575985512	-2762.1395054530876	72.39404606088662	-130.26739285037806	359.98560789831544	-731.0288570162765	859.8765783405553	-125.32502462259622	-0.26015908891503037
?	-1	-2504.494515197067	70.86324330712047	-1447.8809212177118	360.3352066962287	-7199.712157966206	1143.4739995735833	-17197.53156681086	-0.9598390184789856
