rowLabel	avP	dP	avI	dI	f1	dF1	f2	dF2	h
?	162.31834484405874	3083.251522122424	76.43955801932749	1498.3120513999465	512.2061725955509	9200.367615893823	1425.0117445309484	27727.184518593534	11.549375070541197
?	154.1625761061212	-255.06202665523745	74.91560256999733	-5.857436933373492	460.0183807946912	350.205302497252	1386.3592259296768	-671.1690606918046	7.62094502615327
?	149.56524351129687	-35.03161948447483	76.14668617265882	-91.79411364727625	529.7164377204135	-2334.2914883100016	1391.4532914963581	714.7210105867905	12.671039496856588
?	152.41099513189747	74.8967107622491	70.32589688763352	-34.127604341259435	343.3038063791911	-1669.7840976479079	1422.0952764590163	5825.938300546173	9.96441393316554
?	153.31007904940932	-152.09390732163288	74.44030595559585	0.17168392258497536	446.22723283801815	4342.186130964855	1682.7502065236667	-170.4174937699918	14.06306250052316
?	144.80629976581582	-100.8381524555131	70.33448108376277	-9.658490256650511	560.4131129274338	1363.8694485174985	1413.5744017705167	-10784.74769220942	2.748607737901743
?	148.26817142663367	8.215509145183548	73.95738144276332	114.83230397435537	514.4207052638931	264.68941474948	1143.512821913196	-12354.540982534216	6.678689543308143
?	145.217075223075	-213.93878369261932	76.07609628248054	-94.07341921211783	573.6475836649078	-4017.655191933638	795.8473526438061	-2668.053829054193	19.35885746481917
?	137.5712322420027	-277.4369821689772	69.25371048215743	-91.4795895283453	313.5379456672112	-4591.101161205139	1010.1101304604863	8843.248557501449	12.51524054754012
?	131.34522611462614	-282.12529739801374	71.50211680606327	115.514598957206	344.09252560465086	2331.39130150963	1238.0097805188784	4080.7241793479634	12.326060832937063
?	123.46496737210202	-365.5936165183163	75.02944043001773	4.7977255215772585	430.1075107426927	4164.256751644803	1214.1463394278844	-7742.70382010227	11.238155599750575
?	113.06554528871031	-370.26237375311945	71.74200308214213	-157.24816014463002	552.3053631868912	1318.4384783167047	850.8745895137646	-9880.233075330854	12.29130995859473
?	104.95184868444603	-274.73833113312514	67.16703242278622	-153.61967895792432	496.029434658528	-487.8381498525114	720.1346856613412	2857.6982883628507	16.828168911182498
?	99.32862873205404	-2119.036973688919	64.06101913424591	73.1210982069333	527.9134556942656	16858.611825733344	993.7595039319073	23505.726093619112	16.945805978071146
?	-1	-2006.572574641079	70.82308733313289	135.99360169423977	1338.9600259451959	15636.338882129325	1895.4209903422977	19721.757559373946	1.9137119730160421
?	-1	0	70.8606992189579	-259.1559514800955	1309.7303998007326	-13102.45761318628	1979.8473819006053	-11913.408517039505	0.09363125863874823
?	-1	0	57.8652897591281	-635.3025737735896	683.8371452858813	-11547.417807637841	1299.750564490322	-4932.447200325291	-1.7962755298787447
?	-1	3787.4383232168316	39.095570530278394	221.7785462151094	732.35950941884	-1361.0147641428023	1733.2250218843405	-7361.098684341237	-1
?	188.37191616084175	3633.838445570501	68.95421706988358	760.1420486042354	615.7864070787412	-2922.774569780674	931.6956302732598	-18856.081630953893	11.469562035937606
?	180.6919222785252	-334.49982491421554	77.1026729604902	126.68676544813894	586.2207809298062	-1057.6766860160742	790.420940336645	1985.5296790914103	22.715841053866324
?	171.646924915131	-3633.838445570501	75.28855534229052	-25.115978092722152	562.9025727779375	2301.47895283046	1030.9721142278302	15080.722960956638	13.378516558606606
?	-1	-3452.938498302617	75.84687405585409	13.643638189838883	701.2947285713293	4886.00167436884	1544.4570883844776	10664.077874083468	-2.3222786073090615
?	-1	3899.6486385065873	75.97073725178247	-112.85777265037201	807.2026564963798	165.4317822491042	1564.176007932004	2367.2899651567536	-2.6614555027196847
?	193.98243192532954	3773.2181806091935	70.20398542333548	-82.22653522560016	709.5663176837845	-7826.4418107909705	1662.8215866423154	-9766.190308599877	-1.8932686417430518
?	187.66090903045983	-48.27499055770541	71.85941049050246	177.181499118533	415.8805659568309	-5357.537521817471	1075.8664925020098	-15861.278498822001	20.180215095077326
?	191.56868239744426	99.86567752951933	79.06306037926214	200.85248340659132	441.6894415929107	3174.751856648081	869.7576617012147	91.88796435559189	16.18294053713366
?	192.6541929069358	-51.69730458124259	81.90203466083203	16.339883334982503	574.618158789235	2539.243422084005	1080.4608907197894	8670.907570755411	15.479917329346137
?	188.98381716838213	-257.53846202015416	79.88005454601127	-225.29806286056876	568.6516126971111	504.96109201115087	1303.3030402389857	8909.058144995544	22.630736551147653
?	179.77726980592809	-3799.676343367639	70.63713151780358	-194.52203087387244	599.8662133897926	3936.7568508108466	1525.913797969567	5960.003113468182	6.914072641665636
?	-1	403.25588870869603	70.15395300231764	-13.821759786749213	765.4894552376536	4294.947007786002	1601.303195912395	777.1391975172712	-3.589224134384883
?	199.9400642413629	3864.893206780073	69.94604352846612	143.30465318175004	814.6135637790929	-6480.61624641298	1564.7707578454306	1497.1033184315215	-3.344651241328335
?	192.24466033900381	-445.62794945521733	77.31918566140514	-185.61581365999	441.4586429170043	-8519.999392487836	1676.1583618339712	2005.598999061247	13.198874992334336
?	177.65866676860202	-3864.893206780073	60.66525284546661	-564.3611294720247	388.61359415470076	3882.3580937390147	1665.050707798493	-3.7747817686249583	8.818408965064762
?	-1	263.4291304307417	49.101129187803885	184.177174181802	635.5765476039552	136.76875398282039	1675.96962274554	2634.450729349794	-1
?	190.8301232901391	3711.6871524088733	69.87411155455672	479.1301913779114	395.4520318538418	-7384.78200194986	1796.7732442659828	-3082.9186608140135	11.855138380644254
?	184.58435762044382	-296.28884618583044	73.05763875669948	41.65545467857523	266.33744750646184	-2572.452242758262	1521.8236897048391	-3541.027335182586	23.311278844277417
?	176.01568098084758	-469.7210060047475	71.95688428848548	-145.58194957742458	266.82941971592857	281.7892646086225	1619.7218775068534	4574.516148151784	24.255771105381857
?	161.09830732020643	23.321694767425335	65.77854127782824	10.07086733756096	280.426910736893	719.9101084090312	1750.5494971124285	6276.3905307549785	13.51182077054886
?	177.18176571921884	51.287882097931245	72.46042765536353	-154.92140635647146	302.82492513638016	279.53086235625597	1933.5414040446026	1910.1738392193677	13.34581272196101
?	163.662701425103	-3563.6353143843894	58.03247096000466	-426.2205496353324	294.4034538547058	11703.214109769466	1846.058189073397	-3480.745353438045	10.261958668920563
?	-1	-3293.2540285020714	51.14940017359699	-163.33561587824548	887.9856306248513	9915.396108220475	1759.504136372701	-3789.5528465121697	-1
?	-1	3546.0231749649793	49.86569016609241	500.25392482751846	790.1732592657278	-10249.168919006102	1656.5805467477892	-15147.793167207214	-1
?	176.30115874824833	3326.6591743655613	76.16209641497282	580.2352859957891	375.5271846745481	-7544.755666882448	1002.1144780123429	-14669.091962966635	13.75082518680395
?	165.33295871827747	-550.277550182337	78.87745446588177	69.48397722529047	412.9354759216067	3860.7768371724333	923.12594859946	1966.332762394434	18.357456560597534
?	148.78728123913157	-627.0748801365409	79.63629527623733	-5.391286368330006	568.5660265331691	4192.580887292279	1100.4311161320643	3913.8889717459397	11.742843330183986
?	133.97921471145054	-486.99383102416476	78.60789014746527	-335.9320615565219	622.5645202862199	2835.350145725998	1118.8203971867563	2878.0065536344828	11.802826708455274
?	124.43758968792342	-2699.5842942290205	62.8396921984113	-684.5435853844446	710.3335338194685	701.3809281768433	1244.331443813788	2252.5662271559613	3.0330139855183154
?	-1	362.1186191033961	44.380710878243164	-6.479429974404832	657.633566695062	-3918.503393431295	1231.448708544554	-1225.1278074602349	-1
?	142.54352064309316	2714.087364466012	62.51572069969106	534.8002802229387	514.4083641479044	-4602.775081088824	1183.0750534407764	-7530.5574917598	8.222247894472812
?	134.70436822330012	-190.70202262842838	71.12072488939	240.05006552594438	427.4948126406216	-2232.381352085748	854.9208339565653	2182.317000533602	16.284873146518493
?	133.00841951167178	-162.2726634535539	74.51822397598824	12.981364979411627	402.7892965436174	-403.4759560533874	1292.190903467456	7921.586507331218	7.587469479223271
?	126.59073505062246	-2680.168390233445	71.76979313836058	-426.91498140961863	407.3210148379523	112.12792583347817	1251.0001593231248	1060.140109131907	13.148693904001693
?	-1	209.76795299609978	53.17247490550738	83.28160193143135	408.3956928352913	3077.9099048773523	1345.1979089240513	1574.9256731921662	-1
?	137.0791327004274	2644.212875982444	75.93387323493214	184.19323984103082	561.2165100818194	1093.982782034797	1329.7464429827328	644.6024245171179	8.757605920956566
?	131.21064379912173	-2761.582654008558	62.38213689755889	-421.7141799195067	463.09483193703096	2422.943711646994	1377.428030149907	7213.296362845015	8.091316137698767
?	-1	745.398214296105	54.848164238956876	-22.730764730469783	682.3636956641686	1913.9885417751714	1690.4112611249823	-382.1946040738808	-1
?	168.48055451392685	3362.9108137188723	61.2455986610354	364.0255842935363	558.7942590257892	-4918.431991216207	1358.318299946213	-13905.727699012361	7.700545057977536
?	167.14554068594302	-271.1220827611963	73.04944345363363	141.77098784838586	436.4420961033591	-6167.484383432883	995.1248761743667	1720.9014224652417	15.41026316521626
?	154.92445037586708	-448.8945101295035	68.33414805345467	-133.70760058533298	250.4200398541461	-807.7123609297024	1444.3633710694749	11126.956331005164	19.458601790217312
?	144.70081517946792	-333.5455188133	66.364063424367	-18.58332183916225	396.05647805687414	12981.192657674632	1551.472692724623	5284.053178815876	9.58286456030108
?	138.24717443520214	-2914.016303589369	67.40498196149656	100.39836739357135	899.4796727378754	12934.449236541855	1708.5660300102677	3725.7097598631112	-1.2937806347525966
?	-1	511.4825184185737	71.38398179404555	30.940772335366486	1042.7789398839645	-2532.2854271674964	1737.7581807177778	2278.4936416065775	-1.4329244478196923
?	163.82130035613073	3141.5094003827203	68.95202057826488	25.50670409164676	772.865401379501	-14352.794004575659	1822.4907120905962	4273.118017318563	1.2190957700452068
?	156.07547001913545	-400.6003603006465	72.65931699862789	15.31629800885929	325.13923965518416	-9415.98580199519	1951.4140815837052	2199.5903495058187	15.041928389845046
?	143.79128234109848	-412.17539995894845	69.71783547870784	-144.3281875583147	302.0661112797432	8606.651502701558	1932.4702295658867	-3510.753813023119	17.010481958809198
?	135.4667000211881	-2895.8256468219797	65.44290762071218	-110.02849239854254	755.4718147902605	11762.081700852013	1775.8763909325498	-3311.3737368267157	1.1985330117493793
?	-1	-2729.3340004237716	64.21641085878073	25.053657178378987	890.1701963223419	1443.2108704425953	1766.9015427245515	440.545921147356	-2.6911278396153904
?	-1	2969.183559480704	66.69559047963112	102.91853355630431	827.63235831239	-11207.978751420482	1797.9036869899176	1642.483517214488	-1.5689506687563028
?	147.45917797403467	2771.9596810301723	69.36233753659593	120.94924587761668	329.77125875131986	-8975.3833261786	1849.0257185852756	2921.232343492658	13.048957052147632
?	137.59798405150812	-406.72826019498416	72.74305277351193	57.37350357203773	378.8631920034616	1389.569624992236	1943.96530416455	685.9044282657966	15.939748275178257
?	127.12276496428554	-433.0425846555512	72.2310127151978	-61.952629623419504	399.2497400009314	968.2551304941944	1883.3209399985653	-2929.012201785314	15.970618342033955
?	115.94585481873064	-493.22934281178254	69.64542129234097	-163.7452159682968	427.27594852817117	220.08142748246053	1797.5146940752848	-536.2900839514097	13.48202105517054
?	102.4612978236965	-406.43984268632806	64.043751916783	-224.38434329721952	410.2538113750544	171.46781358897388	1856.506435800995	-528.518552027219	10.901826274223392
?	95.6238626844143	-130.0347033881106	58.426204127480034	-154.1537845009422	435.84933920761983	2111.793823877411	1771.088766473924	-5844.997886625454	-1
?	95.95956265429099	-1932.4772536882929	56.33606269173591	-256.4714457127084	515.8435025689246	12399.546471749958	1564.2565414697233	-5244.067282427313	-1
?	-1	-1939.1912530858267	45.60263184184466	-235.62874552897182	1055.8266627951155	7271.682812061964	1508.8854023525591	-1453.7850672276325	-1
?	-1	0	44.55462541528736	-61.94040978739516	879.4276431720215	-12717.974405448378	1491.567288108342	-6489.390086221451	-1
?	-1	0	42.505611352474915	-267.6090658213837	419.9279425226988	-5113.155163741778	1184.4158980414877	-307.31496109601375	-1
?	-1	3032.3399585949983	31.174172124218224	283.5057094951304	623.7698849849335	255.99717973619	1476.2015400535413	-1790.6328186779247	-1
?	150.61699792974937	2761.970262448523	56.680896827231386	840.1586589832929	432.72780150950825	-4857.217899962566	1094.8842571075918	-14763.113632149081	8.97366277524959
?	137.09851312242566	-242.19269426392572	73.18210507338272	286.9431928199262	380.90898998680603	-1653.8955048402513	738.0458584460898	1745.814716241436	12.466054891630012
?	138.50736321655313	73.62079547349677	71.02805646822765	102.6275059316354	350.033026267496	3663.313852495435	1182.1749929196633	4155.442009944599	16.823427668501505
?	140.77955289610048	-120.91858026300073	78.31348036996447	21.970849125851622	564.0746826115772	1533.5982424441588	945.817958943319	5871.881822130229	9.060979183863596
?	132.46143420340312	-247.70069586148654	72.12659892452022	-88.43720939595417	426.71293838970365	-3568.0004808161507	1475.7690840261737	13569.290357831966	8.189529827889626
?	128.3945181030262	-225.9358585520905	73.89161990016677	-58.14152317875162	385.67465857077025	-1758.8646448957927	1624.2824768349149	3375.3802231829995	12.41274722105619
?	121.16464127579863	-66.22053255508543	69.21952276558265	-15.408935677620319	338.7697061449143	108.62000886268486	1644.538095185323	1293.1483084379215	10.326086200899672
?	125.08349147527194	-118.17628193121251	73.12117311628576	-4.912297681228228	391.10565901390447	3214.5774294123	1688.9398922568107	698.0194513389895	14.659054332678457
?	115.25582717923803	-2521.669829505448	68.97390788152124	27.64592451032523	499.49857761552875	4303.515184846031	1679.4390677522724	100.61168277812193	8.173384155726215
?	-1	1364.5364185360413	74.50346934180202	50.1829618114731	606.2814182562053	6141.619414791328	1693.9704763957168	-2314.5203832544566	0.709246101689623
?	183.48264810603985	3661.02883960734	71.48305597209489	-4.637090851136082	806.5795483550941	-2054.2724852957344	1563.71304858955	-13813.627512798186	0.14801975185887173
?	182.05144198036635	-47.10048873477962	74.27161479924521	65.2318298209118	503.5677939914189	-6429.891892026595	1003.28910075581	-12849.182766857322	14.434670182332045
?	181.12762366930087	-243.44916067873413	74.74464746314047	-81.79871604494963	485.08495375376543	-3308.4573850535517	921.2539102466861	2680.1929456411954	19.39588506721427
?	169.87898394642968	-228.11426736186402	70.18167899699775	-42.74795071385356	338.1449247387419	-255.39731553017623	1137.2987480378692	12688.15691896202	16.537714288003656
?	169.7219103012077	-74.89744276416586	72.6072499274478	-4.518070008980162	472.31508797725667	466.4452738848552	1555.6617561947849	12452.197447497745	12.652078813047599
?	166.1341118082214	-151.39930610896383	69.95577549654874	39.97356719472762	361.4671884329846	-0.03290160940991894	1759.9086204127543	-1273.1533961746572	9.602875435052855
?	162.15194499575955	-216.22047343379526	74.60592828718417	100.87850314086161	472.31344289678617	2704.702192409414	1492.0040863860522	-6712.824264494567	11.010750161815254
?	155.32308813653168	-219.91356057615482	74.9997006535918	-36.13674693570415	496.7022980534548	-1195.5079858052975	1424.2674071880272	2013.0687403168647	17.522178842490398
?	151.15626696695185	-171.78734554651956	72.79909094039897	-24.165421105643446	412.5380436065215	-1391.0025940168844	1592.657523401895	3584.620611995032	19.21475862558896
?	146.73372085920573	-292.54460703461564	73.79142959830963	-392.93044039343414	427.15216835261083	2959.855674218598	1603.4984377877781	1592.3329722245956	16.06122044354999
?	136.52903661522112	135.76075538841783	53.15256892072733	-245.68884052920285	560.5308273174509	2515.0278800198384	1672.2741720131246	702.2986908839382	-1
?	153.5217586286266	142.15889622262233	61.506987571849535	367.4286070969204	552.9035623536023	-2947.210098533001	1638.613372331975	-3359.048450634753	6.542993422925805
?	143.6369814263522	-3090.435172572543	71.52399927557329	-325.86141643188444	413.17032239080135	-3457.127197531745	1504.3217494813875	-2279.8909494433374	10.22913277367932
?	-1	213.37799736094232	45.21391675025537	-70.11526537422523	380.0472024770157	3214.4653868389096	1524.6188248598085	-2289.2462931397213	-1
?	154.30588129439928	2923.5731136607537	68.01823600686204	659.617457618089	573.8935917327462	5302.603390580488	1389.859434824402	-7001.255408487015	5.078700445745591
?	145.17865568303716	-353.84602073422184	78.19478963115971	43.01589835303007	645.1773720060392	-1725.5681178436514	1174.556054435459	-7061.048740789527	11.124181455765214
?	136.61358025768826	-187.4928247398163	70.16903092451354	-136.3935909157586	487.615185840564	-4498.2509948086645	1036.8069977849268	4788.916142001634	10.9178017930868
?	135.80401444604638	-202.28746792737027	71.3751100853718	-21.691293350571435	420.2648222656067	573.0879227358171	1414.0018615355398	10303.848021779668	10.851642570763609
?	126.49920686131978	-2736.080288920937	69.08446625698497	-102.17670020600971	516.2695819773547	6565.150674323724	1551.9993988739084	3860.18769011323	2.383729096240357
?	-1	158.96931156494986	66.26627507507133	17.712108293626223	748.5223559817918	-169.59678370416842	1607.0112460412006	-11987.979469418	-0.5524147199940604
?	134.44767243956724	2562.8868976578	69.97007167166628	84.07010864022426	507.78974279214634	-7807.232035886141	952.6004254030105	-7158.040303976393	10.49132831527994
?	127.14434488288956	-290.6540947512541	70.46978050708253	21.227685317783273	358.1607541874861	-657.8390734820358	1249.1092308423822	6247.619819215258	11.90049410148031
?	119.91496770200459	-400.3210644349224	71.03145593755544	-299.7584794448054	474.89778911804467	1035.3517497284988	1264.9814163637723	3828.4833196872523	14.86902958034211
?	107.1282916611435	79.69652638447599	55.481856534842315	-115.6875611803518	409.92834167391084	3021.4734829955723	1440.5333968267441	375.56755606865084	8.098998524629089
?	123.89979402122837	137.57945951574888	65.24707787853787	264.2497164720083	625.9714632678227	2747.160306384058	1283.7597941672047	-11204.422785844332	4.213119677004031
?	114.00726463693093	-352.9289890727757	68.69434235844268	-13.529693617780984	547.2863569931133	2626.1968181320576	880.3122575345295	3957.942621315206	16.912551177208023
?	106.25334456758965	-2300.1452927386267	64.57059319764882	19.260431214077652	757.2813041744251	10052.809289196339	1481.6569252329643	15307.435974199654	-0.46831471615142206
?	-1	1311.3676965681564	69.65736391914656	74.37064967662393	1049.9268214529284	2871.30871969082	1645.6840562445095	2622.723013270993	-2.118395496078188
?	171.82172939599724	3405.407777851432	68.28912568148	64.55520019844721	900.8467401589656	-11185.581623022059	1612.7930758965135	-13700.991169595407	7.567549290808876
?	169.270388892571	-313.16768917504874	72.88512392906891	16.089635479649246	490.6477403018274	-11514.92602331434	960.6344977647416	-5610.3756755061495	16.918659614621426
?	156.16334493724486	-482.27874078064417	69.09360745546246	34.83977069070006	325.1004389932507	-1060.788346957102	1332.274292121207	12396.539457763005	13.128899427349245
?	145.15645185353887	-413.201842169722	74.62711246360391	-317.629154672838	437.6083229539725	2616.914552323932	1580.4614706528896	4105.560382270238	12.900706536805242
?	135.50325282875883	-2923.129037070788	53.212149721820616	-355.91387899567763	455.94616660944683	8499.622758411511	1537.5523112347182	1127.859803832293	4.599864693333087
?	-1	134.8843906896757	56.83141851382009	314.46298178772264	862.5894608745466	2639.151943836154	1636.854460844504	-11454.303136536799	-1
?	142.2474723632426	2660.078351068094	68.93529881120669	261.58155307866474	587.9037638012541	-7733.097240871676	964.8371544078804	-12598.81608212438	10.08576602512021
?	132.00391755340422	-542.3192573185962	69.91049616775328	-286.3916716025658	475.93459883096415	-1178.9559485388618	1006.9136567382873	7008.076749286433	10.533394873238201
?	115.13150949731288	-118.4562961453743	54.615715231078454	20.929571583230956	528.9559663743112	1718.7314751326066	1315.2409918722008	-1263.0623941283784	-3.2366407588411015
?	126.08110274613553	287.53829865290146	70.95697474691482	367.79539328112253	561.8711725875942	-689.8489428928272	943.7605370318686	-8089.874428615662	9.804933062991783
?	129.5084244299579	27.45018445200297	73.00548489513452	-111.70048451586365	494.46351922966994	-5976.520275009452	910.7472704414191	8374.943225800773	15.49094653046592
?	127.45361196873567	456.99193040982146	65.37195052112166	-119.98093453529336	263.04515883712264	-2904.3357859873413	1362.5076983219058	11690.328321515333	16.745466914986284
?	152.3580209504489	1032.102674614954	67.00643816836987	148.08988366623137	349.2467299303034	535.5524694839934	1495.2636865171837	9158.7092859208	9.23211635368471
?	179.05874569948318	2248.1955801594227	72.7764447044332	37.573432332758465	289.8227823113222	169.9220157759652	1820.4431626179442	-172.42146773438952	17.31818217613669
?	264.76779995841963	3911.923410586275	68.88510978500779	-588.2053924818357	357.7428307191016	2752.292429261033	1486.6426131304643	-8752.327613136698	9.111811649907397
?	374.65491622879625	-1560.64694527657	43.36617508034152	-341.53347091622584	427.43740377437337	7649.215663686665	1382.8267819611108	-359.19616775761494	-1
?	186.7354526945914	-3670.525113923997	51.80843623919655	728.674629354469	740.2036139034335	-366.0937676266612	1468.6828047425836	-11733.741680687168	0.06310705990178026
?	191.12866053259705	-155.7754911322115	79.79990654806484	565.9641309865498	409.13271539304037	-6760.982127216883	796.1396979267545	-13885.067392299554	18.32178717282211
?	178.94667813798085	-410.52854868736154	80.10664278852394	-468.8635579102165	402.1545075425906	-847.7158870286753	774.4294351276084	3280.379728787014	21.511089401084426
?	170.60223309822905	-71.31960381936918	56.3567286525541	-615.9830227802681	366.74692104160675	3595.9346876455975	960.1586843661046	13793.026904361228	2.6434891827020888
?	175.3806979470124	-287.6921109495662	49.307491649510645	267.40939628098243	581.9512419248698	-309.1055079987438	1464.0807803456673	7889.9973126503355	-1
?	156.2176275507508	-615.2665342895289	69.72719846660317	527.3032394587248	351.2916456416696	-5808.97658816997	1354.65854999862	2618.8334136490676	8.78363909260967
?	144.61737123253607	5.138400754032678	75.67265362244679	-27.663000987512973	291.5024125163724	-237.55188043822358	1595.0224510281203	-2271.5816532795443	18.517802492329277
?	156.47454758845242	667.0454677673793	68.34404841722753	-446.95484624777595	339.4140516197585	3735.7959429358602	1241.0794673346431	-3533.9297660550246	15.91306993559988
?	177.96964462090492	593.1777579486077	53.32491131005807	35.02034752098423	478.2922096631647	2718.0535210733087	1418.3259627253697	-2586.183155198796	-1
?	186.1334354858827	414.3756860183911	70.09506579327673	554.8848201892378	475.31672767342343	-1235.7578279873665	1111.7703095747038	-13919.85521664784	9.550103825825005
?	198.6884289218244	70.36318867421156	81.06915231951986	166.0794475889273	416.5043182637966	-1894.5273905122951	722.3332018929801	-890.2723010381928	25.005681304384538
?	189.65159491959326	-395.9314006622347	78.39903817272307	-186.1351031869149	380.590358147809	-3326.7108032712076	1067.2566945227943	12179.60974951673	13.99250206234596
?	178.89185888871273	-352.02691618274866	71.76239716017415	-136.3007292329319	250.16877810023684	-2472.0915368572373	1331.3136893688145	7450.769133935236	22.301096143946555
?	172.0502491104559	-302.8574961921623	71.5840017110765	2.469614876498847	256.9857813049476	443.8035921683512	1439.7951512195548	15091.602791853678	26.08719021581276
?	163.74898407910467	-546.6760807183734	71.88587790399909	-121.87439717217913	272.3589577086543	1675.1200420316356	2085.8938289614957	5034.59331451063	19.107644889766703
?	144.71644507453732	-746.1706569046957	65.49028185246756	-212.5512129247938	340.74178340652907	9248.601814681719	1691.5248169450854	-11305.566913338665	11.956249198417744
?	126.44045123387002	-338.1981306464144	61.25831725775944	143.9187175925843	734.7890484427386	1328.5291162399633	1520.6154832945645	-15465.100710923885	-1
?	127.80653854221666	-205.66951186238373	72.68621773209675	260.4496565784867	407.168239218527	-7178.790580415199	918.2697813988939	-17419.021234861437	14.109070600134023
?	116.15697564075087	-579.8744610857833	74.28080008668373	-141.45958000034875	375.84951942197995	-829.9815287410168	649.6644215514957	-5043.631248439342	14.137611874185026
?	98.8128154879276	-551.9414311869988	65.61323873207934	-539.9629586570482	365.6691627814763	1231.5954975391353	666.0882189769277	6370.829209890141	11.24626745209254
?	88.55990408140103	-1996.256309758559	47.282652153831414	-732.3707290180727	437.4292942989365	3584.194350925726	968.2058820460017	18443.928455852954	-1
?	-1	-1791.198081628027	28.994702281175833	-462.4369478224982	544.878880327762	4697.906004913167	1588.284641769572	11944.77795335356	-1
?	-1	0	24.160804762706587	16.02010137105856	672.324594544594	5066.217153120751	1565.4447797136775	-1114.9615798423558	-1
?	-1	0	29.795707349728758	380.0270693983609	798.1897379837986	6225.945332818341	1532.5365627774545	2251.1115878389037	-1
?	-1	0	43.16215823262456	378.87007054728366	983.6218611855099	5715.008998271192	1678.0003591056222	3306.4373965067925	-1
?	-1	0	48.73921087709287	130.81581932609527	1083.9401878973572	1998.2629036741698	1697.8584326027935	1318.2121515319297	-1
?	-1	0	49.7029491989293	-113.0996072693159	1083.535006369218	-4165.172811161043	1743.9109666822185	1694.111246021986	-1
?	-1	0	43.0842305136271	-143.2271606917241	875.6815473393058	-5778.914876652557	1782.5639949038925	-557.5431555029775	-1
?	-1	0	42.541591164343	475.94712294577755	794.5892625365862	-1418.8778713137574	1716.0338089070692	-749.2498235672686	-1
?	-1	3582.5821119287302	66.88158666091631	599.5452500260363	804.7376537736169	-6175.830469159507	1745.1015037255286	-1462.1900864788197	-3.550542952927479
?	178.12910559643905	3308.245179690946	72.51885366564524	-55.96809137791615	485.7977390786064	-8042.073307698663	1642.9243045831272	-2600.9103971017107	9.428168672302816
?	164.41225898454965	69.54090487484692	64.08318209202047	-220.5927008844627	402.63398838867806	3682.6827212377393	1615.0559838704412	-296.1804344326223	11.70838822351417
?	181.60615084018144	39.362697504422506	61.48921862142195	254.3503582512282	669.931875140496	-398.5872178979844	1628.1152828614959	-1640.2629913891944	0.7671585248061003
?	166.3803938597708	-676.3490794866164	76.80070000458206	212.82209566648103	382.70462749377856	-96.00291666769044	1533.0428343009803	-248.55498542805083	11.600127934929535
?	147.78869686585014	141.98608045871052	72.13032340474615	-100.73506269014301	665.1317293071114	6971.36204934028	1615.6875335900932	-1712.254348628897	-1.5680524674573735
?	173.47969788270643	384.31304551120627	71.76394687007483	28.763581711400708	731.2727299607975	-3865.313039441638	1447.4301168695342	-18072.612274474646	-4.1160241272892275
?	167.00434914141073	-512.0010921801061	73.5685024903162	-106.70293985396872	471.8660773350268	-7228.652636250901	712.056919866348	-8188.423429627462	15.375491181948794
?	147.87964327370076	-3360.0869828281666	66.42879987737632	-439.51236614416007	369.8400981482473	3430.093838615487	1038.0089453881553	14804.63159551996	10.802945333247315
?	-1	356.48026924321135	51.59288418310789	157.38890378503018	643.3707692658036	2935.0966960634732	1452.2884996423566	13878.187571681308	2.5191153785164837
?	165.70365673586159	3285.6596464615045	74.29824506662794	446.3909073968907	516.5949329514231	-4660.613817044926	1731.9183239722306	6890.912779927859	8.294719411037127
?	163.28298232307756	36.06055087210058	73.91242955295274	-133.6953831274037	410.34007841355395	-5076.089026353583	1796.8341386387544	1923.9973224735604	12.660529810231438
?	167.50668427946664	379.4597448998374	67.61347591025766	40.819913231580344	262.7904816337403	-1025.2751684955526	1828.11819009591	1772.596784266427	15.83739104229343
?	182.2559695680697	159.32305589767338	75.95342521453179	66.33558519931674	359.0763199887756	1345.248161976115	1885.463977852077	-5612.909707432465	16.627864966914718
?	175.47283707435042	-419.25795945511567	70.93025517022355	-71.78970927605786	330.052889732547	-453.5788056897438	1547.4727047242827	-7038.223167700467	16.209256502963513
?	161.29307159531362	-383.1434252011385	72.36393975072885	3.517656636041927	336.3973797042881	-114.0504704999814	1533.5528194670487	-861.2587464323647	12.421838583023101
?	156.31566581429323	-139.2530775405831	71.10613800202565	-44.386280594644	324.35036620754784	831.1932308528703	1504.4097674026639	-1267.222170113346	13.290590225601468
?	154.33041771828437	-27.95655205491545	70.14462572099662	113.83460947989087	377.9570412469322	2163.063323725437	1470.1917109613805	264.62626610870836	8.034563719494422
?	154.91783821154743	-59.476378673091695	76.79786847602027	51.565450674890606	432.5035323938212	-1244.8887057310349	1517.6410807080995	6104.360431352889	14.168338590278495
?	151.35659878462974	44.97011500361957	72.72289825474118	-67.25775526386816	315.71260596037956	-1948.9790241101123	1775.4097325290293	7475.138644410716	14.274772874826809
?	157.16634396172844	470.05627881946634	73.43498071282681	65.74899873246997	335.0545811883142	3584.4547494711574	1891.3980129286406	-7726.013665146537	18.815212932670818
?	174.8594127256034	345.7548737457787	76.01034819136473	0.9605853999059241	494.93534343394	4993.809070472099	1389.109049271697	-17735.424497211243	14.04370928712271
?	174.45408764901762	-110.46254652379176	73.48300998282211	-64.26997672810182	584.7450347119227	4141.734521463772	1004.6267880680658	-1926.1033422871833	13.918232306706747
?	169.33628539941373	-3509.0817529803026	72.79684935495959	13.384308848358538	702.0220695071315	4360.643791998711	1292.8038821573364	11775.566716302896	5.3297229495802245
?	-1	-80.14375917850941	74.15222542524005	-17.201489471542896	802.7772243118614	-1822.1788061648126	1593.405123883219	7794.488085323344	-4.898589170260329
?	165.3290974404882	3039.6218979852374	71.93677488138243	-144.42153508747703	610.9131291988896	-8592.967521420263	1682.5282864235091	696.1377949707677	1.2516179544468322
?	150.98109489926404	-3326.581948809717	66.9311486708661	-578.1480395058313	373.1288482408421	-3477.319863573355	1628.2120136317578	-1061.8909759561561	11.706997748160802
?	-1	217.82748659137528	43.02937290609046	57.09143471906491	437.04713602021934	4297.800592535987	1629.4337376257006	-3534.719911871407	-1
?	161.87246922883295	3097.764084032448	69.78572040681938	653.8269217325701	588.0188778676445	3819.9159727765577	1451.476018038185	-6363.097458057078	5.964926929413011
?	153.8882042016246	-681.2171778735387	75.72071899271943	-261.7952612189317	628.0429346590499	-3086.772371201935	1311.2788647228422	-5227.945111580073	14.263764232338517
?	127.81161033515554	-3097.764084032448	56.69595734587261	-463.82511046723033	433.68025930754555	-416.262915077426	1190.0787624591776	2303.2502076386427	2.3986256842933535
?	-1	559.2142979808352	52.52946346935758	418.70352961009746	607.2297889051783	565.8809346324357	1426.441375104776	-6394.84051041811	-1
?	155.7723252341977	0	77.63113382637778	168.12685948505336	461.97430603916774	2198.4333734414104	870.3367369382676	-3796.93594990883	9.313932338773174
?	-1	-3135.4465046839096	60.93580644361037	-409.22920134607625	717.1514575772504	4447.65740471056	1236.5945776093317	12587.536230212672	3.981100016076078
?	-1	0	57.169673759073675	-548.039561085397	684.3571762746989	-1840.6056745342005	1499.7135484489102	3753.0505322112926	-1
?	-1	3003.6880043523997	33.53382838934012	140.73152942007852	625.1211738505391	826.4322068908879	1424.247104219899	-449.7093579723314	-1
?	149.1844002176221	2821.146394659328	64.2062502300777	856.691451974606	725.6787866192439	-780.2076061465643	1477.2280805502933	-8495.09161804191	2.3312421523894713
?	140.0573197329684	-2983.6880043523997	76.36840098807103	-1284.1250046015357	586.1107935432103	-14513.57573238467	999.4925233177975	-29544.561611005447	11.699922024802778
