rowLabel	avP	dP	avI	dI	f1	dF1	f2	dF2	h
?	152.49785624946682	2895.239392913279	73.34390638490974	1450.9860561271978	674.1273310277308	13160.452130770087	974.3824483204597	21655.471030251956	15.737125516931869
?	144.76196964566395	-215.68351513649418	72.54930280635989	-38.71384478706915	658.0226065385044	-1692.8667553019136	1082.7735515125978	5760.262863121295	12.680730200819422
?	141.7136804926421	-184.9171585478893	71.40821414555629	-99.06376162794484	589.4839932626351	-3759.134435108383	1262.3955914765245	6635.028358550651	12.467755824873972
?	135.51611171826949	-325.19479253733755	67.59611472496265	-321.7005193562466	470.0658847830852	868.9795537259922	1414.5249694401305	8307.667716237886	10.200070356993432
?	125.45394086577524	-2730.32223436539	55.32318817774396	-212.0886997837413	632.9329709489347	8054.990292109697	1677.7789772884187	7357.6021934506225	-1
?	-1	625.7428683309466	56.991679735775584	349.76515222362883	872.81539938857	-2241.112423847533	1782.4050791126615	-115.01563883858583	-1
?	156.74108428232256	3010.9986925118938	72.8114457889254	57.08841986135171	520.877349756558	-8777.804742373146	1672.0281953464894	-4702.95570472521	9.058884086168197
?	149.54993462559466	-62.01525556350704	59.84610072884317	-344.4831446751795	433.9251622699128	438.2743148755368	1547.257293876401	-1287.471687369389	6.710410584121613
?	153.6403215041472	-0.08287025613867628	55.587288555166424	289.8535953699767	542.7910655003349	398.1701288670173	1607.65461097802	3773.8793836724253	-0.7394387091172554
?	149.54579111278773	-308.0950206894267	74.338780497342	140.92646193287354	453.83366871326365	-3055.256962809121	1735.9512630600223	-140.0298740654762	8.63729390742677
?	138.23557046967588	-39.79024263315974	62.6336116518101	-4.122285973664642	390.02821735987885	-1025.6796201411557	1600.6531172747461	-274.83301151278715	1.8653044838514314
?	147.55627898112974	159.67428185355274	74.13266619865877	119.15626843704605	402.5496877062058	-808.8870537358462	1722.209612484383	-434.19488345460155	10.368528871517679
?	146.21928456235352	-34.395501381939056	68.5914250736624	-15.374796343127727	349.5838646730865	118.27040531181741	1578.943373102016	-6945.0392351783175	10.785450472510794
?	145.83650391203278	-33.16662232830535	73.36392638150238	49.61067556499127	408.4632079717967	2191.040139246101	1374.9576507254667	-13103.364053016721	10.540945245805435
?	144.56095344593825	-148.86251450316692	71.07195885191197	-76.11209011819078	459.13587163539165	1646.3373365682944	923.7751704511794	-10143.976918237076	12.486448843995493
?	138.39337818687443	85.2140740424067	69.55832187559284	42.44928175134472	490.7800748002115	782.9953514054425	867.7588048136124	4828.353252193836	10.345001081607903
?	148.8216571480586	55.75478427484763	73.19442293947921	14.073661866720487	498.2856392056638	-1523.3140166316853	1165.1928330608714	9231.971154041594	10.75918349882556
?	141.1811174006168	-130.38734489128944	70.26200496892886	-31.298528345921255	414.61437396862715	2197.8896386635565	1329.3573625156926	4433.3801767953955	8.830904315338941
?	142.3022899034941	-95.4240661740885	71.62949652218315	-134.5976351209072	608.1801211388417	-494.62537072157784	1386.8618419006414	3216.4089594016214	11.86310938079895
?	136.40991409191238	-117.06285348046565	63.5321232128835	-60.29989059006973	389.88310543254823	-2635.2994398752094	1490.1778104857738	4886.765194562083	9.793367043506837
?	136.44914722947084	31.369353691262035	68.61450199267966	67.25527258204673	476.41514914508144	240.43113622500505	1631.2001016287452	3078.0267885532403	7.204528588867373
?	137.9783817764755	100.56994436187088	66.89488684198584	-120.45006474500528	401.9046622437985	2102.5080424048715	1644.079149913436	3434.094052020188	9.707102103184903
?	141.4776444475644	-2779.5676355295072	62.591998755429394	-19.438068232139738	581.5405512653251	10618.881751153516	1802.9048042297547	7748.658254841682	6.623607007546682
?	-1	262.470322902677	65.92298343037885	187.4208938174729	932.8487498014748	-665.9210346912022	2031.5120626555204	-5482.296609086802	0.47137228313537377
?	154.60116059269825	3043.418655257733	71.96304344630305	105.85562971335396	548.244499530765	-8560.975939943592	1528.7899737754144	-19769.395265871517	3.3383265129133375
?	151.1709327628868	-73.4656361463032	71.21576491604655	-57.04834058916925	504.7999528042949	-1544.1232787955332	1043.0422993619436	-11727.388271688254	13.122721554704956
?	150.9278787853831	141.28196021494477	69.11062641684458	-114.12845855567856	471.03833559098825	-826.6793400909232	942.4205601910012	4781.42271889772	12.739008461723555
?	158.23503077363404	591.2352283502207	65.50934198826262	-173.26573899109235	463.4659857997487	-737.640785763122	1282.1134353068298	15505.013187132485	7.723558730852145
?	180.48964020289415	-337.83896797955464	60.44733946728996	109.88048356414329	434.1562963028321	1211.8256836934688	1717.6712195476262	5769.438135793324	-1
?	141.3430823746563	-1537.6821357347678	71.00336616646979	66.95724345281897	524.0572699844222	55.03642255279369	1570.5853420964963	-6504.948852494707	4.453218868910734
?	103.6055334161557	-862.3855811492772	63.79520163993091	-231.0795126820265	436.9081174304718	-2050.3030793732673	1392.4237769228905	-6358.3735082824605	5.8454478628566005
?	98.22380331719239	384.2840221804209	59.449390532368454	117.67822249156798	421.5421160157587	120.9688763393932	1252.666666682373	5976.569770326777	-1
?	122.81973452517676	760.1587937595427	69.67911276450931	170.01937074814109	442.95656124744147	429.6641271328561	1691.2522654392296	12653.193774750718	3.265807136167689
?	136.23174300516956	572.5599926078992	67.95035906977552	-92.05984606923087	443.02532237240155	5489.614190113642	1885.3263554199095	3944.0697777442174	6.812391729628721
?	151.44773415557174	285.3927670938723	65.07612046104777	114.10920287687522	717.4372707531238	551.3989671410247	1888.4557543264407	-1674.5068819930004	4.435003124300898
?	150.5013813598632	-142.86959524650047	73.65581921361928	-200.99312406530626	470.5952707294528	-4134.0738820221495	1801.6010113202594	-7692.429791327865	9.565491670171747
?	144.3042543932467	97.37194022407428	55.02646425778244	-271.0133787250267	510.73357665201615	2384.349200960002	1503.834264760047	-2181.410740941813	-1
?	155.3699783710669	176.80286673239988	60.10515027736793	355.48750955837403	589.812730777453	93.67461784576554	1692.5304742731687	3073.9615183136875	-0.44425503722616133
?	153.1443977298667	-86.91426988811706	72.80083973570116	58.14038192208637	515.4173075443044	-3230.3164405058606	1657.5323406757316	-2568.0518457420953	10.86222491137362
?	151.02426487666105	19.92687863011959	63.012169373472254	-33.01317039093289	428.2969087521598	-463.14671444859465	1564.1278819860638	1641.4302496918358	6.865939684289576
?	154.1407416613727	117.446713861746	71.15018121615452	4.248152325625385	492.2599718218748	783.8474128378487	1739.603853160323	-761.6456240464759	6.784045544303467
?	156.89660056974833	-3102.8148332274645	63.22457698975352	-459.45389296897764	467.4892793940521	2034.060776554292	1526.0456007837402	-9416.398292822862	8.001362850068853
?	-1	493.38358337133633	48.17748656770572	-21.22378631867726	593.963010649589	3364.722122486742	1268.7839385191817	-5087.951089364728	-1
?	181.56577973831506	3476.836525009645	62.16338767381966	518.8150469364769	635.7253855183886	1888.8450613534246	1271.6480463155046	-2200.7709518668785	5.6374306362295545
?	172.84182625048163	-262.614995597223	74.11823891452947	97.90450120824139	688.4052637172599	944.5033989209207	1158.7453909258381	-1443.991484171216	14.143160950470085
?	168.43502995845395	-3476.836525009645	67.05861273423172	-414.9816426821332	682.9505554644345	1092.4292580604417	1199.448472106944	10104.284225310785	11.114366227053619
?	-1	-140.29268750755529	53.369156780422884	-146.61287597183184	743.0267266202818	2942.7390168298157	1663.9596021913756	14151.72958154532	-1
?	161.4203955830762	3334.0191056016542	59.72796893564015	398.72882991885547	830.0875063059248	-3200.0949229707135	1907.0349511842076	-812.8093865802185	3.4892881604965025
?	165.70095528008213	98.73746506921499	73.30559827636559	192.2610174506873	583.0219804717467	-2984.8600289403876	1623.3191328623648	-15216.136701930813	5.551834070669559
?	166.35726883653695	61.48283795257179	69.34101980817448	-448.74788464067524	680.8445048589059	1454.0305955422998	1146.2281160876696	-8762.804656679055	9.547004290119203
?	168.7750971777107	380.6451348335255	50.868204044331904	-361.1505220165003	655.7235102488614	-859.9555803704865	1185.1789000284136	3823.1367720450953	6.902162662133683
?	185.38952557821315	254.5629177348619	51.28349370734953	421.9456767489769	637.8467258403817	-671.3517686663773	1337.3849546899237	5160.564001765683	-1
?	181.50324306445376	-204.2771517451452	71.96548788178068	352.15927075554475	622.1559218155427	-2247.774353697993	1443.207100116697	3637.3565525314134	9.650817229189652
?	175.17566799095593	-349.4464461017868	68.8914572451267	-96.66637119166558	525.4580081554825	-4584.12023234637	1519.2527823164937	356.11359413953903	4.768580159355082
?	164.03092075936448	-64.66964877784812	67.13216932219741	127.37240948563982	392.949910198225	-146.61658592069494	1461.0127798236738	6400.3330444185895	6.506442680138177
?	171.94218555206353	95.24421596585376	75.26007771940867	119.33123354215795	518.1271788594478	3362.69088400052	1839.269434537422	7411.568025581304	10.00525992549548
?	168.79313155765715	464.7732676170437	73.09873099930529	-147.4986194704058	561.0844543982504	1499.2277627055735	1831.5911811027377	-15019.443380116612	5.405023547453936
?	195.18084893291564	529.2690931759298	67.8851467458884	-172.00911444267183	593.0885669947262	629.5357146258539	1088.2972655315941	-14804.969674666434	9.828191261176112
?	195.25658621645354	-305.63477748350516	64.49827527717173	37.56770854902768	592.561240129543	-3386.067865037323	1091.3426973694186	18097.905568859635	9.09342835423207
?	179.89911005874043	-424.79253935414005	69.76353217333978	81.59324896691629	423.78517374286065	-2177.757586957614	1993.1925439745726	16041.08473286373	7.134006708677546
?	174.01695924874662	-3617.9822011748215	68.57793772551753	-155.35834761870387	483.67336078166267	6517.226173138626	1893.3969340126023	-3408.6084853694215	7.005272799075351
?	-1	459.20706747854575	61.995614792404616	4.350515865213553	749.6464823997908	3705.8270595657	1822.762119706102	-2254.2042126898777	-1
?	196.97731262267382	3679.9396470402617	68.7954635187782	136.85752092304404	668.964713759947	-5968.264662618279	1780.6867233781088	-1012.0196538143036	2.033920077612535
?	182.99698235201242	-3959.5462524534905	68.8384908385568	-411.8988584793279	451.2332492688779	-2507.3270624440534	1772.161137015387	-9700.414109399573	4.926270757060744
?	-1	-309.60957533097024	48.200520594811884	-94.21623463461322	543.5983606377448	3304.1060030060435	1295.6660179081318	-13669.037456114569	-1
?	167.51650358546397	3370.809044404403	64.12767910682615	483.7463380415746	616.4385494191795	-37.84670950780323	1088.7092642096611	-5768.924389791423	5.475666039466833
?	167.54045222021955	-41.200538977974055	72.38783749689053	19.78171385120767	541.7060251623547	-3873.5007320486	1007.2197984185617	3416.768978862586	16.2673925243241
?	165.45647663656527	-446.44819387464383	65.11676479938653	-363.0063674040278	422.76351281675016	-3761.1311275943453	1259.5477131527898	7248.517939849449	10.221572395849087
?	145.21804252648744	-78.98418513880557	54.2375191266892	-69.02673002670663	353.64946878263805	1405.906616038681	1369.6456954110329	5078.769000787661	-1
?	161.507267379625	327.33609519412255	61.66542829805121	317.31473776075956	493.05884361868397	1247.6674077706398	1513.486163192172	4655.088034656285	9.111548514904092
?	161.5848472861935	212.5049686865619	70.10325601472712	276.6131595956655	416.0328391711698	-2736.1604194923343	1602.4000971438463	4647.2864203828685	7.5116314115460625
?	172.13251581395306	289.52058933766284	75.49608627783444	100.16257610666351	356.25082264406774	-1279.3336656744884	1745.8504842113146	3646.1237613100584	14.57840199655988
?	176.0608767530766	59.33511368117273	75.11138482006028	-67.57433675994174	352.06615588744563	154.06986548791505	1784.7062852093486	1464.7642028180878	13.358823347454745
?	175.0992714980117	70.34922024075084	72.11736943983736	-153.81485221373563	363.95431591846346	4003.3400430791808	1819.0886943522187	-481.74323193830503	8.673411866945965
?	179.57833776511413	-81.86619343835304	67.42064220937353	-57.69819673076021	552.233158041404	5228.521096395209	1760.6191236124334	-4767.333616658497	1.2145042093440346
?	171.00596182609405	-129.57299070735178	69.23245960329936	50.026214371899194	625.380370738223	1876.5023410096362	1580.7220135192947	-2820.775046851805	2.99676910904128
?	173.09968822974656	-143.28924664406537	69.92195292796848	-96.4359992298123	646.0582750918854	177.776115853647	1619.5803712698437	-1031.6942072542624	4.084380915349519
?	163.8414994938908	-70.85239962850804	64.41065964180876	38.4799935930367	634.2691765309053	-402.5458266429442	1529.1373031565818	-6852.162471943427	3.0763375416919625
?	169.55706824832117	104.73888109186626	71.8459526076203	222.0838750392607	625.9309837597383	-119.04650785949613	1276.9722476726736	-5507.364263589654	5.493412176848766
?	169.0784435484841	6.125760479961877	75.51485339377176	19.019621662131737	628.3168511379305	-1240.8029938259708	1253.7690899771	2937.8790429822825	11.491989962094705
?	169.86335627231927	-15.319897890119647	72.79693369072689	-147.8418669650514	563.89083406844	346.3797277858806	1423.8661998217872	1131.866235054426	6.352570662840764
?	168.31244865397812	-61.33113357397712	68.12276004551922	-150.48402493345915	645.6358375272245	4500.673858365476	1310.3624017298212	-3314.111784566833	1.695111493772453
?	166.79679959362042	-132.63188810993816	65.27273244405396	70.45892999070216	788.924526986713	366.39519092644736	1258.160610593446	-2247.102304166164	0.5849753083090802
?	161.68085424848124	-230.83289785800926	71.64570654505431	214.20246035040682	663.9555970735468	-2802.471594702157	1198.0072865215134	425.9363034426512	5.104396902299925
?	155.25515470072	-354.4049465210675	75.98285546157426	49.77793835486285	648.8009472516056	-755.8703053158642	1279.4574257655786	1285.045487439893	10.336229174934115
?	143.96060692242793	-425.5813698135698	74.13460346279744	-125.01665847255695	626.1620818077537	-355.3986930958048	1262.2595608935078	3538.4195766349867	9.766211583601692
?	133.9760862100416	469.09264194698034	69.73202253794644	-14.177594211578302	631.0310125968155	-2467.093058769693	1456.3784045973273	8997.237187168035	-0.49961670809599157
?	167.41523901977686	659.1148558588004	73.42572375221853	22.53019966121664	502.8074288692695	-2489.2000228914226	1712.121420251908	3412.206634848529	5.745212734992937
?	166.9318290029815	22.16064325602823	70.85853252100726	-33.96838260695416	506.57101145224476	-119.25884683380374	1626.9887363397531	-2057.0320542809604	15.744214805513456
?	168.52327118257827	46.48420629267337	71.72730462187083	13.389372660709617	496.8444865275793	-787.6851822881446	1609.2698175378603	68.10883028939794	17.42792079101787
?	169.25603931761515	-40.71170213637302	71.52800115404274	13.43913844162761	467.1867523378377	-1922.2217219621882	1630.394177854223	2555.4317031931896	16.649966096711843
?	166.48768607575963	-37.68374820180852	72.3992615439522	10.773452082174554	400.73340042947024	-2377.4312625302064	1737.0414026975193	3390.2135001705465	14.994037333287599
?	167.37185190752473	-175.34984229625826	72.06667375815147	-203.2482875861841	348.3151892113278	-3227.4199584789894	1799.9048528627497	-1067.1349413794535	13.259780029001245
?	157.72019396094674	-563.5444565596155	62.23684716464304	-275.1875901967314	239.36240250552135	4176.61790058577	1683.6846556285468	-3975.3597990203984	7.67985663096373
?	139.19462907954406	175.26551244983244	58.307294248314946	159.94988346131947	557.1460842406156	4709.241296350001	1601.1368629117305	-5449.865563325462	-1
?	166.48346958343834	467.55571145412995	70.23434133770898	190.8984623964373	474.82446732302054	-3457.99252402659	1411.1913774622747	-707.2535515108873	7.586752911272382
?	162.57241465225047	-239.78247986289574	67.85221736813678	49.70426935228421	384.24645803928667	3995.426725949703	1565.7741853361863	-5217.82462927672	13.180584696533959
?	154.4943455902936	-187.70039870036393	72.71955480532319	-104.1461648672597	674.595803620505	2264.9931016933615	1150.3001459984396	-1982.4107266646686	7.08898203834524
?	153.1873947172323	113.99304887143029	62.64490912477381	-155.91588671434064	497.49611312395433	-6403.407894762339	1466.6536490029532	15159.82041040762	6.4716686797835115
?	160.19399803386509	468.45307966412855	64.92376046960618	156.50479491671192	354.42540888238915	-2734.914431414497	1908.2911665188178	10596.745923924032	5.615694898087761
?	176.61004870043865	146.58367337748183	70.47014887060938	94.803380160181	360.75039155323	-136.60857196136297	1996.490945199153	-2046.3682947050238	12.46112969534056
?	167.52318170273915	-519.6480944270855	69.66392947761521	-178.4653921726933	347.594980284321	4555.292298489956	1805.972751783567	-6909.227292751045	11.077496294889233
?	150.62764397908447	10.13780437231052	61.546879261974745	-101.83304645089784	588.515006477727	5482.24559653956	1651.029580561602	-3206.945381947205	6.015558828273701
?	168.03007192135468	417.4588334854511	64.57227715507034	273.94382771096303	621.7072601112981	1936.2975132727752	1645.6254826862073	-6333.58263885571	3.5742803296243486
?	171.50058565335695	140.59254769899377	75.24407064752285	177.80017131870557	685.3298821413654	3124.062087733766	1334.3504486188176	-4616.151481993955	6.663379752948188
?	175.05969930630434	-403.98381670061866	73.46228572100559	-59.15255295201341	777.9103644979858	-844.081899887188	1414.8179085865104	-1163.7024481646263	3.6618511423679507
?	151.3013948183261	-418.34719180710783	72.28644299992219	-235.83574136409578	643.1257871470061	-4488.08543390119	1276.1653262105865	-149.69501455882946	7.667621241320418
?	154.14233971594902	-24.08566692525264	61.67049865280084	-102.78811897960688	553.5060928029271	-3701.3191983770826	1407.333157858569	11749.506397891088	3.2245862833384753
?	150.09711147206346	-160.34962168584912	67.14703705094186	106.45341809660944	458.05982722815264	-2486.996138556394	1863.6406461051388	8330.062963201865	6.3262588046640635
?	146.1248586316566	35.40270687285114	66.99316955763129	75.03709935623247	429.15628587510787	295.60511054214874	1823.8363060186607	-4586.3405137807085	11.891981159299908
?	151.867246815706	127.44756891342763	70.89889201875347	45.57972038872793	472.84008275526	865.2240980272219	1634.3236204161042	-2218.360527426115	1.681326445436421
?	152.49723707732795	200.0418980312527	69.27215557706768	-41.45774556864851	472.4174907764688	2843.6012088443917	1712.9182796473553	3627.7937139694077	8.249341075394376
?	161.8693417172686	-1071.823349449367	68.82600474032105	73.7965097877989	615.0201431974791	3695.5452951705824	1815.713306114574	-4298.39976587689	5.373653104625903
?	98.9060696048598	-399.01187411405573	72.96198106645761	-2.4789448656253033	657.1947555349973	-468.6504137513446	1497.9982913535116	-6902.563866974039	1.5535073607693501
?	141.9187480115659	1529.9155783887657	68.70205749703979	-113.90493232157195	591.587622509912	-2227.4939418103972	1470.5851127658732	3182.071129110252	3.012351439151378
?	175.4018485242978	631.807083927718	67.26673445037903	127.85620031723272	545.8200584444778	-2104.297103591428	1657.1018478090236	5116.228577500688	5.825850309525675
?	173.50910220795168	-56.56455615161653	75.0948675129014	2.1806896753719305	486.37276733034093	831.3521829449958	1726.3965416409067	-2919.369379455317	11.810497081291686
?	172.573620716717	17.34185239268078	67.37576893414763	-375.94335441784244	587.3876675917275	4050.83025820354	1511.1333788362583	-3085.591716210126	8.376572934772218
?	174.37619482758572	80.45221159655426	56.29769979200935	-147.97974660466886	688.9142802405172	1648.2269475374815	1572.116955830401	-2137.125742644133	-1
?	176.5962312965447	-10.599809905321004	59.97678160391421	351.17767561145024	669.7990149686012	-1061.2881130817725	1404.277091704052	-15174.373180672874	-1.1275760367140537
?	173.84620433231967	-232.42301417514594	73.8565835725818	273.9319678777625	635.8498745864288	-170.6376083890979	813.39829679676	-8989.834019057007	12.87519191465795
?	164.97508058778743	-273.3926462873306	73.67337999780229	-31.03751086807375	661.2671345491464	1954.931262847222	954.7853907512033	4027.385157579154	11.516153420458025
?	160.1765720179532	-56.180483353762355	72.30470802917812	-144.523825484091	733.5964377287895	-873.8849638838573	1014.767554675717	2477.479360533161	17.530763875460586
?	162.16605642009932	208.75041899379045	66.44718872359776	-340.4213503054674	617.5728863549537	-2620.6305431298506	1078.659358777861	2617.05013897433	9.08337400485983
?	170.61409296764268	162.42841948668342	55.28364051390481	-8.138688527957385	602.5649105722974	688.6247497863362	1145.620061624433	-2844.4718350755497	-1
?	170.28747739443347	92.78447490861173	66.0402542971999	392.7905881221282	652.0041238442703	-317.3268226828179	936.4357670240839	-7520.37697520315	5.299216250130699
?	175.25331671307325	207.8612522254777	74.92316992001115	166.01377903887627	586.6985694381566	-2276.215278040826	769.6012128642768	-3707.057654260577	19.359687213915663
?	180.68054000570731	470.6376697518987	74.34094324914368	-20.66592457812057	538.1933599422295	-3331.4723102210537	751.0828843110558	586.7575041741222	17.943634461946743
?	198.7852002006681	847.5006119220371	73.88987369110512	-62.89402842151582	420.1249539271045	-1409.745938009052	798.9390880729828	4230.832834803993	15.374743857681768
?	223.05557060180902	368.0139591416101	71.1962418280679	-304.28835158485055	467.7060630417771	1864.4216807905932	962.6245260512546	5351.546825771828	16.594927812476577
?	217.18589815774854	-2412.7826985818065	58.67545611186265	-325.9288524231646	513.3460379666338	319.10853958777466	1066.5164293615733	9175.081394848876	14.439119528969526
?	102.41643567271912	-998.2097844563169	54.89979920690973	-104.62843554226546	483.6614900211658	-2284.5205497241877	1421.3785957936968	5551.074476646965	-1
?	167.27540893493287	1225.6917052239971	53.4440343347494	137.9671628203318	399.12001048042487	-198.49109430899446	1344.0701531939205	-1481.1303992869996	-1
?	163.70102093391876	100.55294416631433	61.79815734792629	287.5980056071572	473.7369353057161	2118.4039884036574	1347.322075829347	1066.0021078353377	7.65117858598388
?	172.30305614324857	88.92978973435365	67.8239346151072	141.2972700807287	505.04020990060735	-141.76411102789694	1397.3702585856872	4046.4005504794623	11.553847794931619
?	168.14751042063642	-238.39068308528823	68.8630208519627	-53.825379554849256	466.64872975432127	-1099.7781214958472	1549.6421033533195	-81.86023079668331	9.713294828911305
?	160.3835219889842	-3382.9502084127403	65.13266563736475	-135.35934270544323	450.0513038258152	3699.713210195402	1393.277247045853	-1672.6462879703708	3.9415339568469743
?	-1	-1295.8683624140406	62.095053716690565	26.24162321230225	651.6343902640907	2068.152329797751	1466.0097889548013	166.49645656774342	-1
?	95.5901038682824	1956.782223640715	66.44474679797986	87.98628354404218	553.4589203157024	-2179.201695332466	1401.6020698742402	-1749.0180197186708	4.065950253438077
?	96.83911118203541	435.53654452685447	66.49436789389266	64.47468526169467	542.6743054974678	1467.117257967969	1378.558887968868	893.7026804025786	4.422744813036307
?	117.36693109462504	1169.3383710465405	69.66848106106458	0.05201938842134287	626.8147832141005	1794.6948975480673	1446.287203894369	4139.489653356287	2.2235066042846237
?	155.30602973436223	-2367.3386218925093	66.49696886331373	-401.7507459340205	632.4090503748708	1869.1727292707285	1585.5333706366816	-1265.6862461174023	5.915690994397333
?	-1	346.2150886238295	49.58094376436363	4.861468295321759	720.2734196776366	-2447.973435273642	1383.002891588499	1745.716940973495	-1
?	172.61678416555364	3411.9428336054216	66.74004227807981	432.59059677409624	510.0103786111892	-6665.413543192876	1672.819217685356	9931.131522229038	5.858192635005352
?	169.59714168027048	-98.13083314712664	71.21047360306837	-59.81127618515096	387.002742517994	4697.901225235414	1879.5594676999492	6283.490230025736	10.618868786615176
?	167.71024250819733	165.3034574470411	63.749478468822275	-49.42158845450951	744.905439872959	2660.056241966294	1986.9937291866418	31.641019150074612	2.2471461085047446
?	177.8623145526225	196.02141824555147	68.7393941803429	131.96759280755873	520.0055546163083	-1450.2104300988988	1881.141518657453	-10432.283262562632	5.284189204802491
?	177.51131342047486	203.36295693276966	70.34785810920019	12.36090452650477	672.3949183680144	4412.976912114106	1465.379566058512	-16149.170303235895	6.56148501321041
?	188.03046239926095	167.72871156078114	69.35743940666814	-420.67046291930586	740.6544002220128	-1594.4939182677456	1073.683003495661	-3106.6955432464665	11.875441459586906
?	185.8977489985139	437.3518538856335	49.31433496323497	-445.9664360452291	592.6702224546274	-2381.4377114098734	1310.0447888961892	7228.215792219128	4.9928065096162015
?	209.89805509354255	343.74040856390087	47.05911760440676	411.8421660847509	621.5825146515196	2429.4368972039088	1435.0937931066162	-1627.36317097476	-1
?	203.08476942670887	-120.87074884984517	69.90644326747244	456.23253004901676	714.1420673148224	1602.399717504519	1228.6766303474515	-2955.3448681717205	10.037355538846276
?	203.85451765105032	-145.35171491778664	69.87074410685752	-130.13247325516704	701.7025005267452	-6434.490518362343	1287.3265496980307	4696.9983749828025	13.414356272081914
?	195.81718368081957	49.57422377808559	63.39981960471411	-199.92602080303598	392.4175413967064	-2072.534869622148	1463.5265490965908	4879.475762243236	10.792425847926552
?	206.3332288399546	130.55664803750733	59.87444306670575	259.78776751182073	598.0757570456382	2676.9826495618377	1531.3003378101916	6364.365080842981	3.5325434937438165
?	202.3450160826949	-81.33244527061407	76.3892079803051	269.99616128034415	526.2666738747978	-1120.363398567194	1781.7448031387387	6224.224480809152	12.633429807649845
?	202.2666065764239	-53.259336853924616	73.37425113072291	-75.49005174228823	542.0575871172787	357.2344787365877	1842.5115618506481	1889.076886263067	14.394120248582686
?	199.6820492399987	-106.42232778634745	72.6147053931907	-11.216849525981768	544.1283978116271	249.4854841940614	1876.1986474518917	302.4298192756225	16.136380362920548
?	196.94549018710654	-385.6815380133977	72.81340865442382	-2.1334567088368392	554.5318613269817	801.4870780131201	1857.6330528144292	-1785.9206633186495	15.676371813866618
?	180.39797233932887	-870.0121409378246	72.50803255774886	-32.13249751524398	584.202751712283	632.5533553313653	1786.9026142859595	-2175.6254889650822	5.558872137001643
?	153.44488314021547	-716.8550047294906	71.20678377866163	-35.853537909650925	586.1595290935499	-769.5401188651276	1748.8517783661755	-284.3774399328509	6.843656802974062
?	144.55522210285383	-210.6487291425178	70.71535566226629	4.687315425077476	545.725745769026	158.7861070127997	1772.6837422893168	-1985.5065141717105	13.478287718620496
?	142.91244668308943	140.9623942570542	71.44114954991551	3.60259618479285	594.09883444419	2466.2368126771266	1649.5764526575886	-12035.972148665465	10.20419175734411
?	151.60334181570664	595.792115536109	70.89548547150594	-28.467872279584178	669.0375864028841	906.5257567488751	1170.885134856035	-13327.782262255141	9.483229885971605
?	172.7020524598953	626.4662171661981	70.01775593593628	-292.12546478405653	639.4251222816343	-1303.7127433802332	983.1873395448221	3202.7502805306585	9.762969649919393
?	182.926652674017	716.6250478430692	56.2892122323029	-373.635207228346	603.8519492338716	1370.464189005539	1331.0226488825701	10890.1000345028	7.211488582479468
?	208.53330485204927	193.32974034618198	51.33599557451871	327.8656530346622	707.9483317319123	1289.6801975030278	1527.6923412699698	1511.0149150980455	-1
?	192.59313969132623	-469.83423708765446	72.68249488403625	418.9439531447336	668.3359591090239	185.72840320978875	1406.5733946374735	-4604.3796323843235	7.730381788595177
?	185.0415929976662	-129.56284711599878	72.28319323175569	-104.55049717824316	717.2347518924019	-5236.051543862493	1297.4733596507504	1529.2221895407338	14.553610751993267
?	186.1149973355262	-35.62832788631403	67.45497002512401	-79.41474663944491	406.53338191589546	-6127.447598105545	1483.0345041145113	5798.22939763374	13.160327470743962
?	183.2601766033505	149.3485340301369	68.31245589978339	145.1632118621679	410.86237198712024	2837.6862734142246	1587.3848295324415	8128.316096193424	7.239079146719739
?	193.58242403703315	184.49076506344136	74.71313061823251	91.69066435159874	548.4176955866087	2596.9706610099133	1889.4503089241882	6659.5230882100905	13.341717343553626
?	192.4847148565227	-105.36623564994692	72.89698911736339	-38.922545130228926	540.7109050376178	131.1777352618405	1920.3609839429507	174.35444300339648	14.257280232634134
?	188.31411225453573	-456.1074675044964	72.76700336172104	-36.3777137053575	554.9765823497008	-54.182241767229385	1898.1680310743582	-2744.3320812175552	11.47106012349751
?	169.67934148129754	-3786.2822450906606	71.07810343209549	-452.53497177844275	538.0017929492562	3121.299070881347	1783.144379882071	-14220.72916812913	5.130037158994438
?	-1	-3413.5868296259023	50.14025477279858	-433.65958447972696	711.0415358937704	4114.829337115994	1187.1315726678915	-9177.952965223169	-1
?	-1	3043.858414504923	49.39512420810883	416.40244058036234	743.7432598050589	-5592.745770496802	1324.246731620906	12493.40713713866	-1
?	151.1929207252483	2870.1039435473467	70.96037680181699	480.2564258608181	431.40424736892635	-6311.642866922988	1811.8019295248334	12503.696119752352	4.037028809626744
?	142.50519717736938	-211.02630544571906	73.40794550115008	59.00946508613261	428.161116458905	-20.44874666700337	1949.4315376085326	2620.000625815668	11.406099778543728
?	140.6416054529622	-171.5322058754843	73.91085005612366	-12.390532057885759	430.38181003557617	1357.5670188402353	1942.8019608156187	-3278.644130314955	15.021344712350915
?	133.92858688359505	-106.89623565595203	72.78841889825578	-15.961060915173334	496.0394674009177	3335.671413387078	1785.4993310927825	-13686.160290801028	7.511433348356529
?	135.29679367016453	375.34529386890347	73.11279701036499	-7.351154560934569	597.1653807049324	4042.2789062704346	1258.4939462755576	-13176.343638225939	8.995348173921936
?	152.6958515770405	452.50648248331555	72.42086117020905	-17.66107462939434	698.1534127144423	1544.4552339670538	1126.6821491814762	3113.9592990135284	10.377135820864067
?	157.92211779433063	-87.82735585750163	72.22974327889526	-31.91468298690421	674.3881424032862	-2105.64328804435	1414.1919112262362	12582.046570948722	10.306348298328459
?	148.30448378416534	-362.82453053568355	70.82512702086382	-41.33555869301089	592.8712483122233	-3114.078082383691	1755.7844777289213	8854.689530943053	10.356102101033013
?	139.7808912675462	-331.9649137972611	70.16296534424468	-45.563798679704554	518.6842382840995	-2358.9180803566983	1856.9263877733952	2492.869589035473	8.269207715676895
?	131.70623809430205	-368.0887094893301	68.54693708687856	-256.7875216845498	474.9253442943867	806.6737566357778	1880.4279571806967	-4458.350796842219	9.745734419694113
?	121.37645579307943	-2654.1247618860034	57.32358926001701	-359.5204325118435	559.0179261158889	6424.9747781400465	1634.008847931281	-8917.056058113609	6.424826534719628
?	-1	3183.8965686033516	50.57091546128613	-58.848441909967036	796.1740832013936	5018.619508919318	1434.57515427501	-3419.825219075948	-1
?	280.5712842232493	5604.793232563583	54.381167164518615	124.32394861418354	809.9489015618584	1154.011124551184	1463.0175869774812	-275.23064417721406	-1
?	279.2396616281831	13.174530381610152	56.78711289199539	87.93886607248058	853.8746394289536	574.7502985115793	1420.813622066149	-3580.2608696981442	-1
?	281.2300107423298	-5604.793232563583	58.77811046814271	16.527791983713534	838.6864164874378	-5466.388855589794	1284.0045434925714	-993.5967463483389	-1
?	-1	-5644.600214846516	57.61350249118108	6.369737791706223	580.5551966494601	-5310.390060914824	1371.1337847487314	3629.3405505718542	-1
?	-1	0	59.09659735772802	62.851532684291655	573.1669134416928	407.461842375909	1465.4715710211667	2743.9945010186166	-1
?	-1	0	60.75607912539571	19.563068924364735	600.9282887682558	732.0898733111617	1508.3335097996642	583.2641523713445	-1
?	-1	0	60.07475080394627	8.044288481704626	609.7714071072514	1413.0182884868968	1494.6347786397343	1099.9209596450899	-1
?	-1	2737.012788831723	61.158293549480945	234.4068246562359	671.5792031926017	1524.777114601253	1563.3295577819194	-6480.189097182055	-1
?	135.8506394415881	0	71.79509203675823	-185.27479541595574	686.0102628373152	2594.3030033180135	1170.625323780627	-3909.9579558817177	1.9015147672965038
?	-1	-2737.012788831723	51.894553778683026	-297.02544912691866	801.2943533585042	4219.456077132638	1367.8316599878308	5329.406076784573	-1
?	-1	19.999999999999716	56.94381958041209	-1037.8910755736458	896.98306669395	-16025.887067169855	1437.0956276198594	-27356.633199756227	-1
