rowLabel	avP	dP	avI	dI	f1	dF1	f2	dF2	h
?	107.82935945596105	2255.477112252391	61.399916501332115	1372.9768841549378	419.65431680580156	8699.633341515975	1742.0786808587045	32159.03644312897	11.30443071766576
?	112.77385561261956	-71.29561029497722	68.64884420774689	308.35378606944516	434.9816670757988	3050.407497453278	1607.9518221564485	-10630.268396534157	8.763138307486749
?	104.26457894121219	-502.7650079419088	76.81760580480437	119.67296477554551	572.1746916784655	4934.886737305899	1210.5652610319967	-6506.735241771601	2.0421398990357456
?	87.63560521552411	-341.13315212929314	74.63249244652417	-221.73105867056483	681.7260039410938	-2473.2547059557173	1282.6150600678684	1563.1685295014545	6.948457932430396
?	87.20792133474754	290.37809130104654	65.73105287127613	-109.24941646586436	448.51195638067964	-6456.399998001627	1288.7236875070694	3486.1815697875963	4.851791039344929
?	102.15450978057643	719.3386393759347	69.17002162323095	226.3985604990291	358.9060040410126	-663.8455012847431	1456.9241385572482	12958.297471786776	8.776674051502907
?	123.17485330354427	665.7730639076597	77.05098089622759	48.996608793573	415.3196813164425	-555.8268535577726	1936.638561096408	6549.495617720801	6.2011205864305
?	135.4431629759594	355.5856088287704	71.6198520629096	33.31807179383021	331.11466136312396	-1075.8616918696114	1784.3989194432882	-2520.129664034371	9.220356757207258
?	140.95413374498278	24.703762680296116	78.7168844859191	90.8461525226406	361.5265967229619	2151.384347789262	1810.6320778946895	-10595.088499798478	9.837342675222477
?	136.67835110997422	-138.47396561829558	76.16215968904163	-248.3177277898202	438.683878752587	3899.858923698174	1254.6444944533644	-7763.835171949083	10.54801310787031
?	134.030435464068	-90.1034324092773	66.30099809642809	-41.84500409670189	556.5195429078706	330.8553271822504	1422.4403192972354	8341.039426173562	-0.6678679368845261
?	132.17317948951035	-350.3503496186079	74.06990948420653	62.71724680787821	455.22664511169955	-3205.0132229575006	1671.6964657620429	7354.927401663647	10.05981928219257
?	116.5129179831376	-310.0798502895293	69.436860436822	34.52006222739155	396.2688817599954	1302.6551290406826	1790.186689380418	-454.02154926338386	4.297253267034003
?	116.66918697503387	-58.953175087347866	75.79591259557611	-39.95524827973181	520.3594015637337	3468.7750927005873	1648.9953882988736	-3200.4696524217998	7.082960567561933
?	113.5652592287702	-2353.3837395006753	67.43909802283541	-448.5817159712143	569.7076363950249	3346.9468631447594	1630.163206759328	-998.897969571366	4.5679580452770905
?	-1	5501.0198478808725	53.36682679701538	-57.461308988964056	687.7067447209719	447.2751588515276	1599.0504898203053	871.2875580085339	-1
?	388.61625162281405	7041.80384503732	64.5660325733872	351.66148949515616	592.0713943376013	-6280.690340659422	1673.7275846597547	2756.626908649971	2.5508538625695802
?	351.0901922518663	-575.7443180348987	70.9499012717732	-148.97499974994503	373.6722276880005	-3018.211152949062	1736.881835252804	2589.0897312332504	7.514395700186317
?	359.8290357210691	461.469144755949	57.117282585889946	-90.75118881160356	441.1608366901481	5834.9988514835395	1803.1820712214173	-1851.0023849598003	1.160848622077843
?	374.1636494896638	462.36745085522165	66.41234183119302	354.5434892293637	665.4221702621777	-590.8861244110298	1644.3317160048139	-2826.386838702514	1.31039314551809
?	382.94740826383014	127.64779876948171	74.8444570473581	46.90811218400337	411.6165304695966	-4332.322413068016	1661.8627292862918	634.4478443990414	5.581022667062777
?	380.5460394281379	-681.7826748266822	68.75774744039319	-68.28651646896753	448.8060496087767	-1048.8696905568988	1676.054108224766	748.8305765432181	3.795087309708505
?	348.858274522496	-568.7911590196491	71.43013122390973	-264.8178361425379	359.17304594175164	-1439.793829830479	1699.3042581134528	-938.932062829903	10.45916376669441
?	352.1064814771554	-6997.165490449914	55.51685563326628	-278.944567673089	376.81635811725266	5011.112831570461	1629.1075050832708	-3007.379860664225	-1
?	-1	-4711.770932239733	57.482902840255264	428.93019533648163	609.7286875202749	386.08085340553055	1548.9352650802414	-811.3361169412422	-0.9229614836291182
?	116.51793486516853	2098.1339891067914	76.96336540009038	394.5697938329783	396.1204007875292	-3594.112768957049	1588.5406992362086	-4941.169304849113	6.273037465401764
?	103.90669945533966	-278.0481128612286	77.2113925319042	-17.307129735714838	430.0230490724223	49.49143744963176	1301.8767998377855	-15958.528668413473	9.10488427317461
?	102.61552922210709	28.157181454730253	76.09800891330464	12.952565125281684	398.5949726600108	-1252.948964354049	790.6142658155343	-5548.423555355548	10.533276314861116
?	105.31455852807618	17.977003635957928	77.85902078816828	-276.62951715992256	367.3756008547198	1831.067023485701	1024.4556220700078	9861.45316179015	9.606048502594799
?	103.51437940390498	-2126.2911705615215	62.2665330553085	-390.51964771216313	490.1483238342959	7396.286397648658	1283.6869239050422	10008.939986534278	10.777459935028862
?	-1	424.0128793854497	58.333038402560106	198.4572701503485	737.189920737153	2157.6823172123013	1524.9026213967222	8703.896126307938	-1
?	124.71502337317749	2402.5783435900926	72.18939656282593	384.01917498862554	598.0324396949111	-5537.204529505414	1718.8817302204395	4168.6388459976215	2.9869362160610877
?	119.12891717950473	-53.87529574282065	77.5339971519914	-41.40729321739595	460.329694261882	-1408.560060317403	1733.3345636966035	-4126.260190816757	9.67083911594742
?	122.02125858603645	-2402.5783435900926	70.11903190195613	-362.2534518747707	527.6044366790409	6921.447737017199	1512.5687206796015	-2920.7496113673024	5.417694042433078
?	-1	-2460.4251717207267	59.42132455825285	-283.9579352078225	806.4020811127423	4744.166323757816	1587.2970831282382	3492.937653784785	-1
?	-1	0	55.921135141564996	112.25667412672057	764.8127528669319	-2448.5167136213477	1687.215603368841	2407.1010617085835	-1
?	-1	1583.905616164807	65.03415826458888	291.425754074666	683.9762454316748	-5783.214221647749	1707.6521362136675	-13109.49345858602	5.5106381152851025
?	78.19528080824043	1630.844204408429	70.49242284529831	-41.75917375987492	475.65204178454417	-4344.644942041439	1031.7409304395394	-14058.296822297423	2.048741997254473
?	80.54221022042152	975.2992671653024	62.946199576595134	-1.6595158475894307	466.7439983296026	-2744.594922253592	1004.7372950987957	-333.1277896641811	-1
?	126.96024416650559	918.666348050062	70.40944705291884	330.331909263924	338.42229567186445	-237.94392860409715	1015.0845409563303	7080.03984202247	7.578421131536027
?	126.47552762292446	246.45282067498871	79.46279503979127	0.7583076689874728	454.8468018993978	1148.034283155874	1358.739287199918	11013.69804152739	4.579874211190186
?	139.28288520025498	186.04437955833143	70.44736243636821	-438.6329034576832	395.82400982965794	-588.4648159981177	1565.7694430326978	1888.6407449769035	10.965618825375188
?	135.777746600841	75.09200602624075	57.53114986690719	-83.94913083645578	425.423561099492	-748.9401621727135	1453.1713244487628	-402.8200364949876	-1
?	143.037485501567	135.8843522054274	66.24990589454544	131.22150372846679	358.3770017210224	5462.789796287237	1545.6284412079485	4594.893535256718	8.071612858895154
?	142.57196421111234	-2880.7497100313503	64.09222505333051	-48.30903544904362	698.5630509138529	12618.930489164963	1682.9160012115979	4298.140121830872	4.763089866598778
?	-1	-2871.439284222257	63.83445412209326	-34.962747900587324	989.3235261792684	4788.821661302631	1760.5354472994914	959.486831094913	1.3387241674781176
?	-1	2990.949941220563	62.34408765830115	121.16879536576633	938.0041339789835	-12489.38541238014	1730.8903427663433	-2523.271111731615	2.922423121671791
?	148.5474970610276	2688.8882397342877	69.89289389038156	248.70383733678042	364.8542555602636	-11455.04427982279	1634.371891712911	-4503.041331197804	11.47149022123808
?	133.4444119867139	-568.2855503368288	74.77927952514013	154.20354416949291	365.25191998784607	4622.934343981613	1505.738276206454	-2067.3027023090553	9.544403117904455
?	120.13321954418626	-430.160235614732	77.60307109885618	-115.69194571595416	596.0009727593434	1894.8411726239817	1531.0067565974587	-1318.1788002121086	6.888593177044068
?	111.93640020597738	-185.32965935145435	68.99468223934244	-123.91850901591299	459.9939786190448	-3426.6183215975784	1439.8293361958488	152.52759404249954	6.948989062223428
?	110.86673657661358	-68.99506561523448	71.40714564806055	57.24971656551211	424.6700566794651	-947.462191599941	1538.6331362995836	6360.177916464013	6.479284393878782
?	108.48664692521567	-2237.3347315322794	71.85716806761803	-391.2883930434921	412.62086903904793	787.190242365262	1757.8382320190483	5368.491791312182	7.740946079952396
?	-1	-2189.7329385043213	51.84272599588601	-235.57794548275535	464.0295687977281	4739.88667311258	1807.0577258651917	-4195.590976504796	-1
?	-1	0	60.07827079348031	421.08636053640856	649.6152026946761	5530.752372217466	1548.0586831938092	-9268.343714516588	2.5416035902508587
?	-1	0	72.89704402270637	-67.26626466687942	740.5671874086004	3922.0871060728614	1343.640540139364	-4028.3233296724125	1.74177725737951
?	-1	2228.2047944776414	56.71495756013635	-177.5938457300797	845.7195579983185	1306.9161954973492	1346.6425167101893	-1525.767916552155	-2.7986735312174984
?	110.41023972388167	2129.9509740424955	64.01735173620241	290.8034812578487	805.9129971834676	-2041.237470062652	1267.3521443117565	-2282.293812062884	8.874807271702037
?	105.49754870212439	-245.57502908740705	71.25513162302873	1.2677219131092032	743.6576844951862	-5490.617814280641	1232.5278261070455	-1474.5439900520257	14.16451171341916
?	98.13148826951137	-135.2315032761742	64.08073783185787	-190.50875499742088	531.3821064694365	-7368.37720211006	1193.6249448091555	693.2614071807554	6.74326048748361
?	98.7359735383157	209.05332304686385	61.72969387315772	113.12515769389006	375.2388243896845	917.8459526011294	1267.1908964660831	5151.898986161918	6.555271117144532
?	108.58415442185452	304.99351225486913	69.73699571655236	121.34940379258296	577.2744040994928	2721.3621183996174	1451.2198941172505	3672.2010235462717	11.041506551583163
?	113.9856491510591	-2191.6830884370984	67.79716406278685	-410.30670869800423	511.3069303096649	-842.8353128155807	1450.800947643396	2796.332371383115	8.551840050864987
?	-1	-2299.71298302119	49.22166028165222	-266.9141291005419	535.1326384587139	2741.0804276005497	1591.0365126864058	2218.08362536124	-1
?	-1	0	54.4514576077598	280.5854220705831	648.3609516896919	6188.820123161892	1561.7051289114577	-3401.8776679947982	-1
?	-1	0	63.250931385181325	7.147366472166138	844.5736446168074	3524.4468249694196	1420.9426292866665	-771.6136856304393	2.946111418134919
?	-1	0	54.808825931368105	-226.58794646657591	824.5832929381622	-709.1059058224712	1523.1244446299359	2435.56406768218	4.504266910051387
?	-1	0	51.92153406185257	97.33407608387515	809.118349325684	1168.3191541760034	1542.720832670775	2357.1232712138626	-1
?	-1	0	59.675529735561845	209.9372437828109	882.9992506469622	852.2333556916905	1640.9806081906286	1228.8879140809102	-1
?	-1	0	62.41839625099308	70.52334847408088	851.7300171102684	1040.2524982927994	1604.1652283748203	-1261.2459061709296	1.8176597717636622
?	-1	8672.118599829844	63.201697159265876	-32.54342735075281	935.011875561602	1082.0440404515527	1577.9183128820823	-3830.0457541256856	1.9967156985883028
?	432.60592999149065	8580.321628439242	60.79122488345544	-132.4952751369185	905.8322191328458	-2726.290072999623	1412.6629406685367	-3184.806375451842	-1
?	428.01608142196056	-341.134242652737	56.576933402419975	338.0907776152265	798.6973719116213	-8597.159762985735	1418.6779941094908	-9087.843441855635	1.3156285760472275
?	415.54921785885386	-1996.5955510531026	77.69576376421671	259.7007262218829	475.9742309835606	-7728.962895011151	958.2707685757566	-4001.6213419976843	4.829002996822441
?	328.1863038693058	-8330.984357177107	69.56196971351407	-360.453314293183	412.2492271610651	6465.761655911592	1218.5969270096073	13087.781309602535	5.90217378860053
?	-1	-6583.726077386139	59.67309804955762	23.650915887048228	799.262313779139	4628.857579243697	1612.659834055881	4180.993060691013	-1
?	-1	1686.512345363122	70.74451550786648	244.05820431476204	643.6921061232491	-5065.334105982247	1427.6465800441572	-10810.489639253581	0.16616385883965537
?	83.3256172681558	1712.611912700108	71.87600826529568	44.327226963458074	545.9956084800276	-545.2642218937168	1072.135352093204	-8531.618815321097	6.196900955219059
?	84.6305956350051	82.93494941018567	72.96087685603938	5.4582798548543305	616.4288950285634	1604.553570393383	1001.0656392781038	2655.468445648376	5.486082624002857
?	87.47236473866506	87.81356976266156	72.1489222580384	-30.988397247225063	626.2232869996965	-1194.1049347669807	1204.9087743756222	12407.595177270676	2.882688499894289
?	89.02127412313816	600.8646296941759	71.41145699367813	27.534177944122106	556.7236482902146	-36.82330521244252	1621.4453981416355	6136.541119805246	2.8018290851599152
?	117.51559622337375	608.0761866231215	73.5256311552445	55.77254360412175	624.3821217390744	3110.3955379683402	1511.7358303658834	-3655.502266089315	0.2684506859824282
?	119.42508345429412	41.485046147016796	74.2000841738842	-183.4901193237841	712.243425188631	-943.4715827517185	1438.6702848371704	-2864.517686040309	12.554903459426493
?	119.58984853072458	44.091536022668706	64.35112518905532	-293.8802788064161	577.2085426014886	-5381.242830925413	1368.5099460638685	-1937.3617055245472	14.555655515775253
?	121.62966025542755	64.44164730261485	59.506070233563456	79.37092778536822	443.18128364236134	-774.1431229106211	1341.8021995609433	5200.663273141022	-1
?	122.81193089585531	-16.41417933563821	68.31967157832372	223.17520622064572	538.5013864559577	2085.529940005786	1628.5431097209187	7269.155605465524	6.234878709510491
?	120.80895128864564	-65.16366556568778	70.6648305445957	-209.57938771406563	547.4577806426503	-402.946942285877	1705.2599798342183	935.0785201374389	12.722233760397424
?	119.55374761757093	-2436.1790257729217	57.840702192620476	-395.98939770315894	518.3540393416639	2927.860030257167	1675.2970357277904	-1286.3447063343256	4.826164510053092
?	-1	-2411.0749523514273	50.865360659437826	-82.73474111421395	693.8507821555081	4275.137914332635	1640.9427445175022	1251.8654620259304	-1
?	-1	0	53.703965136909794	69.91578809334509	732.1109350582949	2326.7157023959808	1737.8903088290867	2724.619527404721	-1
?	-1	0	54.36115006410507	-32.89450864082039	810.1865672753067	1011.9103972852363	1777.1737208877378	2235.5103279589352	-1
?	-1	0	52.05923970486878	-252.86094826962432	782.7064549225565	188.33404943204027	1849.665825227033	-2322.9430318824407	-1
?	-1	0	41.7181026506239	-231.93055001381236	819.6032697469087	-1433.592673934475	1661.0265692936161	-3259.704831466636	-1
?	-1	7426.068904523444	40.4627122041782	562.6732894657137	711.026821225833	-1600.1940019286633	1686.680583653702	964.5134647579459	-1
?	370.3034452261709	7632.178417497347	69.85176712390948	610.4509489131953	739.5935696504758	-6084.716426238418	1709.2522425315133	2912.445400689577	0.9294039874432569
?	380.608920874866	-5083.314621726331	70.98525964983786	21.770670483232458	406.79099991391325	-6310.560778646373	1832.3028536881802	1806.1511565113888	4.3260427329228675
?	116.13771413985525	-5405.896086587943	70.9403006480711	98.55897663870174	424.0655307181583	759.7953471686099	1799.5598003570824	-863.0656042894983	4.981017052523296
?	110.31411654546979	-205.4538652287609	75.91320848177293	-86.30515203486314	444.7807672723436	-1431.4295451638309	1789.1495734737055	-1922.7657172381191	9.88714790964531
?	105.86502087841724	10.066073663007593	66.62504304632796	-45.02196778883859	352.494053459967	1374.7325001771949	1703.4215144951768	-3689.340870192586	13.462189771704685
?	110.81742022862016	260.68461933291223	73.662110092331	163.0651643936008	513.5173922812031	5896.012191760514	1604.6825299640768	-5652.012400256373	5.805963357696437
?	118.8992518450628	339.90737238832855	74.77830126600797	-31.952441966481445	647.2946630479917	2999.8198742201535	1420.820894482359	-5280.037362448994	9.540645774999112
?	127.81278884803653	4212.320759380136	72.06448799400694	-330.9816313558557	663.5083859922103	-2180.958332644676	1340.680661841628	-2345.24602141198	7.536388101001583
?	329.51528981406886	-2576.2557769607397	58.229219698215246	-481.2841807019756	538.2467464157583	-382.7737437434316	1303.5585934117605	1211.921312537747	-1
?	-1	-4172.604018092191	48.00027895890825	-9.459807346940641	644.3696988050388	2408.064204795689	1401.2767274685152	3205.098147523529	-1
?	120.88508890946005	2410.8996054050376	57.756229330868216	585.9569582940403	658.6499566555423	290.31539602421265	1463.8135007879364	-106.29003570692059	4.670960033922338
?	119.54498027025146	-111.2176480911732	77.29812687361016	264.66508335322624	658.8854686062493	226.62886004046038	1395.9622256831692	1920.1720417623415	10.982095855444847
?	115.32420650490141	-2410.8996054050376	70.98948349852948	-482.63259440520375	669.9813996575653	-218.5754866168107	1559.8221028760531	921.75341960546	8.338988779274002
?	-1	-2326.4841300980365	53.16649715335006	-241.69470281462864	647.9566942754088	2131.556895374891	1442.049896663442	2573.520790932066	-1
?	-1	0	58.90474835779809	-211.2039119663176	776.5592444263094	1960.353145690715	1688.498142422656	3957.9123230843884	0.6860047900637022
?	-1	0	42.606301555034214	-159.42978667406223	745.9743515599442	-506.29743244461406	1639.9455128176608	-658.5958314617643	-1
?	-1	0	50.93325902409501	375.50394193786906	751.2443728040788	324.12736822037346	1655.5683508495679	1014.0578970089555	-1
?	-1	0	61.3814986519276	63.51438605421458	762.1807199709629	-5878.556176751615	1690.6484076681083	-32.91583423957502	-1
?	-1	0	54.108978326805726	-314.53634136428377	457.31656396649913	-6078.677379805146	1653.9225591375891	-649.9879443690793	-1
?	-1	2237.9744099971144	45.65468158371347	220.96721311768698	458.2468509807066	-777.5025795736524	1658.1490104496545	-1678.2439957809552	-1
?	110.89872049985533	2166.222387904167	65.15733898269004	536.0535540024588	418.44143498781665	-1675.0626846923958	1570.0103593485417	-1410.1613779709946	7.325163078613554
?	107.31111939520798	-2237.9744099971144	72.45735928383631	-293.3065561174991	374.4937167460871	417.2435423096173	1587.640941551105	-22.02724395721824	10.847253689449296
?	-1	698.0618244015366	50.49201117681513	-183.59232785985563	439.30361210329744	6275.560640099308	1568.9089971506808	-1328.5459264639578	-1
?	142.21421061528468	2766.4507251720415	63.27774289084356	473.85283379983133	688.2717487510514	-1213.406580830816	1521.2136452279074	-10018.921012683586	0.3012067827144678
?	137.3225362586016	-231.13510506712967	74.18465286680662	-43.0432385647059	378.63328306175686	-3392.6581517148893	1067.9629465165033	-2726.3304189766636	9.638105750675255
?	130.65745536192824	-2766.4507251720415	61.125580962608275	-292.746874719839	518.6388411653076	9815.267287106943	1384.8971242790747	13221.026418802341	4.520079843813948
?	-1	-2633.1491072385743	59.54730913081472	50.89942084706113	869.3966474171023	7403.42222030284	1729.014267456618	7118.056245725277	-3.852756208448728
?	-1	7400.973659397691	63.67055200496132	355.19757254435206	888.8099521804483	-7751.760225655327	1740.7999365653372	1987.5642287941926	0.4034518814488651
?	369.04868296988326	6466.443221206434	77.30718775803226	207.13887893243015	481.8086361343373	-10363.694157803891	1828.3924788963272	-1725.6480866230202	4.383286984231018
?	322.3221610603205	-5284.038735470784	74.0274959515828	-153.11014071285538	370.6252442902555	-2663.3725090704243	1654.5175322341865	-12444.770021922408	6.503397636812911
?	104.84674619634504	-4256.178816779377	69.65168072238951	7.526836665275054	348.64001068081654	761.2582582754935	1206.153977800209	-7265.675368950854	15.949274278193675
?	109.51322022135244	115.62965215397055	74.40383778484654	112.83537349484715	408.68815720403006	1141.5762349851611	1291.233763786645	7771.739425734986	12.528808450296491
?	110.62822880404354	-124.55023998552223	75.29344939713185	-140.82865937862374	405.7188224300744	-424.48533950944847	1594.740949086957	7953.2937767936855	13.949000961529581
?	103.28570822207635	-57.62911852326645	67.36240481591538	-243.38873192686563	387.4638902285577	935.9270644962759	1688.898452626328	3754.635935593828	9.822948445091722
?	107.74677287788023	367.06917818729227	63.12401280078861	129.63836427503753	452.515175654888	154.5582375812165	1782.4727458666478	2522.7679546378295	3.7411043954584517
?	121.6391671314409	346.0100991048084	73.84432302966724	291.9648600322339	395.1918021076185	-1331.4817336985154	1815.036850358219	-3758.2973855646646	7.379042813784248
?	125.04727783312059	56.0713284553224	77.72225580240026	101.74643527953528	385.9410889699625	-36.259452935230584	1594.5578765884152	-10626.01696625427	15.198861719979401
?	124.44273355420701	-160.3088160750329	78.93164479364398	-181.22946290747316	393.378829460857	429.1557145808171	1283.7360020455073	-6508.812315192722	14.6113746521689
?	117.03183702936897	-2508.8546710841492	68.66078265702663	-511.83697760952793	407.3988746990033	808.5270466307276	1269.1172608287802	3873.7924435789137	10.128980818269241
?	-1	44.73282208480343	53.33979591316768	75.53683904852305	433.8051817923932	3688.5566919547973	1477.4256242244523	1663.8373878344523	-1
?	119.26847813360914	2206.31504253161	72.43762460945277	458.934970188211	591.8267092967425	1505.0533782641376	1352.3091302205025	-12325.982719842821	-0.19655513489062448
?	109.3157521265801	-416.264922604255	76.28654442257815	3.957445926026267	509.05785070559983	-2019.3571095498378	861.1264882323135	-8942.551605061593	8.051289977675792
?	98.45523200339646	-347.25114295902	72.63549690575408	-194.11847839225157	490.85885381925095	-74.90729669249645	905.1815499674244	-128.16592885543105	12.373859292404621
?	91.95319497862916	-1989.1046400679363	66.5806205029656	-417.8787703151388	505.312485870975	1545.1749184723062	854.718191789542	8024.72685044968	10.801950324678995
?	-1	-1859.0638995725897	51.741558389997216	-302.59477526355846	568.117599742866	2131.3413009666565	1306.417892489907	13790.36598123054	-1
?	-1	0	51.45088173978773	355.68576448971527	611.8795509193075	5648.61639739549	1544.2364908510665	8481.133885637999	-1
?	-1	0	69.52584661448292	103.12781537719994	850.5484196126395	2019.909633789237	1730.4745867718054	4791.458719832516	3.8879833188011426
?	-1	8954.03626787125	56.60727250864771	-264.7026263321808	712.875032608769	-2840.4775599114746	1783.8094268426914	-416.57685663387076	5.099332554754116
?	446.70181339356094	0	56.29071529787392	21.512947390804634	708.5245416170662	2531.088410066418	1709.645743940112	-2191.2950667689106	-1
?	-1	-8954.03626787125	57.68291987818794	0.7562822556963083	839.4294531120894	3157.591636842783	1674.2446735042463	-417.470524847569	-1
?	-1	0	56.32852941065874	-48.489262096760825	866.4041234592048	-1160.2535380334207	1688.7722176977336	-539.2552837955346	-1
?	-1	0	55.258456773349906	-109.95935968202399	781.4167762104186	-2473.6345174001276	1647.2819093144697	-2.2246158856023692	-1
?	-1	0	50.83056142655756	-223.53952717933348	742.7223975891989	532.8146057093724	1688.6609869034535	-1423.2927105987214	-1
?	-1	5635.44197577716	44.08148041438327	120.81534354866022	808.0575064958871	-3783.54357531588	1576.1172737845338	-7588.82917008465	-1
?	280.772098788857	4079.008436818857	56.87132860399055	652.8585577949698	553.5452188234056	-9333.973985422186	1309.2195283992223	-6529.906349009435	2.6197169751266114
?	202.9504218409421	-3649.7036956323454	76.72440830413164	350.68927778179483	341.3588072247794	-3142.8354298887084	1249.6219563340633	-754.3070858390165	11.213786031320286
?	98.28691400724041	-2149.6084405686393	74.40579249308023	-306.51515952292795	396.4034473289707	4616.139186279071	1271.5041741072716	4894.376626529555	13.036037608803621
?	95.46999981251054	123.44419997543655	61.3986503279853	-177.08922207949206	572.1657665387321	5008.0563506445205	1494.3407876605402	5509.040715615899	-1
?	104.45912400601222	141.03573854906523	65.55133138910566	231.42558916420523	646.8062648611958	-3380.157891510034	1546.9562098880656	-5254.017237649647	1.4534145676301602
?	102.52178673996377	-184.52031562799002	72.96992978619552	228.98639420895958	403.157871963231	-6480.785977627329	1231.6399257780588	-3323.5013196692016	8.827035681546064
?	95.23310822461275	-191.38512012785168	77.0006510995536	129.816355944012	322.7669659798305	195.94735247503604	1380.781143904606	-2592.0019523478413	11.303775097069813
?	92.95253073357122	-182.23801564872682	79.4607475833961	-30.01854408917989	412.95523958698277	3698.9406031358426	1102.0398281606672	-9450.81634362524	5.258963089012621
?	86.12120744217644	-270.44179019797707	75.4997238950946	-190.85666068018764	507.713996136622	397.23402625664477	908.2403267233458	29.647963363240812	7.665305989392449
?	79.43044122367242	-168.43895624417004	69.91791454938675	-283.20723759903916	432.81694089981494	-1980.0668729089139	1103.5222263288292	3214.0310012566238	7.035226982335412
?	77.69925962996797	36.75785215286835	61.3393620151427	-122.0876139346767	408.71065249117663	-1549.3208392464587	1068.9418767861764	6241.720048076712	-1
?	81.26833383131583	325.1757876659917	63.81353385265294	228.2424140146102	355.3508989374923	-1322.6795786999471	1415.6082287326637	4517.350645856125	11.608908819795403
?	93.9580490132675	932.3864119849234	72.75148271587317	253.52232436553444	342.5766735561795	3606.129535334497	1294.8094090789818	3871.5443513694295	9.877764245272138
?	127.88765443056266	1166.2444734192343	76.48965007092984	33.53563115296689	535.6573757042197	2708.422507597654	1609.185446301138	8835.671568705513	1.7092299205660109
?	152.27027268423004	484.273879311961	74.42826427352154	-465.65930926486607	477.99779893606416	-912.1829162314027	1736.5929875142638	2508.7993695660507	8.949881124476674
?	152.10134839616106	-3065.405453684557	53.206684607686206	-430.5090426398732	490.0482298926489	5242.447504102431	1734.6254147794423	-1421.274715391144	5.772257249554271
?	-1	-3062.026967923178	52.90281214152757	156.42221646082893	740.1201741411894	6150.807286598361	1665.5292517447056	-6365.437941350011	-1
?	-1	0	61.027795430727764	79.82580922234092	797.5885942225714	-1069.601037271844	1416.3535177119372	-6736.469355587542	-2.9258950115871034
?	-1	0	56.89410260264467	-179.3061839188509	686.6401222775965	-4034.2777593351134	1328.7057839653237	-2249.8340844853738	-1
?	-1	2552.8507478248307	52.06248623478509	230.66476273850242	595.8747062558128	-1986.0398961843102	1303.861813487667	-8082.227415138417	-1
?	126.64253739124335	2470.506658898359	68.42734073956996	480.2662149870515	587.3381274683795	-11.544242429783772	924.5944132083971	-7925.413813773426	5.302080247879335
?	122.52533294491971	-159.3369047630344	76.07579698413801	91.29947299484242	595.2974941343236	-1874.4463145584684	907.59112279899	3512.3602095258184	14.918321524805544
?	118.67569215309152	-126.36036924147012	72.99231438931214	-105.33089625772895	493.6158117404548	-3306.8612074289167	1100.2124236846905	8072.310529484293	5.696724847482682
?	116.20731448284612	-125.6129903556961	70.80925217125149	79.72143748127763	429.95443376287545	149.81288600222015	1311.2066492732104	7095.02151916642	10.406585439505395
?	112.39504263530662	-184.232081030029	76.97838626337608	127.08526043728928	501.1064560405659	218.49559631680935	1454.9634996430166	-671.7677120973663	12.617162594670578
?	106.99571043134453	-303.28001504593965	77.16351519311604	-166.52637733037486	440.8792135787161	-1254.845942597555	1277.6182636683416	-6542.0944687452975	13.814768171219754
?	97.23104188300943	-110.66863109198933	68.65206739685722	-108.67034741871991	438.36415891068725	-498.80160794871784	1127.858776205747	1428.9635430011574	5.481247238520902
?	101.46227887674499	-101.27599295466779	71.72999782217997	76.55629198236402	415.93913318127983	-1077.1001845138978	1349.0664408184005	12969.720810195087	5.1469940644347005
?	92.16724223527596	-245.01698352127724	72.47988199597548	-3.4840789198332307	384.5091496849916	-1115.731507081374	1776.3448167155107	7647.8978664617	8.190187241614495
?	89.21142970068095	-2.732814404757239	71.5557938761883	-89.41086533965107	360.15255782721033	-557.4493688982682	1731.4613341414909	-10592.06614092117	11.260547912299945
?	92.0306015150381	102.2125470064486	68.00933872899286	76.46549803453388	356.6366812400778	1631.8986715833246	1246.7415096694447	-7076.387709465829	8.05509263414127
?	94.32205705100346	25.521245895856943	75.37906877791505	121.54825867391165	441.7474914063777	372.84493964535426	1377.6419486681943	8110.818424682159	12.948971504588584
?	93.30666380983097	-87.69273059674947	74.08675166268853	-271.7720792727394	375.27892822234577	252.16075811862976	1652.2824309035584	7539.80823805801	9.89369030208654
?	89.93742052116592	-1886.1332761965925	61.79046481427789	-220.67617014411596	454.3555293123094	1456.7524828908515	1754.6323605711002	4907.564356153196	-1
?	-1	5499.82245161051	63.05294315548257	141.0225990108604	448.1165523668894	-1417.9874799899007	1897.6606487112217	-1245.7661903848025	5.480508026899202
?	364.9285431016953	7906.857751315628	68.84159476482101	85.57243973212769	383.45615531281334	-468.8429181413132	1692.3440510518592	-12251.813820182182	3.8425678417883375
?	394.342887565787	320.3410785542644	67.33156514208902	-267.01969692054365	424.6744064598234	378.0389491996735	1285.069957702104	-867.6211810710097	3.9919937211527396
?	380.94559702940876	-7906.857751315628	55.49060991879364	-330.04491051929847	402.3581027727973	399.6015731035311	1648.962991998308	5930.5403666228285	-1
?	-1	-5513.275741858075	50.82931961612386	287.2511864571924	444.6544851150002	2302.926187810993	1581.5969760332496	330.24783503954023	-1
?	105.2818099365011	2476.3788714141056	69.85316924165346	567.9516398770742	517.5044121633486	-883.8530294525469	1665.4753837502853	5865.439040079221	4.155644555866328
?	122.81894357070703	773.4111983156121	79.22690160997797	52.49732035129863	400.46183364237226	-2098.015744433629	1874.8689280372148	2906.132920533955	8.082694513679893
?	143.95236985228226	359.596342300008	72.47803525921843	-277.42616499977066	412.6036249416656	1294.9418323800112	1810.7820297769852	-2884.065967297588	11.792332787377863
?	140.7987606857077	121.04008711613174	65.35559335998924	26.772420661982796	465.20892526137374	2061.4947589073668	1730.6656296723334	-4572.136357590752	4.717798780825224
?	150.00437420808893	-8.418806899762098	73.81665629231759	201.39082960576414	515.6783628870354	1789.8330816101777	1582.1752118974443	-2869.122023193868	6.885905303639085
?	140.37782034071958	1884.2342518058138	75.4251348402776	-293.3339569349779	554.7005793418839	-679.0545331602931	1587.209528512638	-5.57854563271568	9.132151881909463
?	244.21608679838096	-281.9884233316529	59.14995844556849	-171.67326629647403	481.72563622902027	-2360.2964346112553	1581.8962846158086	4718.448812820071	1.0932495218611407
?	126.27839917413674	-2395.260512457288	66.84147152545377	148.83832139079306	436.68575761131945	-1062.8028552140356	1823.1319691536448	2001.9853762777564	12.426599485540814
?	124.45306117551486	-2545.5679834826988	66.59187451510825	-274.2271221381225	428.58549346831774	1907.3866613340672	1681.9955534296978	-3689.010929803237	10.687557344245668
?	-1	-2509.0612235102617	53.13011541854745	-323.8039819108615	532.0550906780242	7306.480923455866	1638.6814226634804	738.0646768171741	-1
?	-1	0	50.40167541956494	48.349846331105674	793.9095396411162	8018.252395959635	1718.898787270557	2687.9311536394907	-1
?	-1	6394.7508064448475	55.547607735102766	122.60124879411943	932.9677104760116	-4127.72819502691	1773.0779803454568	1783.8943391226323	-1
?	318.7375403222469	19.999999999999716	56.531737859271	-1110.9521547020395	587.5231298897678	-18659.354209519966	1808.09350422669	-35461.55960690863	2.8160542546966836
