rowLabel	avP	dP	avI	dI	f1	dF1	f2	dF2	h
?	-1	2340.310104873018	58.67321949273331	1347.4716212692733	594.1515439149338	13473.375858081105	1307.088370564222	30629.56683262044	4.70876131937157
?	117.0155052436509	2268.180533418382	67.37358106346368	246.79578593915664	673.6687929040553	-360.25414146546154	1531.478341631022	-448.8024412361847	-0.48448696625809323
?	112.40902667091909	-146.0182058342229	71.01300878969114	54.881203812936384	576.1388368416607	-5822.502946172253	1284.6482485024128	-191.63172224958083	9.131858188443252
?	109.71459495193976	-100.07046928148898	70.1176412541105	-15.1847120575755	382.5436455954425	-3473.9356640171704	1521.896755518543	9614.427897108488	10.76019053950998
?	107.40550320684464	-177.04402462347562	70.25377318681237	-204.9000020936338	402.4420536408022	3005.256957601485	1765.369643357837	5572.855144973897	8.66151996535134
?	100.86239372076598	47.83019089146905	59.87264114942881	-40.97953547497753	532.8064934755167	2024.4060887961534	1800.5395127672377	2135.9297343246185	-1
?	109.7970127514181	73.02134645490328	68.20479641306349	186.93470779732098	503.66235808060986	-1520.6563831390988	1872.166130074068	-1727.5108777430482	3.586420027066057
?	104.51346104351114	-2215.9402550283626	69.21937653929486	62.987134030805706	456.7736743185618	16162.955822144257	1714.1639688800853	-128.28953098643981	5.160096067394229
?	-1	-2110.2692208702233	71.35415311460378	-9.875900573996718	1311.8101491878226	10869.023334451354	1865.751653524746	-300.1116777945618	0.16877742276976548
?	-1	2126.2303978301234	68.72558151059502	39.21948821569374	1000.2248410411294	-16329.430928128844	1699.1583849903573	-19059.561777541727	-1.7102075973974806
?	105.31151989150614	2013.4629324460311	73.31512752538846	94.95379694377184	495.33860278138053	-10531.362910347827	912.7735646476598	-13650.595291684369	11.65785800533986
?	99.67314662230164	-189.1199713826087	73.47327135778362	-38.5226237353859	473.65669552373754	-1638.6772003007102	1016.6286204061382	7672.012719519021	13.710750539593722
?	95.8555213223757	-142.1846441561617	71.38899633861917	-203.98246263846158	413.40474276634495	2583.6173331856685	1296.3742006236112	11015.810779048097	9.68548967191759
?	92.56391441449355	-1937.110426447512	63.27414822586053	-218.65171992911436	602.8375621830211	6900.578897449255	1567.4191593585435	7489.007681930728	6.322119942330822
?	-1	-1871.2782882898694	60.45641034216344	-144.37066029219125	758.433687638808	1905.8294068558673	1670.8245847201479	-69.94259698039963	-1
?	-1	0	56.05561521125096	-81.04714165500532	698.1290325258145	-1402.2518833236597	1563.9220295095236	-2612.984694982763	-1
?	-1	2058.6612219172416	56.40405325941317	275.47825977753365	688.321093472625	-5172.6548589683625	1540.1753499710096	-2553.229649056418	-1
?	101.93306109586217	2132.7974101762525	69.82952820012766	388.0179544974988	439.49628957739617	-6357.568985110975	1436.2605470567025	-4127.334859378321	1.968312564230408
?	105.63987050881272	280.2278353168052	75.80495098428813	123.54467584911862	370.44264421707595	1162.9014673455288	1333.8086070020934	-2908.920953614567	12.102486367903953
?	115.94445286170244	269.49761379681354	76.00676199258359	-57.49577601655951	497.64136294467266	5998.989619430129	1290.814499375974	-3123.4310157824025	10.50238586001488
?	119.11475119865338	-66.06307830397691	72.93016218346016	-151.1114807121696	670.392125188582	3020.235610903662	1177.6370562129734	7702.691655316668	7.329185809736112
?	112.6412989465036	-2402.2950239730653	68.4511879569751	40.21805549448029	648.6531434898559	10471.574640567706	1675.9490821418078	20191.355938907214	3.922822943945226
?	-1	-2272.82597893007	74.94106495818417	67.13618482274762	1193.9708572169677	12567.838849054195	2187.204853158335	5451.717697668255	1.8025250589964834
?	-1	2170.5254266765205	71.80799719811249	-96.47297772739213	1277.0450859425662	-12744.043560432667	1948.5349670252208	-6128.046465756669	-0.2922626255899841
?	107.52627133382612	2006.1377745544632	70.11741607181456	-75.55796455812178	556.7686791953338	-19724.89516997539	1880.8025298705013	-5268.107033748438	4.58260012338889
?	99.30688872772325	-48.89586816866223	68.0300989702064	45.409574901842646	290.8003274437959	-1997.6770555724345	1685.1296153377987	-8811.540083561682	7.5497478969847025
?	105.081477925393	-14.437506687642655	72.3878948169067	96.6804115338035	456.884826416712	5116.746310913355	1440.2255256924168	-10007.428256402563	3.7192956863316704
?	98.58501339334111	-209.36563404522994	72.86411954689658	-185.44885909643338	546.6376429894639	810.5074156489598	1184.75820251767	-3203.6521424099346	11.754606425506328
?	94.6131962231315	-1991.7002678668205	63.11545186208502	-472.16448449759315	497.41019719916	1665.2182023651274	1280.04291857192	4295.547903859311	5.3191094460339015
?	-1	-1912.2639244626282	49.2558953220169	-67.49799650456433	629.8985531077203	1428.5613100800103	1399.5355977106358	857.5713654735947	-1
?	-1	1972.587255477234	59.7405520368568	491.7027954886653	568.8382627031606	-3490.6766300346626	1322.9214868455997	-12583.280909059891	-1.4317889677630777
?	97.62936277386179	1889.207103165736	73.84103509645018	140.47359086805602	455.36472160598703	370.9062223816542	770.3715522576407	-9915.373207034529	11.564937942430873
?	93.46035515828689	-1972.587255477234	66.7642315802596	-258.87463444016936	587.3835738222433	8388.749378278193	827.1528264938728	10915.593138668284	7.0378109487010105
?	-1	-1889.207103165736	60.897303374441705	-143.12120196511802	874.8021905198971	4790.928998502871	1316.1512091910554	13616.758291438946	-1
?	-1	0	59.6081714820037	276.6699157002902	826.930023747387	3443.238447060668	1507.9907410658207	10274.95596380259	-1
?	-1	0	74.73079915945623	163.888617076406	1046.9641128729306	-1483.1601987576514	1829.8990073811854	7737.548254758764	0.5558826063695126
?	-1	0	67.802602335824	-197.39284744137944	752.7720138095044	-8063.912515907211	1894.8681538037592	-580.0603481688671	0.5574413173348981
?	-1	2127.9533673062383	64.86115678738725	136.99088969551855	643.7684870775697	-9806.074128023362	1800.895989972742	3788.2345794266726	2.328252567735821
?	105.39766836531201	2098.409206831851	74.65214682059994	159.17205245799622	262.46830740833593	-6292.129808362768	2084.279882775093	4899.16684435449	8.618097925895047
?	103.92046034159264	238.1398992816682	72.81975941028706	-35.62511363043241	329.16199665943105	2519.613938780635	2045.8543321904667	-4623.659616155931	8.511487078035398
?	117.30466332939538	903.7169781600225	72.87089113907832	13.637986711470992	388.44900434736724	1910.1541452798006	1853.0969019672973	-6655.893882034135	7.753396498958814
?	149.1063092495936	804.5466055597397	73.50165874586061	-182.22953877987615	424.66970392342074	1446.6607095042532	1713.0596380887612	-5874.023729498197	11.124932990492889
?	157.53199360738222	-810.4901495470517	63.75941420008455	-41.1158577819235	460.78203982257963	301.93881077378245	1559.3957154923885	-17945.373627636072	9.521723854609485
?	108.58180177224116	-1035.670857612727	71.44586585676444	50.0134500344949	439.7666444621098	510.60160021115803	815.7909567069607	-11896.279910227298	4.579661448530757
?	105.74845072674604	-118.47890846319004	66.26008670180929	23.467558760497493	486.31211983313744	3129.012331420341	964.5817199810257	4724.3075567671285	6.990198287366784
?	102.65785634908168	-79.8595880694154	72.61924379478931	81.55171844796854	596.2172610331263	465.14982337244015	1052.0063345453163	5139.5109810163585	11.581594260975361
?	101.75547132327529	103.77538659884104	70.3376726242077	-1.8655258793967344	509.56961100175937	-5818.880450776479	1221.5572690318427	10110.812212735867	6.99536194468439
?	107.84662567902372	163.69157628282977	72.52596750081948	107.79156920015264	305.27323849430337	-3433.813259568903	1557.546945182108	9466.051805149493	15.945028450047147
?	109.94005013741675	34.74002314649892	75.72725108421531	14.294535516834566	337.8789480233148	2315.324522497622	1694.8598592893156	6085.999498185364	13.829525868015157
?	109.58362683634866	-36.67928131752588	73.2406942766612	-99.26352203903356	421.03946461918406	-150.60611955973113	1861.846920091375	1320.9804065141454	14.48233669891215
?	108.10608607154046	-92.864987372725	70.76407498226365	-45.605242449486404	330.3486420453283	-1885.6951634724394	1760.9088796150227	-5711.570167662382	10.821234487573085
?	104.94037746771242	-150.26043007437121	70.96043215418689	0.8990247263875549	326.7547064455624	2210.702608207906	1576.268411708257	25.529238591420928	12.34122914900987
?	100.59306456782193	-121.89271875878447	70.80902621858303	-5.775802379231741	440.8837724557232	2556.3694411086417	1762.1853415445937	5843.278353946992	11.366025952471627
?	98.84574152977322	-46.01491977440434	70.6716420352253	-25.073877219434255	454.57317850099406	370.71094364942286	1868.4323294056055	1969.9938937314507	9.163721362319638
?	98.29231857910172	-8.344922642613172	69.55533235761132	-37.293066617439614	459.4193196381943	37.6018181611927	1860.685036231166	-1487.6104127453216	9.161627025418287
?	98.42849539764256	-29.868084869436977	68.80698870435333	-12.554978591857706	456.4532694090537	235.2295228047441	1794.0518087683397	-2068.785101749875	8.067922911807713
?	96.79891433562987	-28.069887712187935	68.92758342801844	5.341003606241675	471.18079577843145	564.4011517937233	1757.2457811436725	-2059.7703743380753	7.319583142414302
?	97.02500101203317	78.87787766732572	69.07403888466541	-33.69212618878334	484.67332699873975	2050.949242846352	1691.0632900514363	-2175.9745221517264	5.31062278538495
?	100.74280821899615	-1960.5000202406704	67.24297711857928	-107.53353785945914	573.7282579207487	2966.4748775576336	1648.4470550360866	-2241.9259442493276	2.1704459178276707
?	-1	3051.998745818458	63.697361991692475	-95.07177426241859	632.9970708766209	-538.8923454266156	1578.9669928389703	-3291.347548230172	-1
?	253.3427455099185	5060.420018929107	62.489388405458364	-65.03640462913759	546.783640649418	-2302.2751214505583	1483.8796776245786	-3761.381038804115	-1
?	252.02100094645442	-5086.854910198388	60.445541760235606	-75.81576507227224	517.8833148040934	-273.34491779588103	1390.8979408987652	289.9384984642403	-1
?	-1	-5060.420018929107	58.698600151844765	-30.62881892771554	533.116394759624	-133.31956994656414	1498.3766025477905	4514.573834409737	-1
?	-1	0	58.914100813849835	43.97174648915923	511.2173363067652	1414.9320587080483	1616.6266326192513	2952.595899717791	-1
?	-1	2104.477576030709	60.89718747630272	311.1455334426078	603.8629976950261	-683.2752944603011	1646.0063975336795	-1463.0373630936454	3.8015245490029743
?	104.22387880153508	2128.485805838888	74.47137748598017	251.8010003411783	477.0535715837503	-3097.2872528655325	1543.4747644645693	310.9704040069584	7.173711261014589
?	105.42429029194402	65.36918181156005	73.48723749336159	7.394701131806043	448.99863505175006	-930.432547587386	1661.5549177340274	3562.6420352713367	9.576297391978182
?	107.49233789211307	-59.95661267207019	74.84111254257047	-43.78181198953813	430.53194420438115	-1585.2379581553907	1721.6068662281355	1777.9942902870216	11.122913832131724
?	102.42645965834052	-4.3559523175972155	71.29814689388469	-7.869480670748913	369.7367371439808	-1525.88503535071	1750.4546322483782	1458.6588314804665	8.07482774994449
?	107.27454027623321	-90.03795165021931	74.44763850903303	-93.70603029212195	354.2376924368459	1458.6620425760505	1794.5398078021585	-7119.7686738574275	12.636110101433232
?	97.92456207582957	-85.99199456153288	66.61284537927861	-384.5404713842579	442.66983927278307	5253.219767211141	1394.466198555508	-2788.2769110387844	7.494832186790411
?	102.97494054815658	128.4768432484505	55.2206149398202	53.6008721935598	616.898680797402	3145.3779223126116	1655.1259622502198	3067.69087032648	-1
?	104.34840423825207	1.4772462718198707	69.29288898895659	363.01175482990715	599.9387353884131	-420.73551999143695	1547.8507420718315	-7579.083331195461	-1.3605399145710204
?	103.04880286174757	93.04556128569008	73.3712026813155	72.40535288118107	595.8619047978302	39.57952730663024	1276.171795690448	-6786.873415875495	11.972290603877699
?	109.00068230253656	339.9765693579528	72.91315663301563	8.328165233593582	601.9177117537446	-491.4711970631169	1208.507071278058	1167.0449936735026	10.690212997604737
?	120.04763132964516	182.320770914559	73.78761094299517	27.38018993660101	571.2883449446745	-2093.6144564072147	1334.524045374123	6301.887398434583	13.909470442944166
?	118.11672084826448	-164.3315895676989	74.28216612984568	-241.08792398305212	497.2369889333842	-2457.4336308173447	1523.601441199786	3077.335277286972	12.450169701268551
?	111.83105185126024	-2382.334416965298	61.73321474384261	-355.3904991453112	448.41666340380766	1788.0463150619	1488.390809238471	3255.8253630840886	8.833221251961454
?	-1	-2256.621037025213	56.51264117258018	-13.931175225571955	586.6393046864789	657.2663129620675	1686.3927093539899	7634.83796802032	-1
?	-1	0	61.036655982564014	267.6534128311095	481.2799790519109	5972.037803099859	1870.1327076394857	7734.7136106674725	-1
?	-1	2078.9212584865913	69.89531181413561	204.73749518163532	885.2411948414708	5613.112980959956	2073.128389887362	-3177.3424275120283	4.7035651261821005
?	102.9460629243292	2011.5170411259455	71.27353074164574	0.05566746071451709	761.9356280999077	-9225.499303226417	1711.2655862638849	-14865.757986603801	2.829410109885061
?	99.57585205629692	-2078.9212584865913	69.89809518717134	-363.85924808431923	423.96622968015157	-5240.266204723114	1329.8404905571747	-3387.3997292712083	9.532091954847454
?	-1	159.70462848852776	53.080568337429845	-10.91509489289994	499.92231786375294	5486.324749004014	1541.895599800325	3002.693285619672	5.012293931221233
?	107.56108348072328	2131.6397969985164	69.35234044252634	457.9594378518778	698.2824671303513	-1104.412548132987	1479.9751548381578	-13540.725334266353	2.487051104731873
?	105.58198984992544	-109.0611680176006	75.97854023002365	108.97653864558787	444.7016904571038	-4875.811702522394	864.8593330870098	-13349.883007593997	14.693911737746456
?	102.10802507984327	-139.72316064831196	74.80116737480572	-45.55262263091992	454.4918820042325	250.93596888178897	812.4810044584604	2061.330800040626	19.29724189725962
?	98.59583181750986	-171.98502668862577	73.70090909847767	-46.125662067107264	457.2484889011932	515.5558691509345	967.9258730890407	5727.626261046432	14.143802444944905
?	93.50877374541201	-108.89858861881531	72.49488427145036	-42.586462788199675	480.2696754617791	1138.2230607827848	1098.862317510781	4575.633876009861	13.20616205428127
?	93.15090238656912	-19.88210460093292	71.57158595906769	-14.739816136565247	514.1596419403322	709.9781178540868	1196.707566889533	2731.620325639479	13.320587401704495
?	92.51466851536537	-10.284989437072094	71.7578934646221	-0.93301493623699	515.7685813544833	43.92998118134771	1235.4433337927544	2100.760708134374	13.279768140642455
?	92.63665291471551	-22.47102053678369	71.52493521225584	11.850901582605545	516.3561409993996	173.66081884880322	1301.7456022962513	1352.7084451609337	14.886362581604104
?	91.39111748852619	-39.80730452117015	72.35043854375238	4.550431515409075	524.4516222969235	829.5733559947105	1303.0787560508008	5271.771117412801	11.525124590347868
?	90.64628768865701	39.09222745717912	71.7524567880263	-3.8130376986515695	557.834808799135	49.41004014303207	1565.3341581668903	1912.9277237469682	8.471693543934919
?	93.34572886138514	94.73887650838555	72.1597866588198	9.584343768873714	526.922124304075	-939.8734546263562	1398.725142238149	-2234.5604810702557	10.540057122355226
?	95.38323151407627	53.81070767922656	72.23167397646998	5.694539746722305	510.84113606781733	-462.4155799275973	1453.606134113378	3835.089979352697	4.242570062739018
?	96.03626424534646	43.0508241713615	72.44451364615591	5.473410604220723	503.80134530769527	-939.578027166874	1590.479641205783	8212.509381547217	3.6425677539050563
?	97.53577272264434	128.52256139453533	72.50534450668101	-57.48704436958199	463.8622347094738	-3268.037807200315	1864.2316031907374	10539.325935966737	6.442651423378436
?	102.4623923150732	47.28395028656297	69.57016142767682	-96.48810104195411	340.3994549476801	-3058.959231981225	2117.445938004118	-2667.3332774235228	6.457954487056108
?	99.89997023697248	70.18236004860793	67.68093945458332	26.472461807453364	310.9142731104131	2414.3034079548083	1730.8649393195617	-5514.747485185137	10.163503753022912
?	105.97151031750359	5.609211552424844	70.89378451804949	122.77857470537997	461.1146253454201	5470.250898123696	1841.7085637448622	-6880.614796675197	-0.20232283936322548
?	100.18043081459372	1.413404659853091	73.8198681898523	26.131929687135575	584.4268180165969	1967.4397312163935	1386.834199485803	-15490.723025716357	2.52041182742405
?	106.04218055049624	198.79747457820045	72.20038100240626	-266.46371663471865	559.4866119062394	-3413.520746365304	1067.172412459047	-1797.1253908620401	6.714264707535233
?	110.1203045435037	-5.882763274718762	60.496682358116416	5.935300822277746	413.75078069833233	-2446.424259285431	1296.9779299427014	12098.021629207067	-1
?	105.7480423867603	-92.93103915682569	72.49714604352015	241.62617351094468	437.1653989419683	-1495.7651121960857	1672.0734939193983	3934.075101071717	6.790133000835146
?	105.47375258566244	-22.236402893600847	72.57799103366361	15.977340826908687	338.9625250885283	3996.167981438878	1493.6816849962865	-8992.232181429814	15.73774726877998
?	104.63622224208027	-40.06161702839634	73.29601308486558	-158.51451669457816	636.9737980139115	6257.119793720351	1222.4618848479092	-5377.545897947117	9.675102792566765
?	103.47067173424263	-2112.7244448416127	64.65226519893473	-304.9643357685873	651.8185147745447	4115.547272928239	1224.8043900989317	6943.424201948721	13.450185880980797
?	-1	-2089.41343468486	58.04779629643627	-45.81499745033812	842.7511616603227	2764.461363964875	1569.633094945344	6127.7942656756695	-1
?	-1	2333.2275697153927	62.36151532641783	310.4190469686956	790.041582972788	-5501.019556662955	1531.194103382714	-12030.716840810388	-1.6617117589003183
?	115.66137848576922	2327.0129028785614	73.568748644871	210.977899191078	567.7001838271759	-3799.0204927778427	968.0972529048268	-13718.216305039019	12.820595278651576
?	115.35064514392765	-111.08528235037636	72.9104102859717	-140.4218163467143	600.0905583338965	-2999.9401393213434	845.2832881307655	3148.6909816459615	16.233058127087315
?	110.10711436825042	-302.9155176030772	66.5476578275353	-125.99002729556405	417.7031768611093	-4358.488426971495	1125.5318019871243	9632.708458101002	8.607440510002874
?	100.20486926377384	-338.52617148341045	66.61090892119351	43.19588674827445	382.16613698532257	713.7549000274432	1326.9187110358139	12848.0669792162	10.86512260841118
?	93.18080579407996	8037.139802000007	68.70745216494902	-30.138283888978314	453.3909218624813	4478.993099780204	1767.935150947932	9211.153282737341	7.237849306806494
?	502.0618593637728	9520.662991054556	65.1039947267446	0.9724180570259512	606.115791974332	10001.585362918297	1787.4763751726794	-2449.97544283477	1.3948506928418545
?	569.2139553468061	-7820.997964849624	68.75607306780032	-7.151198817098842	953.4701900083944	4080.0525349380164	1645.436378806194	-7020.456275062713	1.1878225550524109
?	111.011961121293	-9287.804195977413	64.74643478588966	86.48328376912903	810.118418721232	-8197.128907195873	1436.453561419545	-6203.589678158782	0.17806638152593382
?	104.82374554793704	-247.97987959288778	73.08023725625675	-203.24067376950907	543.6137446486023	-3939.644515225246	1335.256894898256	2897.812058671149	8.540059502275664
?	98.61296714164865	-2116.4749109587483	54.58440109741424	-266.04042766973373	613.1361929599705	3434.338155256688	1581.3441643531019	9342.505737391772	-1
?	-1	-8.244172092013315	59.77821587277011	316.3388541725516	715.3306524114361	-1992.7257127393548	1802.382181767843	2742.84592695733	-0.3485297271253889
?	98.20075853704799	1868.7925810702325	70.40134380604177	157.06720978423434	513.4999073230031	-6363.898887351716	1718.4864607009679	-10411.054075850798	3.178191548118384
?	92.4396290535113	-1984.0151707409668	67.6315763619818	-352.46588156950634	397.13570804385137	2607.831687720293	1281.8294779753048	-6123.739033502183	4.960254985774816
?	-1	260.4066557391213	52.77804972756651	-61.33450886237619	643.8914917090173	4129.469652500763	1412.2995090258598	-891.9703706452433	-1
?	105.45996184046732	2037.8775460891163	64.564850918863	366.56999619355236	603.6091906688888	-3927.5765018771817	1237.2309594430428	-7706.059040389246	-1.5092773335271592
?	100.89387730445546	-90.79220336139348	71.10654953724406	87.41573750494015	447.5126666151589	-4188.511099197777	1026.996557006399	15.408105292476703	8.33473129571977
?	100.92035167239766	-16.885493716101283	68.93563779411	20.475343924389406	394.18363570900067	1157.6842723464672	1238.0013647076667	5015.179061220952	12.490907170988176
?	100.0496026186504	-9.059410189574098	72.13031673346353	55.634394484987325	505.39688023248203	2502.8062343763236	1277.7555100674456	310.19841099717377	12.047638359268463
?	100.46738116291895	54.27927994287975	71.71735751835935	-2.0310115123416566	519.3239474278164	-1321.8814923223547	1253.5112852575253	355.23774312154853	11.67879674920819
?	102.76356661579437	53.949724287540356	72.02876615784645	24.483758226402102	439.30280561636454	2214.387698885774	1295.517397223523	-818.6137776579137	17.93740854204975
?	103.16486737729596	5.645745373234113	72.94154542967945	-7.663209937332197	630.0433323721047	5308.865809819353	1212.5805963746297	-4181.340559396927	10.00606915670781
?	103.04585388445608	35.70413901328676	71.64560566097984	-19.62598151419492	704.7460961073313	1874.0351300617974	1086.4503692536773	-2830.733980477672	16.063085563675767
?	104.9500743279603	36.759508611427364	71.96024635396971	13.908234229570319	723.7450888751943	255.2858223643134	1071.0438973507466	-380.0274113221317	15.230948675612373
?	104.88382931502744	-70.49662805440758	72.34101737245835	9.637961376853104	717.5103872255469	-495.8255550766234	1067.4489986875708	209.82402348199304	15.104231177484555
?	101.42524292523993	-181.70306936610112	72.44214442281236	-8.76257152327273	698.9538111213632	-1592.4459641445503	1081.5350985248463	3040.5432815027707	12.842588005097952
?	95.79867584672242	-199.9831303269157	71.90288879629472	-36.500588025637185	637.8880890183197	-991.3503227713489	1219.4761627627088	4399.747690239071	9.591775180689632
?	91.42608640889418	-63.80264526601047	70.61711502153051	-10.519592123691021	649.3862949827959	-371.41639709183113	1301.522483036799	2909.064512243141	8.054339120991006
?	92.6085435834219	13.011552802881045	71.37690919011017	10.23132007452805	619.3172691637282	-1290.2175109584573	1364.9293883748653	1548.191788017517	12.090029930527184
?	92.07666404903823	0.6622466800331518	71.12868102525691	-31.379297784238926	584.8754194348733	-2666.9617966452192	1378.9320724376746	2744.8666027980476	6.97129193318402
?	92.64165591742356	62.29042242165058	69.80794430089823	7.25596464808265	485.96917933146767	-2511.8256652943865	1502.1727185147672	528.3959761240495	6.526456901852734
?	95.19118517012075	45.8806927054029	71.49147925766104	-65.33624121297231	459.2841361701544	3133.568004980277	1405.351871243877	-2375.013436057379	6.927113784102785
?	94.9356905526937	-1923.8237034024219	66.54113224024962	-234.83706773837906	642.647579580481	4972.2974972325	1383.4220467118987	3454.5584777912777	5.266090535675723
?	-1	-1918.7138110538808	59.74962587074213	-1.8663660926554893	707.8990110317785	2140.8848538783727	1578.0797951334403	554.2241955821074	-1
?	-1	2124.542641449777	66.44781393561685	246.57323032398568	749.6918222743992	-1622.4753946670774	1411.133256491004	-13482.86732130964	2.610993016088627
?	105.22713207248847	2054.4191580722413	72.07828738694137	38.636747293967765	626.7752412984249	-4633.644553202978	903.9364290679606	-5352.2721494770585	8.641941658292623
?	101.7209579036117	-121.56673766351119	68.37965130031523	-60.890007187754165	518.0095946142511	-3367.5012200524343	1143.519649017152	7612.648543924399	9.436648038124499
?	99.14879518931294	-128.68861092842496	69.03378702755367	55.09185504220787	458.4001802958038	388.1069782935688	1284.5688562641792	8454.558934069735	8.872570963792029
?	95.28652735719048	-123.04301412073686	71.13424405242562	39.72507810392656	537.4149435289295	-126.87875241270422	1566.2475957206373	7855.890752715401	8.653040591668702
?	92.99664448327611	-50.043442320999425	71.02004093274999	5.440731884836245	452.0562426751686	-580.8834228912631	1677.3633938999478	1835.6035333143675	9.160235203576693
?	92.78435524114052	-6.767444512120757	71.40628064666743	-42.19943001297211	508.37077238436643	-1199.6460400147064	1658.0277723863553	-3749.795810213154	11.924360785940314
?	92.65827225767008	56.54820264533774	68.9100694321014	53.832990708419764	392.0739406744335	1001.767969592553	1489.8736033892908	-5902.233704632297	8.286536417098098
?	95.6117653734074	178.12223806989158	74.0979301820884	103.7691972428423	558.4591708639939	4563.851462618554	1362.9160871547415	-4635.006670021819	6.473208698160502
?	101.56438416116463	265.845929740107	74.09852929424349	-14.224518997136265	620.2665138053604	811.5699729529644	1258.1232698882006	-1330.8674917498777	8.222255740804766
?	108.9040618604127	-32.10103773770538	73.3867042322316	-152.20523876215478	599.037669511642	-4891.234273051671	1296.3727125672478	2617.8693606465595	9.991573356317145
?	99.95933227427936	-341.35356205472567	66.48826735613578	-160.17214980647196	375.70480015277775	-3543.571020673537	1389.0167379205282	1785.359025171717	8.479355579711008
?	91.83638375767647	-233.28637588012097	65.37809674190802	37.17979968733757	421.85911847796575	3873.4398008537632	1385.6406638258334	-25.900401240596786	5.528240039302751
?	88.29501348027335	-76.34524362860331	68.34725734050265	-53.07079870331312	569.3767901954652	1225.5030822308854	1387.7217178584983	-681.7719752779591	7.230205896757686
?	88.01912157624632	-58.76346927636596	62.72455680674238	-167.9547731862323	483.1342725895098	-2115.1365751837825	1351.5520650619355	350.2170982217207	5.4085092010332305
?	85.35684001645507	-1780.3824315249328	59.949518681191066	24.933446660731793	463.61996143627647	817.5157200836709	1405.2325727695843	6643.394920297033	-1
?	-1	108.9481776044327	63.97122913977896	141.7158284672086	524.0100585936932	1966.86268499701	1683.721811076786	7452.8632393091575	-5.172327896663016
?	90.80424889667668	1823.02260166398	67.03531010455147	196.18019549337723	561.9630956861266	852.2965923805342	1777.8757347350409	-250.6212052162219	0.9605896981299238
?	90.15113008320029	-74.52447413410233	73.78023891444796	111.11682038785246	566.6248882127205	809.4498272093323	1671.1907508159748	-2227.14476035982	8.173750108254033
?	87.07802518997151	-96.07006419368366	72.59115112394417	-42.48395348270005	602.4355870465938	1176.1255895889271	1666.5184967170483	-5393.324155083597	8.334355469901961
?	85.34762687351604	-1761.5605037994053	71.65604124031293	-68.64973555751747	625.4311676921677	-69.76495993946756	1401.524543061791	-7861.424195829461	2.8688300531668887
?	-1	-1726.9525374702962	69.15866434606825	-63.55068650185212	598.9473390496204	-179.95020556920252	1273.4472869255696	-2292.374330001807	-2.1046667876399026
?	-1	0	68.47850691522028	-33.347576921181975	616.4336574137075	374.9844133753155	1286.905826561699	2646.093750383928	-2.4902590369762203
?	-1	0	67.49128550000913	-20.81187496409881	617.6965597183864	-828.5400133447383	1405.751974444768	1133.1302863341737	-4.263802583513
?	-1	0	67.43791316701532	-88.62516018074332	575.00665674647	-1.9039402763905584	1343.5623408784086	-1434.3687882384188	-0.5002388538102108
?	-1	0	63.0600274909719	-158.62428875094326	617.6013627045669	2392.215216398988	1334.033535032846	-1567.2787273837098	-1
?	-1	1949.6836914458463	59.50669872946805	-101.80892408714283	694.6174175664211	-752.4998594862389	1265.198404509222	-1767.7894792594338	-1
?	96.4841845722937	1949.4076507662267	57.969581286614684	-57.29335924616496	579.9763697302544	-3286.418051119566	1245.644061069873	-413.7431579640166	-1
?	96.47038253831272	-119.95555640361573	56.64203076715976	-47.5660093208484	530.2965150104404	-2595.4109401937994	1244.5112466110209	3296.0286410470358	-1
?	90.48640675211283	-1949.4076507662267	55.59128082057223	23.69104708961638	450.2058227205626	836.4299351651101	1410.4454931222272	655.5554093015005	-1
?	-1	-1829.7281350422306	57.826583121640596	108.06923729398395	572.1180117686965	1745.8890820302136	1277.2890170760963	-1432.0184513763002	-1
?	-1	0	60.994742685271504	43.29069785436838	537.5002768220745	-322.29545906401194	1338.8445705534111	3756.5550347105423	-1
?	-1	1933.3621992668393	59.991118014359046	247.78190437025376	556.0032388154957	-1708.1803271858355	1465.1167688116261	9574.780462335284	-1
?	95.66810996334334	2044.1040814434639	73.38383790378437	229.47949908239607	452.0912604627815	-2914.5629757599368	1817.5835936701822	8493.47015665884	1.457374426159214
?	101.20520407217465	-1933.3621992668393	71.46509296847901	-169.39404044298598	410.2750900274968	8454.149614353863	1889.790276644574	-4614.457355034659	3.486390323966967
?	-1	-2044.1040814434639	64.91413588163495	-146.55995910891298	874.7987411804807	7542.567616498528	1586.860725918446	-6484.232332933883	-1
?	-1	2081.0877139208874	64.13709501303326	165.94721515063205	787.4034708524285	-7341.231761216548	1565.5786599978753	-12847.984411336512	-1
?	103.05438569604584	2022.7772055897915	73.21149663916667	159.97761637672056	507.73715311964804	-6135.141976141048	944.4615053516112	-11431.073646217043	8.095666749583165
?	100.13886027949101	-47.686915452489025	72.1359758318694	18.147712591079735	480.6463720453718	20.104007216975504	994.024977687015	11291.453085203077	12.614818792583485
?	100.67003992342136	-20.53722998917265	74.11888226872067	-160.25120090673198	508.74235348049683	-649.7677432044951	1509.034159611773	14307.813690117166	9.035621033152719
?	99.11199878003237	-2033.4007984683983	64.12341578653269	-255.81396208206107	448.15798488514656	3084.45611621134	1709.4156621928835	7386.029364520709	4.767230069263101
?	-1	-2002.239975600619	61.32818416461743	-52.192620494476756	662.965159291066	4516.785062948428	1878.3356278378137	2617.7948095491447	-1
?	-1	2091.4113543081953	61.513784761808814	234.73428981593025	673.9972380325712	-2635.244770148842	1840.3054026703426	-4356.607554248087	-1
?	103.57056771541124	1965.26113333469	73.06489865541411	88.2534802034954	531.2029207836221	-5287.883992330245	1660.5052501254063	-8156.3535487759855	2.608008124854861
?	97.26305666673589	-113.85266784577405	65.92645877198365	-327.5123822689415	409.6030384160552	921.5941954337137	1432.4877252315375	-2498.4186299822168	5.539006795503227
?	97.87793432312246	-1965.26113333469	56.689279541966805	-65.45261887235249	577.2826305553084	3692.7010920432404	1535.5843186262937	8088.814577870666	-1
?	-1	59.25353537246338	62.653827828365976	94.35583444685429	594.2380930182198	-4108.311271225148	1836.9284541250765	-1674.2109910150828	4.382830171691728
?	100.84061109174567	0	61.407071264309586	-122.70468850214935	371.8670669940481	-2108.203001064852	1451.8737690755383	-7266.302489244573	4.3052618524651125
?	-1	201.3634642860998	56.51859340325842	297.13765046919167	488.82794296497576	1395.185276046238	1473.6133296628427	-102.04462205896417	-1
?	110.9087843060508	2081.4494334065666	76.26395378776938	308.73597011038544	441.626330796361	-427.35363811923963	1446.77153797259	-2345.8575384239643	3.837569547605406
?	103.07247167032982	-143.3725374012294	71.95539190877791	-182.61137243978052	467.4602610590135	1637.8364012167954	1356.3204527416428	-356.0076298333519	8.392524969227829
?	103.74015743598923	58.314974428085996	67.13338516578023	36.82058565813553	523.5181508572019	1827.4474843479722	1428.9711564809222	2559.5009312507227	6.141308988493208
?	105.98822039173416	-1.0648044986041176	73.79642119168472	84.03096102057612	558.8326352764134	1486.4850156735513	1484.2954993041808	1038.409031773889	7.721256591943454
?	103.68691721105903	-47.45113514412356	71.33493321680909	-112.75950562024273	597.8424016408806	-2378.9225159712128	1480.8916080696174	4114.739494068791	13.654419099491685
?	103.61566363452795	27.842545976825082	68.1584459106725	-9.468103465049047	439.88650947785106	-5942.063333623603	1690.0324740076233	10390.651417771425	4.143570538785795
?	105.0790445099003	-57.96359967896595	70.86152804355663	20.723226578981258	300.73923495969615	-2569.166927837194	2000.424178958196	5503.630661935739	8.097806469089795
?	100.71748365057961	-2101.5808901979763	69.19460723962158	-1417.2305608711124	311.4281630859895	-6014.784699193838	1965.2140071044141	-40008.48357916335	6.796729270522286
