rowLabel	avP	dP	avI	dI	f1	dF1	f2	dF2	h
?	212.77054125326737	4490.490206897827	76.62912944010635	1466.7974442296595	562.9228048039544	7786.743337373114	873.1702622412495	15982.46867362172	14.348835802824397
?	224.52451034489135	161.89019003923647	73.33987221148298	-14.890477350439824	389.3371668686557	331.64435197594	799.1234336810861	1667.3119152945083	13.248790692862514
?	220.8650507552292	-364.65545935480225	75.88460557258436	-20.558106421920563	579.5050224027514	3036.9721982550973	956.5358580059749	3520.5443216914236	12.252534215983179
?	206.29173737715124	-4437.301015104585	72.31196689038696	-508.2468476193244	541.1857767814106	-1294.2880028652442	975.1506497656574	9808.98178340153	12.888647738831509
?	-1	4030.5204918526365	50.47226319161815	-249.13110798690275	514.7906222594892	250.8333514206402	1446.9849471760513	18267.00950824632	-1
?	407.817761969783	7829.729701285938	59.85541149104182	563.3555155052297	553.7274443524426	-2434.546823135286	1888.501125177973	-3252.3218371819994	5.277460127682707
?	390.4864850642968	-875.398997345824	78.64003896687963	11.432224016225094	393.0632811027249	-1748.1493017669236	1284.3688553169513	-4605.054050191817	15.019855594506154
?	364.04781210249183	-7829.729701285938	60.427022691853075	-645.7149237441898	466.31997926409645	5381.658740027105	1658.2484226683823	12534.121286974467	13.77142680178802
?	-1	-3736.8132187726483	46.354292779670146	-77.8231940987189	662.14621810408	2984.0069606396655	1911.0749196656745	1108.435542369357	-1
?	177.20715116385946	3440.7323745175936	56.53586298691713	466.49901244001836	615.5203272960797	-4151.910367922152	1713.6701997868502	-13443.775789753785	8.417714570036276
?	171.03661872587963	-3564.1430232771863	69.67924340167106	-53.72793770501156	454.5506997079725	1404.9130247812616	1238.8861301779855	-42.46109754838013	11.418073249975766
?	-1	-3440.7323745175895	53.84946610166655	-294.2863303248193	685.7659785351428	7137.299147665797	1711.5471449094312	11229.014508121576	-1
?	-1	0	54.96492688543008	-59.35634363119244	811.4156570912627	1861.2228656010923	1800.3368555840648	2030.8887649793842	-1
?	-1	4021.1611995498915	50.881648920106926	231.67521320825438	778.8271218151975	-4695.949019771351	1813.0915831584005	-3237.278233303279	-1
?	200.05805997749476	4030.6863050156253	66.54868754584281	519.1513639377781	576.6182061026949	-3727.0971967304913	1638.4729439189007	-5273.199240227013	8.01258519502352
?	200.53431525078145	97.16042693912291	76.83921711699585	175.567094034664	592.4722619786728	1415.6369503031838	1549.4316211470496	-2947.9633976710074	17.75288839866513
?	204.91608132445091	239.56758889028416	75.32704224757602	-70.503911491223	647.4000536178542	2008.4103933328543	1491.0747740353502	-1103.7574890528722	16.51771812264419
?	212.51269469529566	3.0668744548387368	73.3140215424347	-279.127222726914	692.8927816453156	581.6424183565249	1494.243746694406	-3817.453744338906	15.550684367645735
?	205.06942504719285	-109.12980987928098	61.370681111230304	-314.8901709285613	676.4821745356804	-1763.0621113559353	1300.2020868184047	-6155.929877061257	13.942341623968886
?	207.0562042013316	-243.68717932823787	57.56951299600662	114.1384351814054	604.7396760775188	-4245.351310807411	1186.4472528413428	-3480.652373392245	7.9991735121523515
?	192.88506608078097	-535.2613532902781	67.07760287030057	226.15644404554197	464.21460899531013	-4367.149899471796	1126.1694681487927	244.13792383808845	14.71256758069723
?	180.29313653681768	-380.25226841883773	68.87733519828373	96.17411483079584	386.38218110392876	127.50479565439252	1198.6541490332472	886.5134386071569	21.242959025888815
?	173.87245265983907	-237.29217863864656	71.88630861184036	147.3040915516198	470.58984877802976	4836.820791759739	1170.4951400791506	3868.8911630870425	15.645312994093302
?	168.42852760488535	-173.56990443731533	76.24253977586473	80.16663617022367	628.2232206919159	1378.739568807514	1392.0987071875995	6518.359723402886	13.642042592150691
?	165.1939574379733	-125.65917282018563	75.89464042035155	-153.78250485765008	539.5268272184055	-3094.438087149201	1496.4131262492951	2511.2529554277057	17.419359788795088
?	162.14556896387606	-3323.879148759463	68.55341453298222	-574.3542830214252	473.50131633445574	1446.5363528121143	1517.661354958985	2392.922271146988	15.448641193930587
?	-1	-3262.9113792775183	47.176926269280266	-134.39263810345867	611.8536448590113	4832.985989799577	1616.0592398066447	9388.172001712052	-1
?	-1	0	61.83378262780928	337.5229869745281	715.1506158244348	2734.4015478165375	1987.069955044588	7051.5423703278	-1
?	-1	0	64.05307561800669	90.74496796881311	748.5737222498383	-1278.0929500865807	1968.636358323035	97.74114141574037	1.8249792132722247
?	-1	8429.057648339585	66.37103102624994	37.787994830405545	651.2459683201057	-1927.963127806991	1991.957012115375	1131.9690552513057	1.8983133937400831
?	420.4528824169796	8511.388820513772	65.94247535952697	-113.6920940603891	652.1755658594886	230.58045173828057	2025.2348110856003	1161.049945097078	1.5953539348165373
?	424.56944102568895	-8429.057648339585	60.68642632323048	-422.32212159407527	662.7749909070197	1454.5601905033946	2050.009509370229	-4688.835216384755	3.100182382195589
?	-1	-6845.415741282807	44.82636927982318	149.63908184305708	724.9035753846584	-2797.464794002583	1790.7930502663623	-16985.767367250177	-1
?	82.29865396154824	2511.2881579391633	68.16838041538334	618.1149003129247	522.9017512068905	-7199.3782451196375	1200.7211410077193	-19756.20763827288	7.426017006844384
?	124.56440789695827	1641.7651435808737	75.73211429546944	-235.7957993434642	364.9346631286762	-1517.128369261894	802.9826683527174	-6869.482079675311	7.802567372421642
?	164.386911140592	937.8910981111969	56.37859044821012	-358.5527747094596	447.0453327437957	1951.7039780319105	857.2470370239535	18643.918275815377	-1
?	171.45896280251816	580.3101432489808	57.80447555999645	281.94799588224845	462.51986203027184	-1035.92097853012	1735.1785821434871	22169.084700323976	-1
?	193.40241830304106	799.5806212853505	70.47599024232255	388.98491207185907	395.24928381728967	-703.3362932484278	1965.7012720401533	-3309.282858169515	5.663235805626501
?	211.43799386678572	280.0325673581589	77.25372116358942	-147.89783724087044	427.3530473678504	5903.884551008427	1569.7144392350112	-12775.655105370286	12.87352083371466
?	207.40404667094901	-4248.7598773357295	63.08109838027902	-371.9183722921986	690.4435113677113	11176.777593368228	1326.9185167716385	486.7081041411001	1.258847782143288
?	-1	6361.501410331995	58.657802548979554	-178.40750239235908	986.1919270362598	6180.721532482152	1594.0498444420662	10732.953908124584	0.8911814822279547
?	525.4791171875477	7430.284355003952	54.1607232606611	147.2120449273485	999.4795879918178	-4888.497456282032	1863.5662121778657	545.2713467428813	-1
?	370.5142177501963	-6582.035928551055	66.01840479534695	430.25537167533383	741.7670542221591	-12051.668356474645	1621.3134117792101	-2618.6066232992744	3.0559806134726677
?	196.37732075999614	-3717.872576944112	75.67349184442772	67.0490250245157	396.8961701680876	-7126.842218891343	1732.6358810129025	-5378.254665310593	12.174391517223668
?	184.62058890299133	-369.7458586249157	69.37085604657273	-425.3862818450562	385.42494327759323	-502.303512647157	1352.4006785136814	-4321.069439232512	16.99237090983748
?	177.89002782875042	-3712.41177805984	54.40417775217498	-688.1401038489463	371.78099453572986	4180.855311660217	1516.5824090512776	4324.565080941481	-1
?	-1	-3577.800556575021	34.96385085412553	-433.40597234302845	594.4677088606034	8154.897288910149	1568.6289325607547	2617.5572568188545	-1
?	-1	4503.985839451467	32.733879135023635	487.69032892117184	779.5258589812358	2931.5024562175918	1647.46027189222	1451.8887419274877	-1
?	224.19929197257255	4105.066926637314	59.34836730018404	875.6142884305779	741.0428316714824	-5274.756284218122	1641.2233696571288	-13989.363019963803	-4.2387764008001065
?	204.253346331865	-443.59681647563536	76.51459355655237	313.34163944481986	515.7880447703307	-2822.074050872319	947.9921208940323	-14455.090094243498	10.899928578165348
?	202.01945114879086	-21.49768838366136	75.01544927242497	-54.62409364701178	599.939129127867	1657.0455041172104	918.4688649449565	-1225.6597414857308	24.866936129569478
?	203.17846191268194	-9.649619676014856	73.78338887420179	-31.26610947233797	598.6403199761909	-91.66757734546569	886.709133819746	-205.30445132868937	26.81994488854314
?	201.53697016499012	-248.09167334501726	73.45214379880808	-174.1812300195091	595.3557502605937	-1519.337714021411	908.2036423785221	5896.75253518989	22.112673273660512
?	190.77387824543112	1952.6729630334037	65.07432737322637	-214.41027451428516	522.6734342751206	-3043.9201702404143	1181.5467605792394	14832.703548533817	9.621606548701648
?	299.17061831665995	4279.411345695413	62.73163007309386	-70.97410398755042	443.15974174857354	4992.439123413474	1649.8388198052103	4873.627993676677	7.890854029374463
?	404.744445530201	-278.71485090941616	61.52562217384886	252.87161738961336	772.2953904457934	-1238.9707437336504	1425.2281602630724	-3204.2302946716995	-1.8925807599513298
?	285.2348757711892	-4529.442844213375	75.37521094257448	313.79058832761586	381.21120456189124	-7777.768295662228	1489.6273050716259	7722.392644651068	11.191125795857655
?	178.27230331953308	-2272.8349185319453	77.2151515902296	-237.64498875671222	383.40697566268335	-248.98458069250157	1811.3477924956244	24.987823757828753	12.512865394039949
?	171.59312984459234	-3585.4460663906743	63.492961504738915	-496.7385487788193	368.7619755272662	5501.026598192278	1490.8766962595173	-7479.4778907511945	15.01430682373756
?	-1	253.06313401790624	52.37822415128872	14.925070190866787	658.4583055722962	11037.434987750052	1437.373897958066	-966.5987120476927	-1
?	184.2462865454876	3484.336411766011	64.23921501428225	424.6669105173485	920.6337249147667	-3624.8757796288355	1442.5467606571328	-1785.1196557430985	2.985104128484909
?	173.21682058829995	-367.2344343036504	73.61156967715607	-117.15111890373491	477.2145165908551	-6103.884902305291	1348.1179151709114	6762.557633376074	10.204147599032051
?	165.88456483030515	5098.61075802505	58.38165906909553	-327.23287009244916	615.4394797995033	7031.920512619062	1780.6746423259353	8921.662754457766	12.75086338503131
?	428.14735848955155	6242.904257173658	57.24992617253367	57.19916568892493	828.8105422218069	-1090.9159450705845	1794.201052893798	-421.8219088802531	6.081533449567957
?	478.02977768898694	-4944.547300613327	61.24161735354176	212.8828460107335	560.8936825459742	-7103.611649927153	1759.5835468819228	-15305.749750520175	5.758139582954332
?	180.91999345888607	-5996.448300508408	67.8940684730703	188.14037258415848	473.62995972545053	-3177.3814323439274	1028.913565367792	-9432.153882793933	11.549108699591631
?	178.2073626635676	-120.68648541047182	70.64863598274965	88.6307961256239	402.02461092877843	-871.8117786942443	1287.9758527422277	-54.18865596743236	13.404981814749409
?	174.8856691883625	-179.86034388973513	72.32560827935149	132.4129568254272	430.0393707907385	4455.734071317363	1026.2041325694204	-2534.072202515895	17.750311179234412
?	169.21434546908088	-239.30735270613837	77.26928382402099	15.702323089625791	624.8113144946458	2310.7799299283834	1161.2722426164335	2804.696316785449	10.73697503401754
?	162.92030155305562	-3404.28690938163	73.11072443383277	-448.67487607530353	545.5783672871572	-4105.114031201332	1166.4389484086923	-2629.8470368956855	12.851199938513483
?	-1	50.766844075697755	54.83554002025589	-217.39271053287715	419.5556129345799	-407.47542094580155	1029.7798907716497	1230.6344925802748	-1
?	165.4586437568405	3508.738384756752	62.24108890718895	120.46529364084478	525.2045962398672	1686.824606636841	1227.9706730377059	-954.7457434388446	2.176473115309255
?	174.43691923783697	208.28124022724654	60.85880470229811	256.6372958787978	503.8968432664217	2811.436399521834	982.0426035997076	-2345.3885853688316	12.751218735375325
?	175.8727057682028	95.95353981618962	75.0729537011288	278.12599278563	665.7764162159584	4600.23316812541	1110.7012437692647	5695.99481156366	16.55250703489299
?	179.23459622864644	115.74954148316392	74.76510434157956	-189.55551591913928	733.9085016726914	-2386.817184989058	1266.8423441778896	3150.5064272760615	17.94697725607145
?	181.66018284236097	-3604.6919245729414	65.59517790517187	-561.1371623886732	546.4355569665059	-495.13538813655435	1268.2265651330672	5272.179287092214	13.742783850013154
?	-1	-3653.203656847232	46.708246222145995	-428.95157016250744	709.1517322658638	2372.073365343253	1530.4513085324993	9406.297531899505	3.366377215001295
?	-1	0	44.14759939704657	-41.56809314883845	665.0392252336682	1145.357909679312	1738.5414417280408	11.974958556993485	-1
?	-1	3437.84047491977	44.62984156470408	592.8865488792911	766.4196277498292	-546.803906518082	1531.050056460349	-11867.085716711868	-1
?	170.89202374598787	3232.919628700773	73.79192684101102	447.8465512899111	637.6990299077642	-970.1877066324335	1145.1871558924495	-4685.317459588935	8.395862439815705
?	160.64598143503807	-11.605262972180453	67.02216912919955	-127.52175494729175	717.9102424182076	1117.0671796695403	1296.784183480903	2891.8261881517233	3.96022664931707
?	170.31176059737885	82.73154235774685	67.41583909364645	68.16097663032276	693.552388891241	-1679.4149274522774	1289.7784653000351	-3848.422007464669	6.152438125168904
?	164.7825585529254	-3426.235211947589	70.43021796071568	-543.9932299929496	633.9394960455941	963.6309293960687	1104.3630831076703	3094.0017580551985	10.564398826033
?	-1	-3315.6511710585196	40.21617759399907	-546.5794873596229	741.7339353610443	2553.65272339762	1444.4785532027945	7200.475863441568	-1
?	-1	3401.3947412276434	43.10124359273463	655.3210752260144	761.6221322154746	-4900.165605462351	1464.3868762797474	-8804.426097063257	-1
?	169.06973706138157	3323.407866424543	72.98223135529968	626.9463511586152	496.7256550879276	-5282.261610602133	1004.2572483496332	-10338.704340831124	11.887730350918678
?	165.17039332122656	-165.49278933101394	74.44856115066528	-178.26725022636742	497.5090516853689	1325.4614888199435	947.4516592381931	-434.10315275342936	21.380843438820676
?	160.7950975948309	7635.977815875396	64.06886884398134	-335.0926898709314	562.9987295289245	5976.114836022327	982.5520907119618	4819.206053616353	13.938750087828305
?	546.969284114995	6.23620327490928	57.69392665711877	101.10688561988589	796.3147934864842	899.7882284525767	1188.4119619190099	2442.4367231550896	-1
?	161.10690775857637	-7821.915709318651	69.12421312497561	260.3001765212931	607.9881409515532	-5340.550176131276	1104.6739268697158	-1433.9479975568433	9.66783993001935
?	155.87349864906386	-208.58163677320607	70.70893548318338	76.11527961105195	529.2872846799213	-1198.0775139623731	1116.714562041168	-73.75220188836946	17.25392265281552
?	150.6778259199161	-220.2850692481294	72.9299771055282	55.69181190311687	548.0842652534348	-149.01792383073197	1100.9863167752974	-2003.4068580843725	18.342618158414332
?	144.85924518665743	-195.96103502145024	73.49352607833922	41.51241987001911	521.8363884883847	-2705.6968066116046	1016.5442191369497	-4681.572311872356	16.364844282610257
?	140.87977416884362	438.9198413631315	75.00559809902914	73.13934483285945	412.799424922855	-3036.9841106799463	866.9077011816804	-2937.904599946825	6.67189963304681
?	166.80523725481393	538.2753601816088	77.15049331998218	-211.00899943845224	369.98718295438795	778.0986142111799	869.648989139609	8015.379289530032	15.66833852309438
?	167.79354217792397	-38.02729429818569	64.45514812710657	-126.07857583774023	451.70435563341385	2363.4387777319334	1267.6766656581806	4607.593191561182	5.36635654180667
?	164.90387253990465	-12.685216340227088	70.84656452809519	53.10006026418383	488.1591218409842	1608.7048734463656	1100.0286487176672	-6550.159061594502	2.042043864205342
?	167.15928136091262	32.93297691806413	67.11015114031575	77.96319179196415	532.1395993057319	3254.8954254137107	940.1687125784566	689.0865356613338	12.932248482911879
?	166.55052138580785	-82.98837406153412	74.74472411769338	-60.073589229961826	650.9038931116692	-1539.1162621289661	1134.4829755007338	9630.9097734852	15.873191718508627
?	163.00986265783592	-72.49711425671504	64.10647167881767	-12.118334673390095	455.1837861992838	-799.325878926391	1421.714201252715	-1093.1689135884965	2.0181271855851617
?	162.92566567297212	-49.907831012214	74.13880738402388	146.67712511443648	610.9375991653498	1233.1671059600294	1079.8245298213092	-7822.162911574011	13.013979579487563
?	160.51447110722523	1.545348824508329	71.44032793453947	-180.5999013565913	516.8421414972851	-3683.3836826275096	1030.6060556740158	5296.4015967222085	16.260922321702516
?	163.00293311419753	764.779919424049	65.10881231619435	-101.28919458904001	426.7684150339749	-2281.534037054296	1344.6446096574186	9954.540606776698	14.686794427580116
?	198.75346707842755	1594.2458621014298	66.37586820508749	248.48222453431364	402.7654396445707	525.5998039535843	1528.333086012849	-5711.434567668654	11.618583948132697
?	242.71522621926874	772.95146426389	77.53292354290998	147.94044733843486	453.04840523165404	544.8604692671821	1059.072881273987	-10374.335663240516	16.909781505854266
?	237.4010402916219	-785.6483819384425	73.7728905720092	-187.37310500748103	430.0084631079297	-928.1781063354446	1009.616302850825	-381.1213840706446	13.615205056453604
?	203.43280712234676	-1251.3375669422453	68.16426829253597	-201.9075748194389	406.639499914882	-588.763899494048	1040.0168120704548	3021.0561709464214	14.087701021562424
?	174.83416194450987	-551.5948965152998	63.67751183103729	73.1431544786889	400.5702681332274	2940.5078235471537	1160.6691113981456	1087.1092627487171	1.631812828952517
?	175.85306229658187	175.80754604377836	71.8214260164704	121.4375465216851	553.6648910922392	116.01414083951495	1094.3722752078904	-4932.5572329874485	10.81037443674608
?	183.62453924669876	2680.0936264137285	69.74938915712153	-241.2176847442126	406.3709751752031	1550.0360250003346	914.041249748774	933.6503753923568	16.12262676342607
?	309.85774361726783	-3692.4907849339884	59.76054177925981	-125.00484882517598	631.1666923422556	10330.46740104836	1141.054793977508	14038.274001250622	0.9650432968035689
?	-1	-6217.154872345379	63.49914671586275	38.65364425994357	922.8943452276193	10474.210640238989	1615.9549498113026	11818.104491862046	0.8728832729265798
?	-1	0	61.69322399225698	-300.9888046689647	1154.8772243542032	-1054.4931741381415	1731.9600185706083	1512.6548257263275	3.3970305483161467
?	-1	0	48.44970648241457	-14.984368610795027	870.1696865207124	-9939.203662905977	1691.5876910976187	-1548.4685284080942	-1
?	-1	0	60.94400556171723	359.7849573757203	657.9170412089062	4076.4248565679904	1654.536592150204	-2717.7137357450833	-0.1240449405861368
?	-1	0	66.43895435120052	102.61067492697643	1073.9909293491112	4437.687369156397	1555.702004310365	-1219.7638928562035	2.6269205841674332
?	-1	0	66.07453930806604	-10.821555385135792	879.8014096667253	-4898.935762230514	1593.548397507394	971.8622711187516	1.779654552386193
?	-1	0	65.89787658194373	-32.126672834894066	829.0441412375864	3670.407152988136	1604.2951178663025	-262.3539137013686	0.11497132655545009
?	-1	0	64.46820566632134	-194.48987119738274	1063.3217673161314	2610.1584582283795	1580.4307018223255	1593.1869744990001	1.7962753413601755
?	-1	0	56.17338302207463	-409.4302605613513	959.5520641490049	-6002.43371220769	1683.9544665912522	601.7474722380415	-1
?	-1	0	43.99669263825385	63.402564072965305	763.200081705748	3524.41875067084	1610.5180754342275	5099.975672223754	-1
?	-1	7938.2253836374975	59.343511225722885	498.5412040684907	1135.7730016825462	-980.052639049435	1938.953250202439	-33.447215263918345	5.661037297889744
?	395.9112691818735	7592.016977178591	68.9237528416783	22.05541104931506	714.1974497532764	-12821.773871079487	1608.8457146710316	-14154.530749621641	2.597698454671845
?	378.6008488589282	-7938.2253836374975	60.446281778188634	-169.9471906170338	494.6843081285741	1406.482666936468	1231.2267127213595	-10443.722268685175	4.734159078535678
?	-1	-3086.721140229249	60.42639331082663	274.78472006406304	784.5215831000995	4026.172796135875	1086.6596012367747	-263.99283873787317	-1.5200925926939024
?	224.26479184746628	4348.664576988947	74.18551778139174	126.51104999090936	695.9929479353672	-5220.650190429196	1218.0270707844659	7231.343187106489	7.976072770709613
?	216.43322884944658	-4505.295836949342	66.75194581037208	-640.5389777716948	523.4890735786406	-2474.9616785921803	1448.226760592098	3436.094660009679	14.330459077033849
?	-1	-4348.664576988947	42.15856889280711	-277.99738206950775	572.2448640057586	3899.2186018146913	1389.8318037849492	2810.012723699566	-1
?	-1	0	52.85207670689674	177.35981845129734	718.4500036693745	2967.6514750475794	1588.7273967770757	2108.347352517083	-1.7837641087066867
?	-1	6939.645669994225	51.02655981537195	377.22051780128845	720.627437758137	-7199.842921143773	1495.249171410803	-9775.806856863153	-1
?	345.98228349971	6753.9935105722	71.7131025969611	530.4115384251543	358.4578576121871	-7631.229334115955	1099.9370539339197	-3897.749150966697	10.122009567286508
?	336.6996755286088	-560.3689993722194	77.54713673662957	66.17375488233729	339.06597105234067	-627.3958434377425	1300.3617138624688	3765.976275386069	22.260968368567696
?	317.9638335310991	-1018.1380280956503	75.02179034107795	-109.932193750309	327.0880654403001	-654.4077055057562	1288.2358677032225	-5433.8577216687745	11.642220572091965
?	285.79277412382646	-125.13832993005552	72.05052704911414	-10.238869197767464	306.345585777053	-98.87223749032991	1028.668827779031	-2725.665250773482	8.817658381520282
?	311.70691703459636	1316.8582938369038	74.50984688118957	71.32504009062441	322.14445356578364	947.7194025725794	1151.952605164549	7803.246417903733	9.349649255188217
?	351.6356888156714	-513.1038999435937	75.61677905364535	-30.472181238311684	353.7315559056818	555.3394837518484	1418.8311486742164	4005.7960727757477	18.735087363759398
?	286.05172203741677	-3687.197529541185	72.986237819274	34.6577553002278	349.91142775337596	-293.1410028078948	1352.2424088033356	-3280.2834312573013	11.282358616760664
?	167.27581233861284	-2441.850983885588	77.34966681865673	91.6860787338516	339.0745057652871	3234.8848430109024	1254.816977111352	-1257.4445752452402	21.51200804851861
?	163.9591728431378	-261.1185155079804	77.57054175596656	-78.80574077070037	511.6556699039205	6816.883968418882	1289.3701800410738	-1407.3987789545622	9.080219165519331
?	154.21988656321386	-395.16031777430527	73.40937978012173	-114.6171376735215	679.91870418623	3950.342888359167	1184.447038163624	-4246.2917510037205	6.966815122326298
?	144.2011569544226	2418.8670766681653	71.8396848722905	-164.26801877770575	709.1728143218782	-2604.58472617521	1077.0555924908886	2802.271452906749	10.683392377823683
?	275.1632403966217	4340.8858745790285	65.19597884123647	-31.770157021876855	549.68946787747	-6785.056614509337	1324.560610808961	7377.657963057426	3.9677594444641096
?	361.24545068337324	397.09681276298426	70.25117702119667	69.25356295756014	369.9199835964125	-3753.1178971712934	1445.9384906437585	-835.0983428639104	7.160733555123071
?	295.01808103477083	-3767.785604615794	68.65865698911446	18.39476431981985	362.03357301890594	1117.2626491456065	1282.8056936657656	-1238.9883495597949	12.218259490817728
?	172.8561704525842	-2659.2385244125044	71.17091523718766	126.2832956403513	425.78311605369265	4576.703890939293	1383.989073165769	-783.9965656318173	10.217786693982202
?	162.05615481414608	-258.222610074798	74.972821771132	-99.19839922120112	590.8687675658698	1018.1036111756853	1243.6058653841749	4767.997126675108	12.76744488680404
?	159.94503994884434	-3261.123096282933	66.21099527612762	-357.20093470851435	476.68829661247673	4589.682003520347	1622.3889294995236	8348.21423943835	10.249317725331181
?	-1	458.30324326495366	57.11277503570635	-137.89051952252854	820.3528677418864	-857.2963700968747	1661.016577356091	-8949.93468410029	-1
?	182.86020211209194	3838.0720837337853	59.316469300001216	394.47887790058815	433.82347810763315	-8412.950027252096	1174.8921952945107	-9903.544511770131	18.847286096331104
?	190.9036041866886	-29.011891124469106	76.83671893073569	355.8921516102272	399.705366379283	1789.5031475500646	1165.839351767586	1982.7288998073552	22.184164541703574
?	181.4096075558685	-539.8256650719727	77.11107688051251	-42.51708958100992	523.2986354851361	2839.262128299117	1274.028640284878	-1300.9461834499234	13.452580904957305
?	163.91232093309006	-404.9632062494314	74.7108644516852	-58.487952017005604	541.6684727942384	-1139.4550258025045	1100.7920425950902	-7462.294128596179	12.104439713899783
?	161.161447243397	-110.42465012749216	74.18667927966224	-151.42609718068482	466.32588419501104	-149.90438313979948	900.9139338550705	-2291.128736509212	13.287601123132376
?	158.39108842671547	-3243.228944867951	67.13955959265098	-382.88432841474867	534.1732536372484	2150.661352943973	986.23560576963	388.71971369789344	10.414887050190897
?	-1	362.6009725557789	55.04246285892488	88.54480486348396	573.8589518422093	-1316.2336440946992	920.3499195399651	-4122.780019536425	-1
?	176.52113705450435	3526.032664302652	71.56679983582517	464.6121620245864	468.3615714325137	-3346.5849819674845	780.0966047928094	-3518.0216761298207	13.175441703378672
?	175.30163321513197	-95.20990230594157	78.27307096015412	79.11290494798323	406.5297027438357	-1595.0436772149237	744.4488357334747	6967.420416481723	21.052585152606294
?	171.7606419392073	-122.36628869893808	75.52244508322431	-46.647815555085565	388.6093875717678	907.0070559344035	1128.4676256168943	12903.96380743041	14.683236371469693
?	169.1833187801851	-67.85323159680924	75.94068018239985	-21.88250174747659	451.8800555405557	5503.713095647558	1389.6470261049928	1868.0740078781103	13.52200607507083
?	168.36798035936684	36.841667472238115	74.42831999585049	-261.74481034256394	663.7950423541447	-191.41662659823805	1221.8713260107995	-4935.0530987615675	13.983683778982904
?	171.025402153797	-3387.3596071872885	62.853439665271694	-568.9325848764446	442.30922421064383	-5087.758417129288	1142.8943711669153	3757.8008450605207	10.148129132243053
?	-1	147.56628614129698	45.98169075202785	42.14711457608584	409.40712149767666	1860.476788279544	1409.7613682638282	46.09817117127412	-1
?	178.40371646086194	3260.422115822745	64.96079539407602	421.06141986760673	535.3330636246224	2627.1042854308394	1145.199279725479	-11533.563595629024	4.48102822744785
?	162.02110579113958	-3588.074329217188	67.03476174540849	-234.74917163014092	540.7623357692205	6328.318878334099	833.0831884823688	257.9356162088525	11.438644771638385
?	-1	-3260.422115822745	53.2233368125688	-409.87406019183254	851.7490075413318	4057.5012922787473	1158.0960605359219	13190.715056037687	-1
?	-1	0	46.54105873581657	-266.0240469031625	743.6374003831608	-679.6441211886889	1492.6189412842625	10217.341086875591	-1
?	-1	4057.0225805666482	39.92213446741049	464.74318845657655	817.7668014818969	-4212.402610086176	1668.9631148797087	-2727.482470614584	-2.053761426026245
?	201.8511290283353	4224.6700333495965	69.77821815864573	711.903531841237	533.017269878849	-4024.4234821031405	1356.2448177535314	-14526.969910083453	2.3259948643221975
?	210.2335016674828	599.2316291986049	75.51731105947285	155.6586507900298	616.545627376737	3161.981316827985	942.6146193755257	-8778.222635724198	15.711649704139125
?	231.81271048826596	804.0027624559649	77.56115069814733	41.73155957197222	691.1163357202505	-2769.2988520272597	917.3336859673152	-3512.082285049644	15.66354529527627
?	250.43363979028163	472.15303242066295	77.60388903807149	-5.801299253473277	478.08068477537205	-4653.926735740883	767.010505123041	-513.5993331378832	22.536644664683212
?	255.42036210929945	-2.2861636427364505	77.27108573547366	-10.299705265558853	458.4199989332031	3980.0930811791286	891.6537193104207	530.3125539127761	25.71286522701285
?	250.3193316081448	-310.39017050893005	77.08890377479354	-21.248646265676125	677.0853388343313	4959.759639642906	793.5261328186801	1651.6293673965963	24.78520076811198
?	239.90085358385272	-983.411732647709	76.20865342218984	-83.09688111217777	706.4079809153519	437.2125296525389	974.2351876802517	2194.3288225260044	21.753103316784042
?	201.14874497575866	-1717.8968223825063	72.93405971918459	-214.53030683868727	698.9459653169586	-4023.571390030108	903.2425739449819	-1364.47514563455	7.841541899229455
?	154.00601246472618	-4042.974899515116	65.48213808025533	-510.15072525869556	505.22941141384365	-2194.578998329094	906.0114303985232	4253.079017425112	2.234043204419819
?	-1	-3100.1202492944794	47.42652345624945	58.16109149434996	589.2170154005023	2725.1148917504725	1115.8965248162406	474.65329209471525	-1
?	-1	3518.8520514523775	68.39019265497286	534.4910289186821	641.4851560013692	573.0645766919233	929.7440950032593	-4508.636624974438	1.6394722450546435
?	174.94260257262138	3444.1666915087962	74.15107490218394	87.19110769637457	617.8702442350989	-3381.3342045192435	890.4646935675155	-1370.3323810406923	12.013132485302183
?	171.20833457544225	-107.09545443884754	72.74974803979166	-4.576887278262453	472.4184457754046	-2903.477028269409	861.2274759512237	-600.9605237300804	19.98202414805153
?	169.58782985067893	-139.3783958104055	73.92223053827081	26.685366625899196	472.6963928216264	-1193.4154191246068	860.416667381011	-32.22387555391333	21.94865476192128
?	164.23941478492188	-151.7777647604397	74.08401637108663	34.42483972381731	412.7476748191734	-1877.8438123576366	859.616282173528	683.5683097895839	18.77613538232037
?	161.99894161265684	-9.31040365680347	75.6434725244617	22.137357657349494	378.8042022037432	-278.3966288947107	894.5950828704907	2765.8228314578214	18.759409426959202
?	163.7738946020817	-195.15826250575236	75.19088425395412	-159.3996263076943	398.8278433744377	-835.1876826369637	997.907423746421	6656.677925605821	17.851952295588568
?	152.24102848736908	-3295.477892041587	67.67349120907687	-602.0736558224215	337.04481807189444	1237.8353631986995	1227.4289791507865	8939.59937166263	13.494335723792098
?	-1	-3064.820569747338	45.08720146283262	-524.700664249714	460.71961153437354	7436.00055230633	1444.887392329559	5420.183512366675	-1
?	-1	0	41.4384579965908	250.62158268627016	708.8448456872162	5852.476052688637	1498.4381547691241	8075.234940241507	-1
?	-1	3709.776888739231	57.6182805971463	724.542443568425	753.3434141688096	-6144.624781086048	1848.64913934164	2139.7047851699394	-1
?	184.48884443696417	3464.7832162101904	77.66558017501257	213.4383229007886	401.61360663290947	-3487.282012192591	1605.4233940276226	-10604.89387716339	9.766667627959581
?	172.23916081051198	108.3618524011685	68.29019674218588	-232.46394376170667	578.9793135591775	5461.039628977949	1318.404445483463	-12060.467769930128	7.708943310424519
?	189.90693705702267	300.84098483882514	66.04238298692707	126.66949112107422	674.6655880818108	3168.163850285712	1002.4000055311077	-6275.363087935204	11.190431121582415
?	187.28121005245345	-238.75860692395182	74.62367129823969	100.68638015149843	737.3875060734654	-2046.552407525301	1004.6362910866983	6449.208246589685	15.111973944507819
?	177.9690067108249	-494.4870858805698	71.07670199450206	14.22251053751361	572.3379677055443	-1356.329187507689	1324.8604178605965	4878.347249824036	12.007397438500485
?	162.5568557584246	-322.7788863417447	75.33479682511538	-198.95489202223092	669.57104669808	772.6822801350321	1248.5536535779036	156.2596846518705	10.97240935631232
?	161.83006239373745	-3271.1371151684457	61.12895739339037	-532.718289619582	610.9720817122965	5673.707228638799	1332.6734020931901	9067.828078724646	9.307476585070436
?	-1	-3256.6012478747025	48.698882344135896	-286.73244199964745	953.2564081300239	3548.367795980475	1701.9450575141423	6704.05039522198	-1
?	-1	3614.903450827465	46.792335293407795	439.5554213401451	788.3904715113227	-8038.779702585324	1667.875921854294	-6549.864466005832	-1
?	179.7451725413758	3297.105758299221	70.67665341114346	516.4020323067699	551.317423000752	-6899.2788349425355	1374.451834213846	-9186.226738888468	6.732295563754003
?	163.8552879149634	-274.62897956507453	72.61243690874666	-21.42700118812113	443.42652976419106	-4136.558395457408	1208.564584909864	-7931.877038271269	16.194916356957847
?	166.01372356312189	-3277.1057582992216	69.60530335173739	-1452.2487381749124	344.4895032278787	-8868.530595283695	977.857982300277	-24171.291698196936	21.078766636841173
