rowLabel	avP	dP	avI	dI	f1	dF1	f2	dF2	h
?	-1	-20	62.6150962156788	1282.2060884945206	845.5463307609217	15807.080446461692	1858.033719030521	36625.997458545484	-1
?	-1	0	64.11030442472604	28.996096404486735	790.3540223230847	-1974.5009961214146	1831.2998729272745	-511.8886063431455	-0.47040896117955056
?	-1	0	64.06490103590313	-17.732713507427455	746.821280954851	107.92302428468243	1832.4392887133638	-49.67960129838956	-1
?	-1	9189.446533597973	63.223668749354665	-43.564210296473085	795.7501735373188	1498.715960712266	1828.815892862355	245.45146666139323	-1
?	458.4723266798986	6994.180445362069	61.88669052107948	-106.63707512681628	821.7570789904643	-6780.277893989118	1844.7118620464335	1802.6314529346023	-1
?	348.70902226810335	671.1097241246069	57.89181499301385	37.45013839974221	456.736278837863	-6322.733092537623	1918.947465509085	-5867.618740456788	-1
?	492.0278128861289	-5300.203288575225	63.75919744106659	148.24659757721153	505.6204243635832	2347.182747686052	1551.330925023594	-17526.98625663458	5.957729578640502
?	83.6988578393422	-7962.311334215544	65.30414487187443	-5.563235396052733	574.0954162221656	-1466.3776234881586	1042.5981526773562	-5853.981803366806	-1
?	93.91224617535183	285.0542812632674	63.48103567126395	179.3824745218689	432.3015431891753	-490.7894856254326	1258.6318348552538	3983.9510152298053	1.4470948704316715
?	97.95157190250556	-7.981702950697242	74.27326859796787	72.62694384563561	549.555941940894	1482.024207017188	1241.7957034388464	336.2490008695341	5.32520973468874
?	93.51316102781696	-1979.0314380501095	67.11238286354573	-478.14568300297736	506.40275354003467	366.83735001310845	1275.4442848987305	5004.785298576398	5.655362459411797
?	-1	101.3921397215656	50.36598444781898	99.85272999354172	567.8978094415494	669.1737954995284	1492.0349683676666	490.66229145199895	-1
?	98.58276801389525	1929.3531756210814	72.10501936322282	469.1543879684525	539.8614433150111	-2618.4901256038675	1299.9773994713305	2445.712831396297	3.177989156844067
?	95.46765878105416	-126.2728016965055	73.82370384624163	-117.12819736038928	436.9733031613559	-3896.4254110127863	1614.3206099374815	10754.701278161183	6.2265566052951264
?	92.26912792906997	-31.415283508278804	66.24860949520335	-136.45694457123784	345.0401727643716	-1794.8904539807581	1837.71246337939	3057.5508988889233	8.158869530431408
?	93.89689460564021	16.2697446973243	67.00085661767973	-12.015629404258437	347.2287804623179	39.24101001237769	1767.1981548819278	-7665.457583958289	9.88463282008395
?	93.08261516393618	44.470916249164205	65.64782802499043	130.37170860056438	347.0022232649905	2375.9076821879216	1454.4395841814753	-16.266085811316756	13.736625519374822
?	96.12044041809843	-8.235636313318075	73.51944204770796	-131.5436306766188	466.0241645717141	2515.3083469363355	1766.384850591362	6980.646794591801	6.603595622966603
?	92.67083334827028	-1942.4088083619667	59.070646491159486	-412.5918183211332	472.7676406118074	2918.411565016265	1803.4719239110657	-749.8174067174743	3.329593398241374
?	-1	-3.4081971558433155	52.88985113165128	285.5206359715367	611.9447428225275	-972.3508141726417	1728.8939802554883	-4906.267871621155	1.1022986216073207
?	92.50042349047811	1736.3914579818654	73.3466782897363	222.41166801148603	424.1500999031754	-4268.873870072525	1558.1585303300083	-3073.846756680252	8.405820693884476
?	85.81957289909335	-71.89815969175976	64.01043453222559	-75.78958098478346	398.50104931890104	42.63200369580087	1575.2016424214755	-4859.586337417959	4.767947182467344
?	88.90551550589012	89.46382104989218	69.55719924049713	254.2411831564184	426.2817000879654	1292.6368055383261	1315.17921345911	-2455.5264683272094	8.066475189027951
?	90.29276395158796	-1798.1103101178007	76.72249369004652	-251.66660133907192	463.1328895958174	872.8021213529113	1452.425319005115	6052.017457845181	7.113426194400146
?	-1	-1825.8552790317576	56.97386917354352	-322.41365176643427	469.921806155611	4174.491348618253	1617.7800863513694	9110.315610058826	-1
?	-1	2408.7573488251	60.60181110172479	310.68863720021284	671.8574570267302	2483.1451275982718	1907.9410995080566	-601.6569716010685	1.9714392746939942
?	119.43786744125511	2145.4555802403893	72.50830103355418	258.2007019104092	594.0790625355247	-3705.305653198199	1587.697237771316	-18555.743030014233	2.561012721944567
?	106.27277901201956	-473.36748459870097	73.51184619724526	-68.81606428612963	486.59217436682013	-3318.203505599615	980.1539480073441	-8365.415022679668	5.675555760764544
?	95.76949321132004	-271.0740363079396	69.06749781924769	39.40204615085289	428.16888725554384	-96.19051136789827	1169.4264866373321	3874.2190731814717	6.783012117112927
?	92.71907719662256	-1935.3898642263991	75.48194850478791	-262.02165760126906	481.7826487984252	1804.757924304434	1173.8649016664178	7001.271452070144	5.497348607354724
?	-1	29.476656104961567	55.966414939184226	-81.18961043706882	518.4067834707656	2355.4598731558112	1519.4900592408396	4023.107315057742	-1
?	94.19291000187064	1745.1038755069394	71.42246798293446	314.8045190367849	599.5556424562159	-1662.3911111407674	1375.0202674193051	3237.9446741208103	3.803106985753664
?	86.25519377534705	-147.58736154007366	71.70664089102348	-15.946505321188042	435.2872279137272	-4150.330370332695	1681.3872929468803	8581.967602905444	3.4701648782227563
?	86.81354192486695	65.6332507390095	70.62514271687506	-110.59111418449608	392.039123939581	-1738.1840903587324	1804.1186475645777	3237.309241893042	10.2724659674446
?	89.53685631229753	144.70943708638842	66.17708518179867	-311.72334116815665	348.3780233957905	523.6838599900893	1843.2527550415325	-3861.637539049285	11.508226247501634
?	94.04901377918638	246.88748184485723	55.038975658467216	105.3205184832989	418.22331693908546	-226.32407643314517	1611.0367706121133	704.9337950898773	-1
?	101.8812304045404	239.91154267366576	71.44311110596362	382.887265409238	337.0618195741332	734.4724520266168	1878.4994447960264	3021.735443476552	7.990451995363193
?	106.04459091286968	-2057.6246080908063	74.18333892892913	-191.3451125257043	454.94693954041634	6957.231286244676	1762.123542785941	-6946.9924009936385	3.48593192299393
?	-1	-2140.8918182573916	61.8758554796784	-317.8583769117903	684.9233838863673	6645.37157153855	1531.1498247463442	-247.61607287773109	-2.7140290788579504
?	-1	1731.9832231645485	58.290420083339605	219.45625462014112	787.2155181173441	-3605.0458907196835	1749.7427391420545	-236.00284752418787	1.709798511543464
?	85.59916115822712	1636.8134619634898	72.84866821068542	321.17019803885387	504.6710893503838	-4464.615654133488	1519.3496823701348	-3857.0178379964273	1.4982800382680153
?	80.8406730981742	-127.68039048321288	74.34892998528224	-215.8809759634237	563.9847354106705	-17.348438696024065	1556.8918472422338	2118.4895300156118	5.196855159324287
?	79.2151416340665	-1636.8134619634898	62.05461941251427	-307.14114495012905	503.8036674155826	2325.446290588499	1625.274158870915	-3410.169450684251	3.191219534206058
?	-1	288.04802714914376	58.99187273777584	308.16661824889474	680.257049940095	-1691.1490160056521	1386.3833747080218	-5453.6524569181265	-1.144359177233144
?	93.61754299152364	1905.4432975812929	77.46295032495895	194.11187344532235	419.2462166153003	-6023.381737080481	1352.5915360250096	-1231.2499032968524	7.190710865204915
?	94.2721648790643	180.37404461827046	68.69746641004193	-96.87621139671143	379.0879630860721	-1077.28012944648	1324.8208795431794	3959.376382251176	8.79122579486713
?	102.63624522243713	41.57033506413442	72.6191397551234	129.81525910582224	365.3822101429765	-138.4886284751092	1550.5603551375677	10741.822363610296	12.283639168812243
?	96.35068163227102	-175.91556916735476	75.18822936533302	30.54347177039386	372.16353166231664	844.0406606690619	1861.9119977236924	943.6582912760683	10.202733661941995
?	93.84046676406942	-163.727191140664	74.14631334364309	-122.12073805181903	407.5842431764294	311.15424204738355	1597.743269701371	-9726.875427455223	6.183148539486585
?	88.16432207523785	-10.083944495154391	69.08219246274209	-20.08560833205827	387.72124376468577	973.5718166659513	1375.568226350933	-5509.7387180853975	8.149751848540538
?	93.3362695393117	131.7680370660314	73.14203292704018	148.8152489691697	456.2628340097268	3926.8000189724867	1322.2563337971021	3505.0712532855127	6.48505697348736
?	94.7527239285394	-4.041311876087562	76.52295491120054	60.830717582542704	584.0612447133094	-241.91962192439604	1550.821789015208	5365.794042753415	6.746996827558715
?	93.13420394550732	-109.88821402428282	76.1835688061673	-68.96097650425641	444.16685291350706	-1195.3841050417325	1590.546035934772	370.49094671527786	5.445987874521004
?	89.25831322732527	-1882.6840789101532	73.07490608598774	-378.8725593642399	524.292039461223	2663.524315358258	1569.3463363509718	1739.6166780042784	4.8332818461886715
?	-1	-1805.166264546512	57.23994083795537	-240.82169349051824	577.3430686814195	5959.611590636924	1677.5268698349855	4101.518135729803	-0.5306558793519878
?	-1	0	61.033821411461865	86.01599106242676	822.2726189930681	2821.7423413888637	1774.4222431374612	1058.063763191066	-1
?	-1	1879.2428627576037	61.540740391076696	289.4296320365556	718.4301857508622	-7796.1104317691415	1730.4300579945386	-7759.529767598979	-1
?	92.96214313787985	1732.255709448905	75.50530301328959	185.26743237492164	432.46709740461245	-7250.353101087923	1386.4457547575137	-2910.259967297567	8.223402688737849
?	85.61278547244494	66.01286246533643	70.80411200982275	-85.59785283710995	355.9125306964673	-1988.874267124643	1584.9170596296608	8322.130407760162	8.85647937389755
?	96.26278626114666	2182.971516698065	71.22541037143411	146.8597127250589	333.02338404838065	-1062.5896530827576	1802.5522751455203	5561.961307931321	7.545363854355867
?	194.7613613073478	4617.408142886951	78.14709764607567	107.39511518705636	302.7830480423296	-1.6806584243431704	1863.0151250262259	-210.3295036707603	10.392922347340953
?	327.1331934054934	2930.389354272865	76.59516613078691	-500.05256578126057	332.9393511271635	1560.2741811053634	1792.0357999619823	-3491.3253531985843	14.553973144648234
?	341.28082902099055	-6562.663868109891	53.144469357012724	-430.03382515843197	380.7967570975975	4799.694766215879	1688.4488573662973	-2040.1476644099039	-1
?	-1	-6845.616580419835	55.093474872865386	134.63413905092614	572.9240894379566	7286.92455243755	1690.0284167414875	356.18803658337254	-1
?	-1	0	59.87617630955901	167.0893257544458	745.1429847194737	3750.9488383713183	1706.2582591954658	2116.61651537658	-1
?	-1	0	63.447941160587646	70.13278952391443	760.4715313565218	1813.1609992959711	1795.859242510316	1155.1986670494757	-1
?	-1	0	63.382815785754715	-61.00443732599623	835.8010346842719	1981.1435211468895	1764.0181925479394	-1478.1180772772138	-1
?	-1	0	60.397719294287846	-265.9364850613573	859.528707413866	-3041.3333696379364	1721.9533386464557	-2040.5115972723916	-1
?	-1	4315.96648817517	50.0859915326869	-77.5087605651977	683.7343662023757	-10107.938273230964	1661.9926126843202	-2119.4953818957115	-1
?	214.79832440875774	2456.124520601006	56.522281266027974	202.06773697071185	354.13179375231954	-7582.440932053655	1615.9785695516705	-170.18352744565678	-1
?	121.80622603004988	-2379.6985223849238	60.189378381222454	100.74471156185602	304.6123195996943	-178.97299892149425	1653.4834363120374	358.4464544928927	-1
?	95.81339828951198	-606.318750481807	61.55951684412076	110.88185565635979	345.18314380624486	892.0924194847564	1633.900892276315	-832.2113895548848	14.833717972933126
?	91.49028850595964	-86.78690154016326	65.73347116404042	120.31162529179255	349.21694057393194	31.391298693232667	1611.8728668342933	94.47223964583407	17.8054730880882
?	91.47405321250383	181.02262554672686	67.57509810871036	152.70493150991567	346.7527087409065	742.9265034424467	1638.6245042586067	3050.821745098553	19.397427148553067
?	100.54141978329595	532.9824718547006	73.36871773953618	185.5217127582376	386.36326574605414	1259.9044026471438	1764.4139540892204	2168.30072378509	9.314634373700631
?	118.12317680523877	751.4188736991259	76.85118374662221	53.08489213297681	409.74792887326345	-511.0610100449351	1747.0395404478609	-5842.579734808976	9.364895704131524
?	138.1123634682521	362.5504592468268	76.02296234618501	-30.792076771155163	360.8102152438075	-1396.198956491525	1472.2849673487726	-5030.951820433929	15.893938021013565
?	136.25069976758004	-434.9985376956202	75.31157990806446	-46.69359051863881	339.93798104868745	-948.294553533683	1495.4919494261653	2830.238250979306	17.57278212179542
?	116.36243658347118	-723.4887866010956	73.68828282025308	-43.980011356104725	313.3954875671235	-970.810996070478	1613.7968798977374	3174.817428633039	14.05166008745087
?	100.07626043752539	-653.0165563785994	73.11257934025923	-144.9489203653635	291.3974312451637	-505.8507191425424	1654.2328208578167	1674.4145231393181	13.383950248593512
?	83.71160876454132	2877.3235030674628	66.44083680198493	-379.2131275987996	288.10295160999647	2730.3234285124977	1697.517606054703	612.8613708456372	8.349332635718474
?	243.94243559089804	2868.2989670874313	54.15192296031932	44.79843725592404	427.9136026707881	-381.7640761773205	1684.8758894000985	629.1299278778593	-1
?	227.1265571189124	-2669.7017247811123	68.68075866478112	262.760766178832	269.0147478011305	2226.512864388618	1728.9741024485959	1682.7383597551548	8.805473404160583
?	110.45734935184291	-4562.531142378264	67.28996126926087	-60.53743849436067	539.2392458902186	15271.348198072563	1769.012807387856	-1365.6775765469504	5.354364260504754
?	-1	924.6770671015246	65.6538867400631	118.26467405684056	1032.582157704756	870.8090721469406	1660.6902236212486	-12461.307172146593	-3.2563051950433106
?	156.69120270691897	3300.9337410018647	73.20319497210288	293.32123665011056	582.7796994975655	-13659.195246136704	1145.9474487805285	-9822.320872800108	2.8325488601974183
?	164.04668705009266	108.52276168947792	80.31994857256858	-171.96097411475765	349.6223953979232	-375.18992896999765	1169.574179981245	13366.91768571264	19.56988152825673
?	162.11734079139285	-3300.9337410018647	64.60514626636503	-363.2159144436601	564.0202030490657	5298.081790639669	1814.293333066158	15311.030867193716	8.710490265383783
?	-1	3722.898915654149	62.15915285038564	209.12856972228855	614.5264849299057	-3554.6363043460656	1935.125723340928	-3071.0502896197086	2.4249086649772282
?	348.2622865740996	3532.360767490297	75.06157475247942	255.2256697650953	386.28838783176303	-5474.436062404806	1660.7408185851732	-2802.0028026352074	8.526562296019693
?	175.6180383745142	-4199.490738015755	74.92043633864036	65.62941840979414	340.80468180966636	4.253658117236243	1795.0255832091682	-1492.6323694774107	11.410402582097257
?	138.28774967331262	-1027.4438067619558	78.34304567296911	-186.12888774321343	386.50107073762484	5898.488423740667	1586.109200111303	1431.8486648423964	12.065079617851357
?	124.2458480364166	-2785.7549934662625	65.61399195147972	-528.0048002600606	635.7291029966987	1077.812345676097	1866.6180164512878	2215.116608959391	2.4833131896674367
?	-1	73.55349429413278	51.942805659966176	73.76173644526713	440.3916880214295	-5298.079871897916	1696.865030559272	-3460.191204363176	-1
?	127.92352275112323	3666.9749591417394	69.30207877374306	310.49527045342427	370.8251094018038	-2523.3812739388427	1693.6084562331296	-2020.8212450326737	9.170368108462691
?	182.34874795708632	-2578.470455022474	67.46756918263733	-138.78521894205895	314.2226243244878	3719.680964356438	1595.8239683076388	2514.7946984111513	10.91303147382003
?	-1	-1490.354610832623	62.36281782664014	219.15200462777042	556.809157619625	2191.1798703275235	1819.3481911536867	6011.594529886741	2.0955872330259475
?	107.83101741545543	2106.5609523075846	78.42516941402582	124.06779665686899	423.7816178408636	-535.1333443621226	1896.4036948019748	-3893.1283265975935	5.279663412267068
?	104.32804761537885	-2176.6203483091163	68.56620765948357	-388.3232832776917	530.052490401519	4525.029830750549	1624.6917748238077	18.249457307738403	-0.2263210100115371
?	-1	-2106.5609523075846	59.0090052501413	-63.080848208362795	650.0331093783902	5311.79913328459	1897.3161676673617	7963.507901178778	-1
?	-1	2552.134971705726	65.41216524906544	180.9264047840106	795.6424470657476	-2487.4026438919823	2022.8671698827452	-6676.873625017234	7.71995899242683
?	126.60674858528586	2804.7087472256685	68.0553254893418	189.28698437927562	525.6629771837916	-6031.592480813437	1563.4724864165012	-22134.387290372168	6.126146094773373
?	139.23543736128292	645.9215543977859	74.87651446802919	94.16953682882854	494.0628230250768	184.82973638642372	916.1478053641407	-14032.92465758458	12.940357196598757
?	158.90282630517504	262.8798397366072	72.76380233078321	-252.37406589363238	534.9044640031127	-916.1143947558206	861.8262535372747	7793.329498012561	13.313159652182586
?	152.37942934811323	-3198.056526103512	62.25781117334761	-401.4500432910258	448.25710328728593	3381.7663040080292	1305.8142802647674	17063.340052438103	13.479050268174916
?	-1	-905.4484635447308	52.69130016623199	-3.099853797001526	703.9927792035136	717.8150632720431	1714.9932561591768	8584.646792134452	-1
?	107.10700617087686	2124.2560071549287	62.102818483497536	291.78719609668866	484.14785645088796	-7942.17281948204	1735.0466198714885	-3240.0570909172006	5.52784922036588
?	105.21280035774606	139.93277632141903	67.28065997106637	47.551441648863346	306.884138229413	-3073.1202066052615	1552.9904016133173	-3051.8998528370157	10.549864187216809
?	114.10364498694778	677.6765205454997	64.4803905659407	208.7966470569366	330.49184612062544	-296.0344837335617	1582.4516272296382	5891.581958921918	8.434602047201222
?	139.09662638502093	851.4088401385905	77.72049232391316	294.25331088923076	292.08241404273497	-57.20850666027693	1847.5694995594122	5651.164801205043	13.221772744439539
?	156.67408699387715	291.33273976823875	79.19305611040218	32.8435152777588	327.6314207876116	537.8093392956904	1865.0098672898894	1230.0095771703034	19.996345749922266
?	153.6632633734328	-556.487025829663	79.3626680878011	-144.9616110059497	318.9728810075194	882.7362065695966	1909.0699784179271	-445.9355888444877	17.265296961992682
?	128.8497357023941	-947.6581298839093	71.94497556010472	-307.1086429825578	371.7682311160913	3137.2746572731876	1842.713087847665	-4290.113721353034	8.052254171747258
?	106.28035687923752	-691.7596324320845	64.00723593867326	44.15118629050498	475.8366138711782	123.05733283826315	1694.5642923502762	-5911.4621181874945	3.236783859003996
?	94.26175408079	6093.178118082292	74.15253487462996	243.7101236570365	377.9210977580044	-1122.5550478282396	1547.1399819382914	-3949.089000314703	9.381500306713459
?	410.939262783351	6435.2072317106195	76.19274212152504	-171.79782071473116	419.7088614797664	1442.0677988265443	1497.1098423345418	-468.0326135012472	4.886556942497288
?	416.02211566631985	-8238.78525566705	65.56264383889344	-534.100219421931	450.02448769933136	3056.6845004985594	1523.738351263229	3390.460854017663	8.163276069629003
?	-1	-8340.442313326426	49.48773115042859	-368.8651335270453	572.5430865046939	3114.5587180190305	1666.6328850354244	2870.078086282475	-1
?	-1	0	47.11938716254124	-56.86442506863847	605.7524236002823	2159.204419007593	1667.2422555773524	475.1595858432364	-1
?	-1	0	46.644509896996674	60.58650441183481	680.5033074550731	1576.1939558259553	1690.390864327586	555.2525866201014	-1
?	-1	0	50.14871238313297	126.24297601326691	684.5621213915798	-5538.022894654922	1695.0048849083573	-1553.1804950465366	-1
?	-1	0	52.95665869766	99.12472487824736	403.602162722328	-5263.660682744382	1612.7318395752595	-1332.8047105809858	-1
?	-1	0	55.10494862704532	253.38096014771074	421.37908725436165	-480.86703898375333	1628.3646493793083	3566.9195972919797	-1
?	-1	0	65.62570670504549	236.84950925504438	379.5588107731404	3414.3351555941463	1791.0778194398579	7548.824521382434	1.6654841519897077
?	-1	2142.6949963409106	66.9474240897975	57.63668012004948	592.0958450340684	352.6424423248865	2005.8058754484287	-3670.3014268824604	3.7809533917117504
?	106.13474981704516	2053.69458900668	68.50754071104795	138.37539619123808	397.19093288938467	-5142.404730451016	1607.5627480957355	-11346.88099125175	13.501138467439787
?	101.68472945033363	-96.80014777055936	73.86619389935937	-1.2222217741870667	334.9756085115185	-476.34663646214733	1438.4618258858432	4153.430152612337	13.596560400066872
?	101.29474242851721	-2053.69458900668	68.4464296223386	-481.40268894751375	373.3736010662774	3969.1654911688847	1815.2342557263516	3708.7787691003036	6.579170173871994
?	-1	-3.7516905360894404	49.79605945198377	80.91786632031159	533.433883069962	4026.3329872447302	1623.9007643408577	-10641.740064446873	-1
?	101.10715790171274	2007.787158231124	72.49232293835416	529.0068874269241	574.6902504285132	-541.038781120122	1283.1472525040099	-5051.776746463634	1.9973876499666294
?	99.38935791155585	-38.71763684262091	76.24640382332989	-16.512407794657296	506.381944013956	-4271.793120607307	1371.311927017677	3546.588400319264	5.717037222038681
?	99.1712760595817	-81.99260770780711	71.6667025486213	-76.3261985713123	361.1005943981486	-2011.3566582920103	1460.4766725199725	-3830.297517928998	6.9929020719278245
?	95.2897275261655	-2003.425521191641	72.43009389476428	-294.00975421988056	405.81411109935584	3003.5585191343857	1179.7970511212277	-2330.0445236491796	10.140129535315245
?	-1	378.46225506008375	56.96621483762733	-131.41326245607888	511.27852035486734	2953.6075625377352	1343.9744463375139	-191.24806343307296	2.8496559638209646
?	114.21284027916963	2256.63305375246	65.85943077196036	325.6356901608298	553.4944892262421	-238.41116071813047	1170.234647949574	-10777.002517107892	3.9338847782702224
?	111.83165268762261	-247.95503618800527	73.24799934566876	-76.02502279129736	499.35796231896086	-1072.5482899682281	805.1243204821212	5479.294357890018	9.140207358584174
?	101.8150884697694	-2256.63305375246	62.05817963239551	-146.54924811045043	499.86707472783087	5939.755906631015	1444.199365844074	12057.077264854022	1.1030660080860883
?	-1	761.2648177107003	65.92053694014626	241.62482609096458	796.3457576505106	2540.687939691809	1407.9781837248202	2813.378876144635	-1.2641287897677456
?	139.8783293553043	2921.5464519552484	74.1394209369437	219.61087494110322	626.9014717124209	-4733.895172263279	1584.8683096513053	6470.398656468033	3.9548635543422073
?	145.0773225977619	253.6585055336244	76.90108068720139	-41.66721335552453	559.6509990373475	-324.3107579249761	1731.4981165482207	-1360.9397150695715	12.871147946686872
?	152.56125463198546	-56.53772141708791	72.05606026916748	-151.72926845844242	610.6859338161721	-3700.2094342600635	1516.821323897827	-6865.255932499014	13.163663998255004
?	142.25043652690752	-762.3584816469299	69.31461726427929	-43.40501109732104	374.64052732434493	-4957.407229504232	1388.2353199232712	2285.2474219451406	9.948163659867518
?	114.4433305496391	-848.1100844896221	69.88580971430143	-228.51623130220742	362.81557234096135	422.6344377425713	1631.0836949950835	6880.231764286857	9.819265956970789
?	99.84493230242657	-2308.8666109927904	57.88880569916896	-370.436677037237	395.7722492114734	4581.23903850686	1732.2469081376128	621.3821793837973	4.498095879762272
?	-1	134.51807497322412	51.363975862439645	43.026204753307425	591.8775242663036	-1328.37502003718	1662.1528039642733	-2133.883101020659	-1
?	106.57083605108775	2184.963653851048	60.040115936834326	308.46210164123755	329.35349820961466	-5017.926025129533	1625.5527530865802	-2874.2967641942014	-1
?	108.24818269255202	-29.477766514511178	66.78708094450147	205.91423173874819	340.98122300982783	125.544652941242	1518.4379657545637	2498.30306640903	14.07607703584262
?	105.0969477253622	-121.61023824326733	70.3358275237717	-182.0117280701306	335.63073085667673	1128.7891756602455	1750.4679064070313	5542.054898100643	11.807801711096108
?	102.16767078038868	250.13428541169705	57.68649454099497	-150.03257223921435	397.4206817928399	1145.3914380319368	1795.5407106595949	-1382.3501664279688	-1
?	117.60366199594701	438.62591828276277	62.83419891181101	434.0635933702758	392.90030275827337	703.2109759486414	1681.350398085633	642.2102583557785	4.974788168124352
?	124.09896669452674	258.89348381634085	79.38967420950868	225.76066688106303	432.58123059027184	2837.3093620170207	1827.6512235773837	-3677.6842920160966	8.6972495085677
?	130.548336186764	97.50839069870102	74.12223225586412	-166.51550577183062	534.7657708591239	2537.288487918372	1497.466183484829	-11582.528205031209	12.464374473424115
?	128.97438622946177	-2630.9667237352896	71.06389892091718	-387.6917703091071	559.44565498619	464.47758015515484	1248.5248133258253	-1830.1157390554292	11.012380154526129
?	-1	-2599.487724589245	54.737643740408835	-415.5767756502502	557.9896498668816	2274.8963010174625	1405.9603965320578	6687.159377687272	2.339106214886335
?	-1	0	50.285060138404745	47.265346330638664	673.1904700370627	5520.256260557325	1582.8827822101878	5380.258378528302	-1
?	-1	0	57.10091105694076	114.24227076081407	834.0024628947468	1258.2363830112536	1674.973315458472	2567.028372253476	-1
?	-1	0	55.99717367644543	-54.01184607627746	736.1022891876252	-1241.4487392698877	1711.234200822861	-59.99225052345558	-1
?	-1	0	54.400318753126896	-130.59136259605	771.9300259312527	1319.83816366007	1671.9737029322991	-1174.3139008693602	-1
?	-1	0	49.46760554664295	-210.6091721556982	802.0941973706284	1781.4088902900648	1652.5185057793933	-1268.168074872242	-1
?	-1	0	43.869860145342024	-168.23433938477325	861.0004704457556	-1697.5673037420158	1608.5652991886873	1331.5734900901136	-1
?	-1	2223.3994487241894	41.05588857740432	471.78701281946303	717.2158321835279	-6838.928724091673	1719.0971802838988	-9156.569636080618	-1
?	110.16997243621104	2208.168588175166	67.45921078631551	706.1970568850952	519.0540342411671	-4353.856407528045	1150.7368173846498	-6988.060884724119	5.555346218753627
?	109.40842940875987	-15.43344406897638	76.36574142165958	165.60977132365215	499.5230118071226	264.86974522647495	1369.6941360476878	6430.43019024788	6.629810860325516
?	109.39830023276221	-176.30058813878384	75.73969935249824	-32.07609556745962	532.297521502491	2232.772314891746	1472.2583268970484	3595.419988640532	6.633851757429788
?	100.59340000182056	-428.80161624329634	74.76193664328658	-187.3541308762252	611.1616275517115	-1200.1066634336348	1549.465135479717	1730.252279052782	9.376834744875847
?	87.95821942059709	-267.8118315435616	66.37199280868684	-287.5673914425079	472.2921883308084	-4876.847287169711	1558.7709408496887	348.964961838728	5.139095658946154
?	87.20280842464229	43.981230256675815	60.383567071160975	-12.62154278751307	367.31926319322247	-2056.7704166457283	1566.9133835716536	5483.071420408268	-1
?	90.15728093343091	105.1434836570305	65.74091566931118	225.83579089110464	369.45366749852053	21.348260638504524	1832.924511870106	9517.855375347246	9.056916422638865
?	92.45998260749389	159.71261689029973	71.67535661571637	89.42149536760853	368.3866762251477	-535.2440507168675	2042.8061523390227	1222.6514741578385	10.089790984337027
?	98.14291177794601	174.78637675007187	70.21199043769167	-118.29248556603264	342.6914649626768	-850.5912807653594	1894.0570855779988	-6008.6620271432375	10.821886818379346
?	101.1993014449976	281.45437949729427	65.76073233741465	104.03523741896089	325.85711218687914	578.1934449087712	1742.3730509818565	-2503.4502936694444	10.176768540656129
?	112.21563075281092	396.24368413327267	75.41375230863979	243.69435320027088	371.60113720811574	1785.067096170738	1768.8845708945248	-2450.859957062095	7.409952458826938
?	121.01148565166152	198.70416218950626	77.94544999742837	-33.056209495081916	415.1104669954173	-569.0635041262896	1619.83005312875	-6301.000476516703	13.253115231720656
?	122.15083886228638	-85.94827491686621	73.76094183388567	-179.1822183524971	343.14796200180086	-1501.7943589353151	1453.8345470686852	-7092.663298651204	11.794203703670098
?	116.71407190581814	302.58256631603183	68.98633907980339	23.1885201998855	340.0207490486505	758.5752462570969	1265.1968881961848	-4099.998195755194	14.694054148253448
?	137.27996717808819	927.0383510354315	74.92036784387996	184.45802749935035	381.07672431465625	1450.7777105498517	1248.8346372809226	-6055.184966460411	11.309719097978618
?	163.06598945759038	502.19672445452227	78.20924045477103	-92.3749504422737	412.5596345761441	1109.1241273193102	962.4376398731599	-1030.5233190817798	13.873522064582454
?	162.38980340081466	-3281.3197891517607	70.30162032176621	-352.94773325110805	436.53293068062254	5746.230083186893	1197.308471326833	9308.560507617685	12.392253331154242
?	-1	-3267.796068016247	60.56185379221538	-93.27288002720944	699.8711387354929	4448.192523997256	1427.8656652540508	275.96375041090204	-1
?	-1	0	65.63797632040567	-279.5369918346144	658.9425568804885	-1470.7283576646905	1211.1066588473782	472.99541220847243	-0.4143287786441938
?	-1	2369.024374140928	46.58500420048446	-44.963761066764434	626.3347208522573	-1711.1143875884302	1451.5154358644747	4548.214809195873	-1
?	117.4512187070481	2221.1948104940498	63.389788267067416	476.2451751027391	573.3868375010658	-3182.0657239348284	1438.517399307175	3702.090691297378	-0.1371121345477484
?	110.05974052470407	5680.81089255671	70.39726295562176	-82.1273539398089	467.2314346555136	3310.26436378953	1636.6199704293463	9788.600465465277	9.610206757279226
?	401.49176333488765	5841.087003739523	59.28342057007691	-167.7625102268607	738.9000556905446	7281.337805234657	1927.9474225804458	7902.8864191361045	-1
?	402.1140907116844	-5901.781044341271	62.0091374442786	52.96763302381957	831.2983249172517	-9034.385881020658	2031.764291386157	-4004.3716688229392	-1
?	106.40271111781992	-5881.2243951989185	61.93180222126793	102.46664318801731	287.1807616395053	-10850.484221987308	1727.728839139296	-7161.643283806514	-1
?	108.05287095173429	11.340677496289809	67.13246960367954	184.76475596847672	288.77411381787846	433.10225816762295	1673.6821271958263	795.9305951285957	9.757012649371372
?	106.96974499263442	-25.42912763105071	71.1700400196919	86.24840597154778	308.83587454788676	309.4660621692687	1767.5253688957264	631.3149386836677	15.190628985505834
?	106.78141457018174	-55.23387977195888	71.44488990225699	-290.380865573882	304.2474169263421	2013.2448121413129	1705.2478741300101	-2581.6852961509762	17.53350343563283
?	104.20805100403643	-2155.628291403604	56.65099674099759	-460.4355104206972	409.49811515495384	6865.689591174176	1638.4411040881757	-200.1141079394455	9.512064012986723
?	-1	290.95055913192436	48.4231143812218	289.5524879110829	647.5318964850558	2778.9216583883062	1695.2421687330377	3452.436246770081	-1
?	118.75557896063286	2460.0603620425395	71.12862113655194	628.2246744059705	548.4441980743711	-5390.545465057906	1811.0629164266822	78.14626197649776	4.397727606395704
?	122.00301810212872	374.85276786491517	79.83434810152077	137.24553373344352	378.00462323215663	-3233.0703069471115	1699.1494818318627	-458.3836228095086	16.527896536223704
?	137.49821735387889	377.57227056027125	77.99089782322422	-82.81664510741787	386.79068272701323	-706.4647077982945	1788.1437352862065	-1669.0180702535408	14.086095943437247
?	140.88163163014255	-464.4810983047335	75.69351584614982	-146.4174214078408	342.6813878422414	-1425.4483067387607	1615.6985783191844	-473.8609824097035	19.616664302105068
?	114.27416243864188	-696.3461368856642	70.67002675283207	-138.50534232934652	315.5182673900742	-381.99041874636833	1764.450686165721	4801.781745372559	10.820472502533269
?	106.06432478585884	-332.9188702658551	68.7682487296824	2.4035790442925644	323.5818669049227	3691.385090499244	1855.7876655878158	2222.6272103290607	10.705771121127958
?	97.62821892534889	-264.2238390506349	70.7902057050467	55.47951112098878	500.087521915039	6820.887552774454	1875.5820466821756	-6758.484124481146	6.876282699426699
?	92.85313283332691	-124.9797463898485	71.54222428573188	6.2354627920438155	664.6262445436503	3287.5634966112634	1517.8634593637537	-9118.416177707439	10.449623441411573
?	91.37923160585638	-1857.0626566665119	71.1019788446489	-1430.8444857146171	664.4656967456045	-13292.524890872817	1419.6612377967972	-30357.269187274644	13.227863546246226
