rowLabel	avP	dP	avI	dI	f1	dF1	f2	dF2	h
?	133.01038229502237	3060.580494211022	76.36019533182588	1561.8327797079794	321.5816003758182	6261.279683494601	1146.7532593647165	24784.861165297953	11.788179295664074
?	153.0290247105511	662.4509578090346	78.09163898539897	21.11105109117915	313.0639841747301	148.37641771201902	1239.2430582648976	7922.645924804665	15.889147950220101
?	166.1329301854741	431.99732890600086	77.41574788638484	-13.674875811905162	329.00042126141915	1322.261445200241	1542.8855556049498	8509.951396608887	11.212277335154198
?	174.62889115585116	-242.51790080131235	77.40789519480371	-223.59017334650395	379.17705643474216	8789.45548587883	1664.7406280953421	4189.298040346945	13.744181952718652
?	154.00703514540848	-3512.577823117024	66.23623921905964	-523.5787869270199	768.4731955553606	10857.85392701009	1752.350457622297	313.09048570680267	-0.8261604021786043
?	-1	-3100.14070290817	51.22895584845273	-333.2386877186676	922.0697527852466	3975.788003107342	1680.3951523806822	-995.401579067084	-1
?	-1	2769.4762257453494	49.57430483312626	238.66836546287536	967.2625957107276	-11082.721425453848	1702.5803786689428	3930.781088670966	-1
?	137.47381128726744	2492.430688677515	63.16237412159649	337.7958568024608	367.93368151255424	-13552.042730417532	1876.9342068142305	-6901.526700601641	13.937896871740818
?	123.62153443387572	-340.37372328552016	66.4640976732493	112.57556765042057	289.66045918985117	-946.7644431320164	1357.5040436388608	-15801.811699713375	12.472449979769689
?	120.45512512299143	155.48090012302058	68.79115250411752	159.32261183642086	320.59545935595344	3753.9997152725673	1086.843621828562	-11446.461526068708	10.665000219072947
?	131.39557944002675	638.4498215111893	74.43022826507034	145.16348085394057	477.3604449534795	4015.0942824064578	785.1809673354255	-4394.488948943561	14.686206960068905
?	152.37761619855092	386.95131717803486	76.04932654681456	-164.08330742644537	521.3501734762765	-1612.2024791504223	867.1191743813837	201.6210475345154	16.56340036636741
?	150.7431452989285	-3067.552323971016	66.22606289374807	-717.2875986046109	396.7503209959583	-94.93998605110156	795.2620197121513	7935.093869048978	12.277210414401104
?	-1	-569.2221388308039	40.18494661658398	-23.32139400701832	516.6031741737214	3894.010052631987	1263.873867833833	10135.30982639809	-1
?	122.28203835738829	2158.8773173129175	65.05999319339715	543.3777599279114	591.4508236275578	-3346.8479931116512	1302.0275110320563	5874.529845959295	1.638599121876702
?	106.94386586564598	-191.2790992328952	67.35383461297957	133.98402422674639	349.2607745181387	-3515.8685659636185	1557.600360131798	3317.484689945897	8.767095345893942
?	112.71808339574352	441.43798127193736	71.75919440473447	200.09340858318222	415.65739532937675	5941.299125341073	1467.9017455293513	-2493.3922485108383	8.09722222704833
?	129.01576492924286	548.9452351767984	77.35850504213869	80.66210996644536	646.3257307851926	4060.988933462953	1432.930747706256	-489.61846339040176	8.68037483018109
?	140.16534515458346	39.89821927404531	75.79229990305674	-130.5956724882974	618.7068420025246	-4567.999194189031	1443.4208223598312	-2328.985730986967	9.749188646622814
?	131.01067589294513	-562.0115789475567	70.82872141772381	-135.9091153181784	417.92577107574084	70.0582315999328	1316.4814611569075	1433.1247911076998	7.351348243292011
?	112.06476620720566	-2640.2135178589	68.99684413714783	-560.2062824566749	622.2097535825212	3341.5320850763114	1515.077061915216	4725.118925641195	2.080902789350856
?	-1	-2261.2953241441114	42.818407294890044	-526.2192403724857	585.0023753295566	1627.4876194162457	1552.7374074389675	-1737.022708103312	-1
?	-1	2866.810351671796	42.68588211852352	647.4829520933777	703.5841345533336	-2060.3846988123782	1428.2259265100504	-8927.356069112244	0.6034460010825309
?	142.34051758358993	2720.04766652216	75.19255489955896	593.8339877502034	481.98314038893756	-7236.438056133472	1106.3696039833549	1591.340642919757	7.501507016358552
?	135.00238332610812	-224.60086926315833	72.37758150603372	-1.6578859903580663	341.76223174665967	-1960.4949591957022	1507.7929586560383	13529.919292482557	9.737710408787901
?	131.110474120432	-272.89337535984066	75.10966060004105	-339.4987341428174	383.95839242915235	79.1249436912539	1782.8655686074833	8102.638115919469	10.223583561227844
?	121.35771455811607	-2642.2094824086375	55.40264479889284	-837.6066153452721	345.71847893122236	2612.8413395044277	1912.9248644520121	-290.22117411344396	6.743690567919797
?	-1	-2447.154291162319	33.22932983277741	-76.19539328660444	514.6004594043739	9493.968959981685	1768.354509901811	60.89092870727649	-1
?	-1	2652.1280958898496	51.59287513456261	633.9819368728346	820.416926930307	-5402.279993276135	1915.969410887376	3426.2122081767225	-1
?	131.6064047944926	2576.217865075846	64.92842667641916	261.3723148361929	244.48645974056683	-11255.735407116084	1939.6651203106474	-177.03605086284352	12.457087971213236
?	127.81089325379241	20.00812745849883	64.66149087637227	74.0194034330272	257.6301565745023	255.66738287523185	1907.1176083442338	506.4208464389317	13.090324864077985
?	132.60681116741753	-4.119120906406405	68.62939684807053	-66.6563475672937	257.26982888432843	-669.8291228276685	1964.986162632594	-1413.9743861439079	15.418131139339101
?	127.6049372084721	-2672.1362233483483	61.32867349800758	-666.2933851597293	224.13870043311883	4975.026251962305	1836.4188890370383	-5223.864414291761	14.261346031751614
?	-1	-2572.0987441694397	35.31472759008403	-454.49317272659954	506.0211414824439	11528.253033568366	1703.7929419180057	-2516.27456485189	-1
?	-1	2567.219812776803	38.604014861677584	744.1132077267826	800.5513521115377	-2711.5603522541605	1710.6051607944437	2641.6838879474994	-1
?	127.36099063884026	2551.8008409165004	72.5203879764232	774.5055372627708	370.44312386973576	-8742.0648040661	1835.8771363153808	4067.4804458543313	9.787164068119234
?	126.59004204582513	-76.10732997491873	77.32929172481616	80.45608244642999	363.4481119082323	-290.8951279838729	1913.9791830871604	2265.666006778436	18.85967427238883
?	123.55562414009432	1074.8862850312494	76.5431920987447	-88.80661576959304	355.8983674705421	-455.4364821776217	1949.1604366543027	72.17624462633005	15.71374361164062
?	180.33435629738764	4372.237700550239	72.8889609363365	-537.3634927024867	340.6762877993512	336.0859893808694	1917.587995318477	-4366.285365070545	11.2398564762123
?	342.1675091676065	-3626.6871259477657	49.675017463620335	-856.3697361453017	372.7026669395856	3341.646614151045	1730.8461684007752	-6233.082749326926	-1
?	-1	-6863.350183352155	30.070474129071567	-469.63030039270217	507.75861850690285	4947.856986184522	1605.9338578521317	-1208.2999846441996	-1
?	-1	0	26.19350244398531	273.45856315766616	620.0955162488108	2107.2041559916947	1670.4311691685655	-2857.3669472848005	-1
?	-1	3917.1661269451993	43.743402286954826	1088.7772021583025	613.1188263064872	-3925.7664301952937	1463.0655104878922	-14087.843756529455	12.23885026106834
?	194.85830634725926	4596.436468604731	80.63236255190024	643.8832585432657	423.8071947390468	-2703.4412736918644	966.0389813420952	-13885.136715371713	11.301072923781282
?	228.82182343023575	644.4728511731597	75.937565214118	-96.99588707462772	477.9467626218945	1137.8169624375762	768.808674719309	-5698.27231855063	16.143416221109494
?	227.08194890591713	-800.3757520975	75.78256819816888	37.74417943313366	480.6980428609254	-1413.2054313289489	681.1253654145647	-340.85456886174944	16.13123932273366
?	188.8030358253609	-1493.787073742155	77.82477418577467	-178.4662814009372	407.2864910554473	-3055.9888994289004	751.7659462762216	6243.63946446122	12.489612968709892
?	152.39259521880965	-3796.0607165072315	66.85925412812205	-605.6398799656749	327.8985978894809	3571.1616188366124	993.3073386376246	11849.161161495871	9.556560189701452
?	-1	-3067.851904376204	47.54278018749103	-274.7718470581961	585.8445719972773	10309.175295393099	1344.224004351013	8719.093930508767	-1
?	-1	0	53.12066177521229	45.32212200122404	843.3573626591341	3264.3521000471997	1429.2620351630615	-904.6752117957872	-1
?	-1	0	49.80888628755223	-298.7115464846118	749.0621769996367	-1660.5412885984279	1298.9902437612238	-3142.7744801363747	-2.437856403903668
?	-1	2647.363315442869	38.185084450981755	267.46340710686405	760.330298229213	-6726.859757903052	1272.1233111562433	2789.016287007372	-1
?	131.368165772143	2391.5778093635927	63.18205664289538	534.1685578642816	412.7191891044853	-9058.868544024828	1438.441058111592	8066.924414273291	8.341984629810652
?	118.57889046817921	-355.0930303677252	64.89351234419574	106.00549721328117	307.3868710279732	-2041.9420487911195	1675.4695318699064	8027.104466481474	9.806857008283647
?	113.61351425375679	-307.98476577635876	68.48233150355942	-21.668300931985208	310.62208666492967	2499.6694540586554	1839.7962814356642	668.5974986676162	12.774170718299665
?	103.17965217936133	15.266104557093795	63.810097297596485	2.3780592244054417	432.3703437309055	3379.5297172152023	1708.899406803287	-5945.000839683869	8.653193413834993
?	114.37681948161148	311.518484272922	68.6012344647797	139.63124143183697	479.5985725256892	2250.405759670923	1542.5462394514718	-3890.792410335416	7.4198678814127
?	118.75557639300737	-2307.536389632238	70.79165936918831	11.290392690560834	544.8906317144513	7641.3895325574595	1514.359786286517	3119.573125893441	6.381672324387038
?	-1	269.93928058938747	69.16575409930773	-140.50513451331236	861.6680491535608	4972.091889794157	1698.5248957461433	3953.262910833892	-1.042897082767932
?	132.2525404224767	2497.607400471595	63.76640264352272	34.48962249073856	793.4952262041583	-9792.209235298324	1712.0229318282109	-7399.840538659968	0.06170884658295339
?	123.8803700235793	-254.45386480742462	70.89023522384466	215.7975927345746	372.05758738864637	-6533.2343160852015	1328.5328688131463	-10349.99789421851	12.020066260447619
?	119.52984718210551	-274.6444962582656	74.55628228025141	-57.581805666915706	466.83351039989935	2537.078270350164	1194.5230371172872	-7494.495199103011	12.144373694299073
?	110.14814521066607	-203.23471701438066	68.01114494049888	-152.09457444108833	498.9115009061541	-2895.3581065612516	953.808108857997	-3196.285599185269	10.467846012338232
?	109.36811133138652	94.87652502351813	66.95155355819702	104.59963300342005	322.0656050718373	500.6714559896438	1034.7087571580244	5469.637592901491	6.395105330204405
?	114.89197146184196	26.96511606978883	73.24112659066987	87.11245100661049	523.9450737056362	2890.5900009887264	1227.2899885030706	6737.45834652179	7.001574191796462
?	110.71636713487595	-192.59710680445164	71.30717610852753	13.563546332522426	466.5951051212731	1477.8859343688562	1371.5816744841127	4512.46829973263	6.432951500251218
?	105.26211612161941	-250.00360583032548	73.91930390729598	-91.27153026720269	597.8393704240788	-1270.887804710992	1452.9134034897013	3330.3278437279987	5.584078666787141
?	98.21618684335972	-93.83222767819778	66.74359959516741	-308.8314452920769	403.0507148857237	-7526.224477321441	1538.098066670512	-2645.207743259753	4.793146425187237
?	100.57050473770954	163.13551039435652	58.47773164269219	-129.08889675264479	221.5281465580081	-2983.7208773259053	1320.6530163267141	2668.6665583700874	-1
?	106.37296236307752	441.8328107911002	60.289154757535194	189.72278889714613	253.86467101942898	617.896919106971	1671.531394589016	10591.814607817583	15.883658619983263
?	122.66214527726447	792.2258804999628	67.96387108754946	208.98223229758403	252.42299251335655	421.36495645588616	1850.2437467175914	5672.244334748354	15.106269897758247
?	145.98425638807552	631.990091736526	70.73826637241436	44.11697095939603	274.9329188422232	250.02764023513836	1955.1436113264326	2812.1504791292236	14.411997077416297
?	154.26164986409066	81.12058976504358	70.16971963551926	-443.5797669946831	264.9243745251134	1469.433146711062	1990.851270674052	-228.02011735184888	18.150554624103457
?	150.0402858763277	-3105.2329972818243	48.55927802268028	-565.5230424571539	348.40457617777605	6772.137818724837	1943.7426054588402	-3042.648269730955	13.820762188640858
?	-1	-3020.8057175265644	41.89356751266166	-208.67941326482966	603.5312654613541	8299.223332060536	1838.718857187505	-4124.3923928140575	-1
?	-1	0	38.125307359438835	-119.58230211734744	763.3657427808014	988.7837202580148	1737.522985818138	-6061.898432018574	-1
?	-1	0	35.91445240679431	53.66120159183259	652.9704514742547	-5731.897963011783	1535.6239355865773	-5786.46731998919	-1
?	-1	2147.116182898224	40.808367439030455	453.4858505705089	476.7708446302133	-6979.018143571534	1448.1996198186796	395.775989660207	-1
?	106.35580914491082	2639.143815609199	58.588744935319674	696.9511863437624	304.0195442956792	89.56438443677175	1555.4127350695876	-3550.4760555391968	-1
?	130.95719078045948	478.69969519232	75.65592675621845	287.0286027160364	481.24906385205185	4378.62006019048	1270.6758170417204	-3298.4900114810425	6.699836637967229
?	130.29079390452674	-2639.143815609199	72.94017507112145	-471.0876114918488	522.9505473052025	1828.0497681700363	1390.488234495536	5549.667627829951	8.352468470517827
?	-1	24.81364776172777	52.10154618162609	-29.682360585814926	572.6515522605533	-32.3900496287298	1548.159198433217	1798.4196850866165	-1
?	131.53147629261312	2482.8945628070323	71.4560570418307	259.7538927312377	521.331044823766	548.6143946265494	1480.4092187498666	3033.0001833088245	1.7846834769452147
?	123.14472814035118	-2650.629525852272	65.08924081818793	-108.29312929996188	600.0822719918807	5972.602043576513	1699.8092075986576	967.3256451162195	4.448449737153877
?	-1	-78.75269033747458	66.04140057683263	-45.465462064823065	819.9611470025906	237.76574444260035	1528.7755010056774	-390.0784458213834	-2.4460900698944426
?	119.20709362347746	2270.104923224582	62.81596771494679	11.857117003343703	611.9705592140107	-10543.539465763448	1680.3052853075885	490.0754913353257	-1
?	112.50524616122868	-50.63318009578598	66.63425642699981	190.22546615142485	292.78417371442	-6792.184688963325	1553.2792755724436	-8528.579532804519	9.6609381275832
?	116.67543461868817	203.98655052980914	72.327241022518	165.46491663953307	272.3613247658456	1852.862257333546	1253.8763086673641	2968.2754888763943	11.631812596075784
?	122.7045736877191	-2.322062016270374	74.90750225897644	-79.34105301162191	385.42728658109695	7522.9385046638945	1701.6930500162628	7383.815136580914	12.118159779210355
?	116.55933151787465	-195.39922237130224	68.36018837193691	-149.29179141358927	648.508249999039	4824.272349275915	1623.0670654964085	-2678.5311415855363	-1.6021623897992274
?	112.93461256915403	-210.96829720004013	67.442912688297	-3.089066253173496	626.6409040448918	-3034.6669846731725	1567.7664929369864	-6195.164959964972	1.0134168285428358
?	106.01091665787268	-2278.6922513830887	68.20573505927824	-551.5470433762154	496.7749007653809	-2509.508543382776	1313.308817498161	-2968.757557338696	7.033260852409137
?	-1	-2140.218333157461	39.86556051948633	-80.94805751946126	501.1654768757535	2330.830942182236	1419.3286150700521	-1025.2343779571484	-1
?	-1	2227.020518286803	64.15833218330519	665.779999754169	613.3164478744923	2517.6430495995874	1262.0470986003038	-6318.126116997664	4.08718825503951
?	110.35102591433976	2132.491040601173	73.15456050719466	-22.7073074561961	627.0476293557324	-5188.573239468715	1103.42230922017	-2037.6464783764395	7.028467386176838
?	105.62455203005828	-90.29993968995375	63.02296681049539	-193.16308963227453	353.88778590105744	-4910.378122489281	1160.1647746814822	7693.366010895052	3.578326086791396
?	105.83602892984209	-207.23408029933285	63.49640602558097	-29.573104363154776	381.5287232312692	1042.4238886182015	1488.0906097649213	3294.4272462062945	6.657732202956416
?	95.26284801509168	-120.69130684502213	61.54431159233766	17.27883713671196	406.00898033196734	1182.5470870617296	1324.8861369917963	557.3405091384594	7.714472999466689
?	99.801463587591	25.224350135492646	64.36034788241656	48.094788346495136	440.6560775843555	3185.0867629753384	1515.9576352218442	5005.062135655412	7.693231428011388
?	96.5240655218663	-2016.0292717518273	63.949051009662405	-100.0799847864915	565.2633184807337	4764.480981694071	1575.139243774566	3525.610949567189	9.055007577218717
?	-1	171.4261237910131	59.356348643092005	-117.57009247178657	678.8801266690582	-3413.7174203490495	1692.238182700203	-4814.733622571333	-1
?	105.09537171141693	2011.6884693270242	58.0705463860731	92.72147103558926	394.5774474632818	-5106.905842828853	1334.4025626460002	-15361.188745886366	0.3573148054910906
?	99.58442346635086	-307.34887438035395	63.99242219487145	139.11365808324325	423.53483452761645	6143.3403634275	924.1787454058874	6057.307140367565	6.941754458030025
?	89.72792799239929	-2011.6884693270242	65.02622929023524	-17.55351678491443	701.7444656346557	2615.8231367389862	1637.2679196643774	14986.069976632883	-0.30749723312641
?	-1	40.3050953969948	63.11474635562573	-42.20906577776433	554.3259913645653	-5977.081527989741	1673.482244237529	-3421.5895516868236	2.7186179077875128
?	91.74318276224902	1782.4000089984513	62.91577600134703	-131.39429036910914	402.8903892351698	-6491.472202362974	1466.1884420800368	-5733.500149849999	8.456474277778918
?	88.12000044992224	-120.96622285491677	56.5450318371703	-27.712333405522955	229.75238124641777	-2073.761063932787	1386.80723674503	5589.043438517794	-1
?	85.6948716195032	-217.67752552404195	61.530159331070884	-40.306312500969455	299.2023360385308	1206.5709280533722	1745.6406140059255	7952.336428197983	-1
?	77.23612417372019	-187.41616387418426	54.52971621212183	-140.91499317553607	290.08092764908616	575.8921430808264	1784.4240581549277	-429.3010544523365	-1
?	76.32406342579402	-1564.7224834744093	54.484409672294106	-279.940580679321	327.996943192572	9041.452074836856	1724.1755612833088	2503.72114976778	-1
?	-1	-1546.4812685158859	40.53268717815583	-376.957820043128	742.1535313909274	7253.357553397141	1909.6101156433162	-1596.160469010125	-1
?	-1	0	35.636518670137775	123.41012567835493	690.6648208624278	-731.2654154049759	1644.3675378328028	-2204.5405029772096	-1
?	-1	0	46.70319346207356	248.83534348484704	705.5902606206787	380.4963817050716	1799.3830904944562	2249.9230790391666	-1
?	-1	0	48.07828584438008	-200.3397884736556	709.6896399476813	555.6043103790304	1756.8636917847607	-2465.696034495231	-1
?	-1	0	36.68620403839081	-247.98318817437308	733.3704761396301	-1043.7768623596676	1676.098288769695	-2975.2035458561218	-1
?	-1	3420.7977286517244	35.67912643566147	612.4006299044958	657.5007968296981	-8095.924911455111	1608.1035144919551	-6936.405738533483	-1
?	170.0398864325856	3019.7351375173666	67.30623553361549	683.7129983173851	328.574230566876	-6415.960453256058	1329.2780018430221	-11205.15958921397	13.232468493905282
?	149.9867568758678	-688.9033109051692	69.86477635153061	-99.50165086224978	336.7027741668963	-1022.9066241696821	1047.8455350312586	-12016.929227348937	13.856488313488356
?	135.59472088732727	-3019.7351375173666	62.33115299050302	-534.0629476217963	277.4288993583921	2449.2584793685646	728.4315404755774	5647.151976842776	12.717201657144708
?	-1	419.1955314775547	43.16162897044089	151.20272664730845	459.1656981353241	4288.841343317966	1330.2031338733964	2382.0768614397953	-1
?	156.55449746120493	3207.1902040501304	69.89128932286842	615.4151322519606	491.8709665242896	757.5084212517122	847.5353835475668	-10039.698718878164	10.539372866485142
?	159.35951020250596	-223.41994158238174	73.93238558303881	-86.99013426445904	497.04111919790955	4062.6365702965104	828.21819792949	12900.289439588643	15.300931125737197
?	145.38350038208588	-3207.1902040501304	65.54178260964548	-594.9956780681296	695.0027950391144	5900.339458134359	1492.5498555269967	18088.82831607354	-1.6304213706858133
?	-1	-36.95079517261048	44.182601679632434	44.40549982013566	792.0580921046264	-1318.948464322789	1732.6596137331637	193.7180610315961	-1
?	143.53596062345537	2758.0100211982917	67.76205760065226	566.805178867039	629.0553718229752	-5079.698974634666	1502.2357585785765	-5626.059149595155	-0.009670531723627049
?	136.9005010599141	-291.49666435122344	72.52286062298428	-404.51227062952614	538.073143372894	-3942.8660747272525	1451.356656253407	-2440.905136671817	9.203982704609755
?	128.96112740589425	-2758.0100211982917	47.53644406917602	-549.4221311585962	431.91206808661326	3424.718200635101	1380.190501744986	4869.818646176608	-1
?	-1	589.6665795238616	45.05175406505457	576.0948252713671	709.3090534046485	384.8460847369008	1694.8475885622365	-8631.248159968798	-1
?	158.44445638208722	3282.4956120109873	76.34118533274427	636.8271485830786	451.15437232345823	-3507.9988584638872	948.6280937465476	-17846.55284323717	10.391519357408285
?	163.12478060054877	215.0699450647928	76.89311149420838	-40.618439059476685	533.9091104814547	1932.2575797845684	802.5199464003813	-2266.8987436457646	22.58873927383807
?	169.19795363532683	565.090640662655	74.31026337977045	-561.5702996423696	547.7672513126863	-1076.7543094911757	835.2831565642598	5747.358395534672	17.5158862277081
?	191.37931263368142	-278.6496660809449	48.814596512090006	-248.0748647919056	480.0713950068961	-3618.440335388223	1089.887866177114	9631.628745668748	4.696936777568781
?	155.26547033127963	-1046.2614003560511	61.90652014017521	504.0031723698233	366.8452345432758	-3457.8271785725256	1316.8645938476955	5837.840871651163	7.063446400213119
?	139.06624261587905	-344.33447523654377	74.01475513058108	238.03705515212798	307.18003607827046	-476.2639890990823	1381.779909759671	3276.6816365184904	18.921283608804494
?	138.0487465694525	-321.876808175563	73.80837289778157	-441.5291448120419	343.0320350883218	1601.230222690259	1480.6986756736194	-2550.9389273266424	16.148519189087366
?	122.97240220710096	263.2025358561734	51.93829788997906	-447.72061574415716	387.24154721278313	1510.6109936553216	1254.2329633933393	-1203.9818053867837	7.133842107446605
?	151.20887336226113	534.5436498887436	51.42234211057379	477.4906508193372	418.5625847710876	-92.86239003056186	1420.4995854042804	-10041.408620622016	0.3114177619041394
?	149.69958470153804	170.18464684211156	75.81283043094584	502.53175678827256	382.59842771125506	-221.19700657567785	752.1625323622403	-16148.47096487004	19.2069121756615
?	159.71810570436668	261.8346502099687	76.54892994998733	14.210096996774034	407.50273444230373	607.556248568303	613.0760371607813	-223.30921299281124	21.68065584067433
?	162.79131721203643	-183.01391685040025	76.52333528078454	-125.15451529876417	412.9762401396701	2461.4887583402865	740.9970717125998	13605.32136504467	18.75912594521934
?	150.5674098618467	-3275.82634424074	70.29120418504914	-90.62779331992265	530.5771723593176	6319.9887040724825	1293.3421054130124	15780.84104989826	5.451458291748515
?	-1	-3031.3481972369445	71.99194561478842	54.55171248893625	728.9756753432931	7909.496140440147	1530.03912420751	8331.421981945667	-3.4652342308821082
?	-1	0	73.01878980949594	-720.1199324710254	926.0519793813236	4901.759422547397	1709.9132045102942	2542.430999571975	-2.8213125271579313
?	-1	3721.757441252831	35.98594899123728	-371.1826452392825	974.0636464706621	-4394.425364110452	1657.1606741861083	-8675.655327534076	-1
?	185.08787206264088	3588.150697596139	54.45965754753188	811.3653487750474	706.3307111758018	-10180.553146461267	1276.130438133592	-16298.203090478863	-1.724363167733758
?	178.4075348798063	-253.75562879038375	76.55421642998951	297.6442535766336	465.03598914760056	-7639.69483595375	842.250519662168	-5918.13923881538	15.49469453265207
?	172.40009062312174	-3588.150697596139	69.34187022636351	-696.5003032321964	324.3459693781156	1839.9873018357298	980.223476192824	11143.209813359215	15.804217047817891
?	-1	100.73670822100532	41.72920126837981	-273.23565394222766	557.0353542393867	10393.812291578552	1399.4110103301268	16008.726225303708	-1
?	177.436926034172	3198.6610143434136	55.68008752925218	587.1616599806979	844.0365839570414	-5485.471246114463	1780.6597874580066	1588.063491121353	-1
?	158.93305071717012	-501.3776048962922	71.0872842674146	369.99972746485827	282.76179193366454	-11851.66955390602	1478.8141848861942	-3872.9851229398446	13.569025697411984
?	152.36804578935747	-151.03963824612148	74.18007390249503	62.76372670708178	251.45310626174248	-662.6550458790156	1587.010531311015	2045.8548215627416	21.864211183295012
?	151.38106880486407	128.65126795090748	74.22547060276868	6.391782330851493	249.62903963971388	484.1617193548984	1581.106925964331	4087.609119892887	24.2988647626336
?	158.80060918690282	331.6241420109407	74.4996630190376	20.242987840334834	275.6611922294873	565.554642236476	1791.3909873056587	2440.132677246274	21.656324849852478
?	167.96227590541105	348.82342868898843	75.23761999478542	-20.742450182170632	277.9067717515376	-22.965214351346585	1703.1135598266442	-4648.056044936555	24.67984238961312
?	176.24178062135218	-1135.1521182255437	73.46254050992907	-284.77139522407543	274.51293151192	448.6512927515166	1558.9881850588317	-2666.1461785827946	23.688980035199297
?	111.20466999413406	-3544.8356124270563	60.9990502335817	-500.608449615599	300.3393363891133	852.4504919447062	1569.806250897505	-626.7230563399676	6.977076059998737
?	-1	414.36146507554133	48.43211802914921	-18.777089473662368	317.13545610915514	-1327.9790397593913	1527.6520322418335	-4842.171857131042	-1
?	131.92274324791106	2454.878733062557	60.06019575989858	257.2145946857028	233.940384401144	-677.2188965650754	1327.6976580409537	1267.8344182518867	-1
?	121.7439366531274	-82.73917627034395	61.2928477634343	284.90030956498657	283.2745112809015	2377.962083938499	1591.0437531544276	1708.4466423433394	8.585516401282256
?	127.78578443439388	80.34550192110856	74.30521123814786	162.62240050957288	352.8384885980685	4017.2055937746445	1413.1199901581203	-2432.8321800369163	12.675301452290148
?	125.76121174918282	-2575.7156886878406	69.42396778891292	-156.07071928717977	484.134790969633	9335.755642918928	1469.4021441525822	2457.778395264137	7.920112419589795
?	-1	-2535.2242349836206	66.50167527378876	-22.56010413220192	819.6262707440216	6915.026409236444	1536.008909921329	1182.230038164977	-1.7996493875823363
?	-1	2659.5630714668896	68.2959625823028	-31.609323181681482	829.8861114314601	-1612.8678478352251	1528.513646060832	1054.9446363587717	-3.5375773086810236
?	131.97815357334636	2597.3905172132927	64.92120911470467	89.90233143390228	738.9828783522592	-8964.98056239096	1588.7561417392683	-2575.0331138474894	1.5448430912584539
?	128.86952586066647	-294.8437098263242	72.79107915399798	-41.79486142828975	381.63708331190577	-7979.808554156551	1399.7619903684556	-3561.6935965421994	11.68065118629554
?	117.23596808202994	-2597.3905172132927	62.83146604329015	-761.3563112143069	339.99245064442596	907.9727226735721	1410.6714619121558	1737.7855635219955	10.145165942223258
?	-1	-2364.7193616405652	34.7232635932821	-760.1360717317078	427.035719445585	5738.220235570429	1486.6512685445566	5056.5695058648735	-1
?	-1	0	24.82466245670422	11.825633156952735	626.9034624229515	7634.944312442284	1663.499937205403	4426.416768475111	-1
?	-1	3838.661470205448	35.31454525112974	797.3121243220271	808.7829350677047	-3087.831193233589	1707.9721069683153	3914.147634943978	-1
?	190.93307351027514	3693.5193111084845	64.69026867280614	704.4583243256527	472.5119027612699	-12024.764820089951	1859.2073189526047	1239.693004459519	8.841354902341449
?	183.67596555542684	-507.6408804440196	70.53746146741288	-451.82729361909236	207.5446940631986	-4470.004164645973	1769.9567571912921	-5018.097249971845	16.122857304091255
?	165.5510294880738	-3693.5193111084845	42.0989039918512	-480.5673351565349	249.01169452896806	5981.717415206019	1608.302456454009	-1725.1103464594762	-1
?	-1	-794.7969702653235	46.509094709585796	333.7076202573284	506.6305648235038	2408.1903419218906	1683.701239868317	-395.9397324712689	-1
?	125.81118097480706	2509.854590261333	58.78428500471786	427.11787553209564	369.4212116250643	-2709.273226888006	1588.5054698304452	-2617.5133007908144	-1
?	124.49272951306844	-64.0752798987537	67.86498848619088	277.00998632870926	371.16690347910156	1438.159628222894	1552.8255748287745	-2436.458336097182	9.069912644323978
?	122.60741697986933	-2509.854590261333	72.63478432115352	83.10517439793723	441.32919303621003	8671.583725231798	1466.6825530255844	1401.1728066380447	11.580589800380755
?	-1	-2472.1483395973514	72.0202472060878	31.946510885271493	804.7460897406976	9959.230605061744	1622.8842151606777	962.6774005648849	-1.6818911652917208
?	-1	2823.6193603679753	74.23210986541712	-29.41677511716862	939.2907232893043	-1900.5732351746112	1514.8164230538293	-6449.688228459903	-2.4766933265880695
?	140.18096801840076	2650.9687314219673	70.54940845022935	32.67015462342339	709.7174279819657	-8670.117472594491	1300.399803737678	-9333.25971935435	3.511821962454833
?	131.54843657110024	-270.43127589524613	75.86561759658831	66.23868146583894	505.7848496595736	-2112.0111549217263	1048.1534370861052	-186.5917235075195	11.658146541630648
?	126.65940422363826	-199.1950359188698	73.86134252352134	-73.42757284404637	604.1168702358779	377.5234998328418	1291.0702175623019	6453.199556522017	10.56038955390286
?	121.58868477515661	-231.56766212767945	72.19423895438594	-72.90046146774311	524.6610246512159	-5843.3982256711615	1370.8134149122106	2176.664839320084	8.728533714684929
?	115.08102111725412	-210.61165744188926	70.21631945013414	3.8562538316812742	311.94695895231564	611.8443755581375	1399.9034595283076	-103.09766269777664	14.706468137319252
?	111.058101903062	-252.21731011788034	72.38705164597	-56.91565445651638	555.2532434291232	7558.990909167254	1365.6585317773217	-2346.3053662186608	5.377804548745116
?	102.47015561135993	-392.7150596571526	67.37053672730828	-444.3669971444053	689.8965044106838	2719.46352307732	1282.588191217373	278.05410457419896	6.206464958965274
?	91.42234892020409	-2069.403112227169	50.16870178874942	-414.369279532965	691.2264195829912	3579.1740212536242	1379.561237006032	6885.856934956498	-1
?	-1	-1848.4469784040555	46.652072750659734	30.37982537266344	868.8552054733675	5907.246302293497	1626.8810379652027	6514.746234867514	-1
?	-1	0	51.68769305738262	115.21510075062203	986.5887346976703	3145.029437587583	1705.2985487494122	740.8855515878016	-1
?	-1	0	52.41282778819092	14.24285514664896	1026.1066773527489	-710.1192288569122	1663.9253155445933	-909.1795841662822	-1
?	-1	0	52.399835814715075	-63.5120134864628	951.0827732548241	-2417.101235261616	1659.8395695410975	-623.3974217903826	-1
?	-1	0	49.23722711386773	-202.6011763780694	905.2516155896664	-3141.582803816062	1632.7554444550738	-573.6998155079446	-1
?	-1	0	42.26977699581146	-373.6317244213809	794.0036330640188	-7140.469732141492	1631.1545787656999	-1069.1115233409648	-1
?	-1	2632.997631384075	30.555640892798422	490.3875154244068	548.2281289825867	-10988.953958179409	1579.2998682880248	-5177.8302895077595	-1
?	130.6498815692056	3031.2185936878177	66.78915276703215	906.5664294203784	244.5559351550405	-5299.29781609773	1372.2630642903082	-7157.915354821933	12.772142516277835
?	150.56092968439305	703.6976104241372	75.88396236381799	193.95820953724618	283.2632381776964	1695.2268926402876	1221.404100546923	-11356.5283614773	14.178025829567781
?	165.83476209041297	68.67417401099162	76.4870632438946	-284.7623654273085	329.31727978705607	-869.4742322805253	804.4366462164352	-4951.941375907049	18.87843421558788
?	153.99463838494268	-3336.695241808212	61.64584409245236	-942.053149791051	239.7895265636695	5591.80344320227	973.807031751567	18771.10979794086	10.497865106771062
?	-1	-3099.8927676988096	29.384405754341373	-709.9289094023415	608.9074519471735	7463.812026142348	1742.9921361134914	12659.363005462828	-1
?	-1	0	26.149398622334783	183.10050116625527	612.9801278707922	-135.14840388600567	1606.7751820247174	-2621.430283498411	-1
?	-1	19.999999999999716	38.53943081265427	-522.9879724466882	602.1500317528731	-12259.60255741567	1611.920621938569	-32135.50364049389	1.7251571874538074
