rowLabel	avP	dP	avI	dI	f1	dF1	f2	dF2	h
?	137.7955573109568	2713.97977389864	66.6718569593033	1381.5038772665032	325.097049827768	6052.132970118087	1532.424144265205	28956.543317180058	16.719916709358596
?	135.698988694932	-116.01056665988438	69.07519386332517	14.669354481284245	302.60664850590433	-514.9953874617552	1447.827165859003	-5533.096273551923	24.358285046200706
?	131.9950289779626	-93.26242740457528	67.40532468336751	74.88295751175483	299.34728045468023	1475.8059556267876	1255.769330587609	2746.3235900970076	24.470514164903822
?	131.03586732470325	-117.91734761772179	72.81934173891291	189.36904550941196	376.39694628724374	3763.2799268234653	1585.1433453638533	11561.597502225402	14.863681716855144
?	126.0991615970765	-133.44404297810516	76.8737769588381	-88.97540548384457	487.51127679585346	4107.33694970652	1833.849205698879	-2038.5923538957609	16.16469385282955
?	124.36366517579799	-10.055405555830818	68.37057146472068	-124.92019889402033	581.7637937725697	1702.9560182160405	1483.2137276690653	-16908.905652039553	3.6915811142152486
?	125.59639131928496	242.26938265839755	70.62776701413709	199.28980722048186	572.6590777066555	-2102.148372717588	988.4039230969015	-14394.707538574306	4.8906114517826955
?	136.47713430871786	654.7052462584519	78.33506182574477	130.4282286771698	476.6563751366903	-2209.5426751935743	763.4783507403502	-4917.271777172951	14.089188073836008
?	158.33165363220755	884.758904657423	77.14917844799558	-6.047624043768851	462.1819439469768	-1157.418988571408	742.540334238254	-350.6386518181694	13.621285070649861
?	180.715079541589	279.3076400615417	78.03268062355633	-171.24997630714634	418.78542570811993	-88.05581562647605	745.9464181494417	999.4121753818743	21.715275099346563
?	172.29703563528463	-494.31502357086185	68.58667963263827	-589.225047709051	457.779153165653	2677.403208065317	792.5109430073477	8340.588291598779	12.366644783220032
?	155.9993283630459	-3465.9407127056893	48.571428238103756	-336.61268097789275	552.6555861113859	8078.242401482815	1162.975832729381	12044.915249492587	-1
?	-1	-3139.986567260915	51.756045583743614	130.70478622628232	861.6912732397941	7205.566413059705	1394.7567054819776	8209.584931461819	-1
?	-1	0	55.10666754941788	93.8361309040325	912.9339067643715	293.60156001334843	1573.4550793024723	5115.281812089161	-1
?	-1	0	56.44785212894524	43.393215647343304	876.3713512404615	38.52120598351117	1650.520796086436	2737.4650423414573	-1
?	-1	0	57.276328331785045	-15.200787831153363	914.8599670635471	929.0803974820179	1710.3283314195453	1456.3251898707254	-1
?	-1	0	55.687812737387574	-89.2130959434491	922.8253711145625	-586.3464531178391	1723.3370555799722	-1023.1661601274836	-1
?	-1	0	52.815673534612586	-214.92717979374115	885.5426444076551	-3871.2220933624994	1659.170023413171	-1248.202944984613	-1
?	-1	4904.203492090728	44.94145374770051	203.48103073845292	729.2642664464373	-8280.037693236067	1660.9269083307415	-1497.707522990448	-1
?	244.21017460453663	8547.868753764267	62.98972507153524	617.3605557505618	471.54075974585135	-5040.97123872352	1584.2846472636486	-2173.8901227934166	-1.7402886205716694
?	426.39343768821277	-2370.1279052734344	75.80948153522856	310.47123607575816	477.2157045102616	349.9331438829776	1552.2324021910708	-1295.8106890262968	5.169837328461846
?	125.7037793408648	-5997.586936057058	78.51328687532316	-5.639796467139599	489.03741694000024	146.64589773916745	1519.4941128123337	-1126.8031938770619	13.518454191415438
?	126.51409088535961	-52.04979594401943	75.52749171187158	-88.67686548374158	484.54799939722	70.67464694869608	1495.8922424972177	323.6558135424272	17.320648263474922
?	123.10128954366382	-80.28442981838815	74.07944360113608	12.582695244039986	492.57114928743505	171.69271820375442	1535.676903489455	1070.6657734907267	12.234480322135607
?	122.4998693944402	2756.353526099349	76.15662647407358	-28.596806417622506	493.1326353074077	212.53859373707863	1549.425531171754	-594.7017430773161	14.234479389905733
?	260.9189658486314	6543.416342786464	72.64960328025495	-73.14473721734963	503.198078974289	-381.0531898063433	1505.9418163355892	1046.7044798397446	6.199960256463397
?	449.6706865337637	-474.83249211818946	72.49938961320609	-169.81385107992608	474.07997581709054	-2079.564574418935	1601.7607551637414	2603.9307929740357	3.774099931139836
?	237.1773412427219	-6370.781074871401	64.15891072625864	-147.07160034054354	399.21985025334214	-3430.5026479549683	1636.1383559842911	-3556.7371086937887	3.624392186130028
?	131.13163279019338	-2150.653411739357	65.1458095961789	169.03706058206254	302.554843419342	-1142.7368811008412	1423.9238997290518	-8171.938936914441	10.778372676572692
?	129.64467065575394	-203.68606825328197	72.61076375536177	84.85730384633733	342.08300619830004	6007.393539322537	1227.5414091385687	2623.4976145624137	13.672558840270389
?	120.94732937752927	208.10463729017366	69.38867478849578	95.6128143035331	602.9245203854691	3968.0104732601726	1555.0987804571726	3633.111066088992	4.072352850857365
?	140.04990252026263	237.97575024683633	77.39140447053843	80.50555986987057	540.4835298613089	-411.3203971431832	1409.1969624430185	-10148.792423895844	5.309741898592859
?	132.8461168898711	-2820.99805040525	73.41395278198931	-104.068601376507	582.35850052831	-249.16072453722768	1047.65915926238	-11888.706415991925	2.876531646287197
?	-1	2498.174124105241	72.18797440171308	-116.85577290088436	528.0254936344475	-2054.461755708958	814.7616416434217	-3425.9284141633784	0.12903442689552183
?	257.75482309513325	4904.079834215388	67.57116413694509	-241.09713418201997	479.63541274286194	-4803.96729082307	876.3627385542109	9717.193194482168	0.07044776640992767
?	244.2039917107696	-2199.606930431463	60.13311769261207	145.9151657116614	287.82712909329376	-205.0432958504528	1300.6213013675306	15270.124377659327	-1
?	147.77447657356	-1884.5128757916154	74.86692242252816	310.3841742582374	469.3832479503393	3019.662543422555	1639.8689574371779	9685.266842642173	6.995828296732273
?	149.97834792118874	-200.0392546392099	75.65232640552395	-74.706347452369	438.81025626442164	100.5485355291909	1784.8846434996397	4306.550484662408	11.166032134775781
?	137.7725138415995	218.55320940442007	71.13160504990971	-22.47612947512406	474.41067472679885	2023.5352176503436	1855.1964816702985	-2499.396292704739	5.981563162799309
?	160.90600839140976	439.78043177057924	74.52851993176775	144.06879796627402	539.9870171469389	3772.2028803089106	1659.9148288644026	-9559.05501118914	7.908416203256472
?	159.7615354301284	-219.45830362957756	78.33504494822338	26.719179953905535	663.0208187422437	3134.2157468250452	1377.243731110843	-8888.497785144122	11.325511193099974
?	149.93309320993092	-421.5329032297311	75.86447892946302	-191.8423157514489	696.6978044881906	-4216.533653449675	1215.489939607198	119.36794314413461	16.95253180976253
?	138.6848902686419	-85.07112057189177	68.74292916065097	-76.04914346119698	452.1941360697607	-2338.425405969546	1383.2121282680498	5329.952644327596	11.854058308352808
?	145.67953718133634	45.852614976953014	72.06202175640318	-74.29634175408636	579.7765341897137	2856.775210410477	1481.987571823577	1505.4917634818057	9.968390095588012
?	140.97752101748955	-2933.590743626737	65.02811207294667	-601.5652819087972	595.032896590284	461.8303419400575	1458.4867164421398	1611.4345247470749	10.24891116916386
?	-1	431.78251369843605	41.983757660963434	-126.65061442757707	602.8680512867165	1798.5016001370918	1562.5592980609304	1123.4699356186225	-1
?	162.56664670241128	3038.1034042260635	58.69558135156784	634.782044654008	684.9579765971383	-2603.699438231237	1514.6602132230707	-9787.742041277037	4.469789170139966
?	150.90517021130265	-412.9695508033328	73.72285989366372	234.2867335630717	472.68307937515516	-6265.3123714357735	1073.1721959970803	-6978.4874439275945	12.133976360019421
?	141.9181691622447	-440.11863548912277	70.40991802972138	-233.49865054961737	371.69235802535076	1299.9823882709268	1165.7358410266922	12172.2850719534	20.291165264624286
?	128.8992384368466	-2858.3633832449045	62.0479273661829	-32.1732122235461	537.6821987887013	13426.136470447735	1681.786449594748	18297.76316858343	-1
?	-1	591.6851564231084	68.80125741854408	143.72687106268594	1042.9991815477351	4921.816822945691	2080.6239994558605	3709.8092402225207	4.786257282996788
?	158.4834962580019	2788.1242761296057	69.23427091931717	147.68276487083534	783.7730399359849	-11474.933699477187	1867.2769116058735	-21829.706324398852	3.738848026220563
?	138.4062138064798	-593.3238986307804	76.18539566208582	99.59140120399475	469.25249657387786	-6546.919390627471	989.1386832359217	-19324.694209202193	10.96801069120874
?	128.817301326463	-2788.1242761296057	74.21384097951689	-333.58985737937775	456.4270704046125	5662.201560479673	901.0422011457672	11947.940440663135	13.854409837399444
?	-1	-2596.3460265292692	59.505902793116995	-121.88601256951799	752.3625745978605	12463.14001629726	1586.5357052690763	20442.211715137204	-1
?	-1	3255.052217303434	68.11954035104101	152.25854116762872	1079.5840712194733	-1552.663343086102	1923.1527869026238	7746.553513205763	2.4971807165997473
?	161.75261086517114	2953.1774653385687	67.1188298514984	-44.417306531498625	674.7294074435557	-14945.049693961577	1973.863380929363	-3232.144033964653	7.596978866307228
?	146.6588732669279	-643.3195279632554	65.89867502446609	-109.57543194361317	332.3315865213972	2113.275175143477	1761.5455852043917	-4800.562789720742	9.414873572370434
?	129.58663446700848	-2953.1774653385687	61.640058254317765	-5.66767218482456	780.3931662007292	13876.280697480637	1733.8352414433268	2766.9662174804816	2.1393232325564817
?	-1	-2611.7326893401787	65.61529141522486	65.60077736053609	1026.1456213954266	3092.941463560698	1899.8938960784153	2302.1558949852933	0.1705048186360068
?	-1	3049.2255084979133	64.92009712234456	227.7852286518205	935.0402393787635	-11601.923896695953	1848.943036192591	-2050.2467458429946	3.269847543143689
?	151.46127542489512	2926.7059530845036	77.00455284781585	290.7565458216381	446.04942656063093	-10904.214603237133	1797.381558786266	-506.55969006930445	8.968424346748211
?	145.33529765422466	-2.5942110969077796	79.45792441342641	45.31522787645388	389.82950921690883	-2178.587118805868	1823.615051689126	17.010021124479014	19.797831389720393
?	151.33156487004973	22.77790946305296	79.27031424163853	-110.59377128941162	337.1200706203379	-633.5949054678201	1798.23205984249	3361.439530222513	21.911576312487203
?	146.4741931273773	8387.085848218976	73.92823584895585	-280.37179955241373	358.14976394351794	10136.362221603607	1991.687028200251	2260.350784362139	14.079324222734474
?	570.6858572809971	8221.517724586016	65.2517242640179	-64.0141989287684	843.9381817005165	10574.094516191328	1911.2495990605964	519.4423913684541	3.9821615541111592
?	557.5500793566766	-8706.583816242955	70.72752590251744	48.661532556223676	886.8544897530824	-2750.4929265730293	2017.6591477686736	-3572.8849212367177	7.230345577680285
?	135.35666646885093	-8678.067450893557	67.68480089182907	126.32318871851413	706.4135353718655	-8954.342185705003	1732.6053529987612	-15995.159213073874	4.412137209556168
?	123.64670681200035	-257.4848192230181	77.04368533844313	-80.27352459818971	439.13738046783374	-1286.3691763249767	1217.9011871149828	-13742.380728916894	7.592078461796264
?	122.48242550770007	-56.174918648789486	63.6711246619196	-118.82603840539346	642.0950765556169	385.70266803930076	1045.4863165529189	328.31649331384716	3.1773013427499173
?	120.83796087956088	159.6250536491806	71.10238341817347	231.61422503446386	458.4225138697987	-5307.4676507664335	1234.317011780675	7017.854224497493	5.86107092111281
?	130.46367819015907	962.8874625909805	75.25183591364275	173.3232025074651	376.7216940172961	-400.86356876657675	1396.3790277777923	3434.377790022844	9.269557946095905
?	168.98233400910974	1190.4129111427746	79.7685435435467	-1.929161470354195	438.37933543146994	1223.6053397635371	1406.0359012818167	-1707.9237950140594	6.895079674352848
?	189.9843237472976	289.48470222297647	75.15537784012504	-595.9573081731494	437.90196100547274	79.54544354647197	1310.9828380270897	-1497.3246561617004	12.95375756198544
?	183.4565691202585	-3819.6864749459655	49.97067813488933	-521.0885619649781	442.3566076087935	1985.4603496097152	1331.169668473732	615.1115655501984	-1
?	-1	-435.48993144239756	49.10094974187623	128.8606994938225	537.1749784859582	4041.2600554892683	1341.7384163045995	-4622.412971774168	-1
?	161.6820725481387	3308.3863819260555	56.413713109580435	417.28752457563354	644.4196103832562	-1040.912553758981	1100.0490198850243	-8049.288228709824	-1
?	164.4193190963022	-103.58244029181586	69.96532597065783	78.48663133623418	485.1293507980093	-5198.632963276506	939.2740048691097	-119.49741088279595	12.174769298304229
?	156.50295053354793	-137.88262137413986	60.33804467639213	-190.03428752105418	384.48796221943184	-2579.3403758431964	1094.0741493408846	5923.169294069486	11.828192122103456
?	157.52518802759522	-69.83165978457602	60.463611594605155	87.1788451732684	356.1623320058499	-1082.850735807073	1235.432469572583	7270.142152312858	-1
?	153.01136754431914	-94.55539494273387	64.69698693505553	176.6590369406328	330.3454254290784	378.10580326655236	1457.5812569565262	578.3992374768034	18.269750296721348
?	152.79741828045854	-141.6824271426304	69.29656344163676	-18.901546283995355	375.06762216917747	10.462964995533676	1264.352431446423	-5461.526877602392	22.020737596202466
?	145.92724618718765	-144.47687611217356	63.75190962085577	-79.4416291158484	330.86857367885506	-641.3082215677116	1184.5049130764075	2940.898710906173	19.806504058449356
?	145.5735744748499	17.494912444485127	65.32448198584436	98.23860179376659	343.002211090792	255.32805060287365	1411.3973669917311	3275.29426553713	18.08673599051918
?	146.8019918094119	-51.15578946038302	68.66383971054408	46.01489079910623	343.6349762089987	-382.43317871123304	1348.2696263532634	-3352.0035240775524	23.82702177749714
?	143.01578500183075	-96.02321728246784	67.62522652579966	152.72068245950376	323.8805521552304	1057.0378649254592	1243.797190787854	2900.289575300418	26.19433521478776
?	142.00083094528853	-71.48337284090329	76.29987383351924	223.31903539926026	396.48686945527146	3619.9147662460077	1493.2841051182838	6105.1133681665615	15.433553191698019
?	139.4416163597856	-176.50623600430384	78.79117829576263	-65.86520575327393	504.87629046753017	2464.2058812652826	1549.052859196181	-6099.700645370448	18.309275674033774
?	133.17551914507337	12.571889129641294	73.00661354585556	-69.02719078554323	519.6971635185352	-341.0892193224948	1188.2990728497625	-14200.290084760287	11.332733703205104
?	140.07021081626766	287.2735167887889	75.33981875648549	67.7175721355314	487.8218295014055	-1331.4183219641156	839.0383549581693	-7150.099198991998	18.23718976761416
?	147.53919498451276	243.96208699044251	76.39249215263212	-24.004725754159978	453.1262474203296	-1114.0890044850862	830.7941129001639	2310.483193691497	19.309269129173366
?	152.26831516578974	-184.15668090292067	74.13958246877749	-299.36918142846133	432.1173792771514	-2232.4077507988986	954.5625146427437	6466.661178197458	18.869099763783048
?	138.33136093936676	-574.4290810850055	61.4240330812091	-305.57620744431654	341.50585988038506	-2063.8784498898444	1154.1271718100356	9773.326424859728	3.3554150696925493
?	123.54686111153957	-378.50746006702644	58.86077209656172	241.10114776818108	328.9234567826595	1930.607198494996	1443.2288358857284	5232.995655720583	-1
?	119.4059879360155	-126.57464729058421	73.47909046961811	388.28941918654345	438.0362198051345	2664.590590641231	1415.776954596064	-1178.2143686720924	10.481743292948925
?	117.21812874701038	-54.70161744684125	78.27524305588882	117.62666939346856	462.1529863147206	457.93401764636025	1384.318117452124	-635.1212889596695	22.734924171483133
?	116.67090706367345	-135.40407825088286	79.36042393929152	-54.56663195548307	460.93292068745245	-80.71002270810624	1384.0208901480805	122.98189745341504	24.68385758948823
?	110.44792483446626	-774.827085325634	75.54691145811468	-470.44586560382606	458.1174851793153	372.9975819250855	1390.4672123247947	1891.9286402691637	17.750948972328047
?	77.92955279739189	-2228.958496689333	55.8381306591003	-418.0092102249302	479.58279978370666	5022.086732180921	1478.6173221615384	4364.822567660633	-1
?	-1	-1578.5910559478434	54.64645094686824	-14.866348456755869	709.2218217883604	7570.007670517364	1608.7083407078255	3628.393394489798	-1
?	-1	0	55.09481323626251	23.045995946096777	858.0831833095735	4414.424396746886	1660.0369918860276	1760.728903366814	-1
?	-1	0	55.79875074417308	66.00481624053113	929.9430416257039	549.1526146013481	1696.744785876166	1289.9131078758455	-1
?	-1	0	58.395054048289055	-3.9756258739090953	885.5408140396409	-190.8272486428616	1724.5326472798197	-66.54730304827378	-1
?	-1	0	55.59996945047762	-170.18087410256615	920.4016791935609	-1631.5396697422545	1693.4174207237522	-1632.1608979182806	-1
?	-1	0	49.88601034316078	-302.129782697616	803.9638305525284	-2561.2602358853565	1642.924602383906	-1546.3340755116233	-1
?	-1	10575.580186713247	40.49348031559688	86.04102894901959	792.3386673992935	-4232.5244088233	1616.1007169481713	-3755.9551967641432	-1
?	527.7790093356605	8572.370488237555	54.18806179061174	569.7325460516378	592.3376101113641	-6104.642136173614	1455.1268425456994	-6352.253600299678	-1
?	427.6185244118762	-8300.81620379479	68.98010761817866	309.46640929303265	487.1065605906139	-2843.9128926969533	1298.4880369331886	-2926.454633986788	0.6780159555738403
?	112.73819914592248	-6270.545995735835	69.66138225526332	-27.169477935347384	450.141965476517	404.51724591241856	1308.8041108463606	4807.194113020995	7.264210410181978
?	114.09122462508554	529.4906446684779	67.6216337214113	167.85054610037153	507.3324228862348	3087.2233493361464	1538.8477425842375	1606.505727137552	1.8655658493842229
?	139.21273137934628	710.5439186520894	78.05390956028187	35.51856413528283	604.5031329433238	-576.6582793648056	1389.1293972032379	-6935.146871998315	11.333394824032283
?	149.6184205576899	99.73616525986905	69.39756192817544	-278.23511895000547	478.4995089179946	-5308.91836071285	1192.090398984323	-3033.1973036776044	12.107558675646866
?	144.19953964233972	-3012.3684111538087	64.14215361278164	-555.0223777310414	339.0572149076822	1521.3737498679743	1237.4695320193582	7673.223251051104	18.596771639468926
?	-1	435.48100124636886	41.64644304162346	-82.10690284789565	554.568196411393	5954.64555901639	1575.7515615368768	9277.654532804965	-1
?	165.97358970465808	3128.148908057512	60.03680847038687	723.2199427013039	636.7894928585006	517.9358536556943	1701.3522586596048	-3758.1453551684394	3.8007289021038067
?	155.40744540287506	-483.9771639831332	77.80744017668853	112.06642244944459	580.4649890941777	-1693.3085556911706	1387.8442937784555	-8218.328884683026	9.0528244970584
?	141.7747315055015	-3128.148908057512	65.64012959285908	-584.7881783121477	552.1240650739424	1235.117793486322	1290.435814425455	3398.509874415807	9.600697323498423
?	-1	-2855.4946301100404	48.56803126108125	-203.5150533045588	642.2208787684936	3529.2250280112185	1557.7697874992452	1608.7001936487297	-1
?	-1	2950.1857577613505	55.46437692763118	395.816484261246	728.5853164745026	-1588.1817625756719	1370.8708241078912	-7348.486027464682	-1
?	146.509287888067	2812.586261059456	68.35885547414348	439.24424494094933	562.8117906397102	-4232.08949950972	1190.3454861260125	-1055.5851660453154	9.049547281263584
?	139.6293130529723	-203.0434767917042	77.42658917467857	191.42022013288636	516.9808414990174	-332.8850159504089	1318.0915658056256	1321.3268527991388	20.236256424928467
?	136.35711404848183	-400.2276300222229	77.92986648078777	-267.2645559194576	546.1675398421899	1153.6237761962998	1256.4118287659692	-5512.709308363762	16.693160217287122
?	119.61793155186122	-249.12471900392407	64.06336137870574	-266.0777956267587	574.6620303088322	-1791.3844364103484	1042.4561003874385	-5746.663479214255	7.244100546690639
?	123.90087809828567	239.817388993456	64.62597669944988	6.300225034527807	456.59831802167275	-5680.194276744664	969.0786548052574	4554.710300838931	6.011081021393484
?	131.60880100153398	430.7524046616369	64.37837263043213	189.29746193457828	290.6523164716	17.914475083714542	1270.1916154293842	2609.835667555699	-1
?	145.43849833136744	310.8160495016073	74.09084979617876	194.81751655324115	457.4940417758585	5015.9726242379065	1099.570438183042	-7533.21003055973	11.191442377030743
?	147.1496034766143	-410.05768151458005	74.11924845809415	-213.33476067178728	541.4509476834944	1863.2150372359567	893.5311139013991	-3305.789908953173	11.946241650121877
?	124.93561425563851	-415.4271974752735	63.42411176258943	-323.1005747241244	550.654793637656	-2539.7416706008926	934.2809427353839	8635.175754350243	8.198476751177761
?	126.37824360285069	298.3820716713421	57.964219721887986	121.21476369189011	414.46386415345023	-1788.5258470583615	1325.2899016189097	-998.46874321967	-1
?	139.85471783920556	310.5506818869372	69.48484994718392	335.8234832460946	461.22850128473823	124.96031257227672	884.3575055744005	-6832.016328063666	15.72519756056451
?	141.9057776971975	-204.52533109834025	74.75539388419266	-140.8901718825505	420.71187978206405	-2324.64786784321	983.6890852157276	7825.739086081315	16.311491829370304
?	129.6284512842886	-131.6592820365138	62.44034135305642	13.236222787689986	344.99610789257815	-36.94228000334887	1275.6444598784649	1470.2537227850241	-1
?	135.32281359537183	68.04218303253971	75.41720502357715	325.89341855658733	418.8647657818966	4695.4566752988385	1057.2017713549785	-4986.997480140193	9.503568208609222
?	133.03056043591556	-69.52143863208245	78.73501228088573	23.545368515197623	579.7689416575192	5025.642854661612	1026.294585871456	3066.1936776810962	9.951968000814635
?	131.84674166376772	-38.64035445233255	76.59447344933703	-296.28442556737946	670.1469085149763	-1289.3311663891382	1210.5114552390328	2469.5672067419896	17.929228895565466
?	131.09854271329894	-2656.934833275364	63.92079100251681	-466.24877532786695	515.3023833380626	-4510.759948224362	1149.7729462085551	-2193.4972131307436	5.1259257070396
?	-1	-612.7313388954285	53.28203468294377	-56.06833757722106	444.608911103759	-100.3188486847197	1100.836594582496	-2030.7594885159988	-1
?	100.46197576852762	2165.5158933334346	61.117374123655765	123.34613141166245	510.2864409038266	2541.267299562588	1048.2349717827556	-1773.873537966685	-1
?	107.27579466667135	597.872182698295	59.44934125352687	241.47810158702043	571.672276081888	702.2949256026325	1012.1429176841621	-5027.098702353057	-1
?	130.35558490344226	640.1104877557253	73.19127920300674	330.1168495027699	545.4011871839581	1259.6620025001403	796.8800366651036	-902.0879858825319	11.126059579405677
?	139.2813190544575	213.63055415907942	75.9551837286653	8.032221251103266	634.6553762068947	3691.2177786560956	967.0385183900356	6413.987280097702	12.483652424569406
?	141.0371126113962	-45.54935936133989	73.5928902655619	-106.94064460455546	729.9620761167622	1217.219645050379	1117.5794006699875	4961.390279296708	17.93482430118162
?	137.0038510863905	-344.7090629353705	70.60815149843755	-492.35010346061546	695.5163584594135	-1430.4574514249684	1215.1080323548701	5811.695126978964	14.924084686660995
?	123.80165946462773	-2760.07702172782	48.97538509253122	-708.4155487272373	658.439203545514	1032.9122038163691	1408.1641570189347	2811.8803880468395	-1
?	-1	-2496.0331892925637	35.18737406207581	41.80172849329367	747.1619686502318	-390.31246799782275	1355.7020517572116	4037.0515192825096	-1
?	-1	0	51.065471517195896	337.275429665925	638.923580145623	-8486.658460599161	1610.0167329830595	5597.027024491769	-1
?	-1	0	52.051145545372	-392.4357214033595	322.8290456202752	-795.1115526144719	1635.553402981799	-2453.210971681478	-1
?	-1	3287.8190434938374	31.443685447027992	242.282684287011	599.1680025148995	6904.46023072573	1487.356184398986	-6310.868404955654	-1
?	163.39095217469128	3161.5581092126995	64.16527975972251	758.6184392078964	668.0520571565605	1910.3690240219544	1320.0099827340175	-685.2633920554287	6.832144506126532
?	157.0779054606344	-3287.8190434938374	69.37460740742267	12.68263890865545	694.6864537159969	2391.644249952246	1453.0930147962147	5621.511921048111	1.817142547143163
?	-1	-373.2366870393294	64.79941170515528	30.724374939623655	787.6342696541724	-4394.684727973317	1601.085578786422	4332.260173688198	-0.9007530222237752
?	138.416071108668	2654.5869607031777	70.91082615440385	-103.46137175448527	474.9522173173318	-7600.45668443099	1669.7060234806238	1598.2056540200222	9.79011467146376
?	131.7293480351584	-2788.32142217337	59.626343117431034	-522.0779904337471	407.6114354326242	1806.4709298175985	1680.9958614874229	-2233.69040602019	8.3188503686158
?	-1	-2654.5869607031777	44.80692663271659	129.2577329697774	565.2757638082114	10507.852673316986	1558.0215031796147	-5510.402331645293	-1
?	-1	2770.9350429299043	66.08922976591988	512.5898240428804	933.0040690984716	2826.6524278623488	1405.4757449051592	-3983.893278695769	0.27949370935046586
?	137.54675214649473	2637.567323160651	70.43641783486052	224.800136157155	706.6083852013284	-4420.367539247918	1358.826839244827	-3334.0362176661965	1.684825523164451
?	130.8783661580321	-220.56049952941743	77.32923657377759	25.669999400813687	711.9856921360765	218.83270375220113	1238.77393402185	-1900.5719588286343	13.837872373215868
?	126.5187271700239	-2637.567323160651	71.7199178049012	-256.9493140627009	717.5500203889384	-1987.5287113447623	1263.7982413033956	1804.9868484909593	8.63771564208135
?	-1	-2550.374543400487	64.48177087064259	-501.25120587469416	612.6092565688388	-4876.30075336257	1329.0232764463976	-151.0705338551048	3.5322705603591347
?	-1	0	46.65735751116658	-423.40970567506395	473.73498272081076	-3217.445795277362	1256.2447146106404	-1857.1594438718214	-1
?	-1	3302.187575183978	43.31128558688947	264.37525547277323	451.73696680497125	201.84784102370085	1236.165304252807	3814.685871377356	-1
?	164.10937875920123	3288.3520315809897	59.87612028480543	651.7052628070478	483.82737477199595	490.22088625513317	1446.9790081795109	847.9273990374911	5.965292957760118
?	163.41760157905182	-18.170241397337772	75.89654872724232	78.43461118876863	476.24801111772825	-2509.8624763658445	1278.561674204682	-4163.3490736490285	14.793359797409357
?	163.20086668933433	-80.95787092412989	63.79785084424392	-40.042708007144086	358.33425095370194	3145.8056418087513	1238.8115544970565	1084.981757295157	-1
?	159.36970803284527	-298.1766867093708	73.89441332688509	156.27447614854864	633.538293208168	4152.992390478298	1332.8107620694407	1921.7505348843042	9.990794426425492
?	148.29203235386558	-268.95953703752883	71.61157465167146	-169.33984655553942	565.9838704776198	-5905.209959982998	1334.899081241273	-2454.9672462168896	14.773893023120372
?	145.92173118096864	-174.01722556961752	65.427420999108	57.7997820644035	338.27779520901396	1086.3292284870686	1210.0623997585944	-684.7846814408142	-1
?	139.59117107538458	-292.5906533724854	74.50156375489168	204.67176493776003	620.300331901974	6490.587894859479	1300.6598471692319	5623.0203466994335	10.411223642904517
?	131.29219851234416	-2811.823421507652	75.66100924599614	-457.54710813514214	662.8071899519925	670.3044822074226	1491.2134170935701	4028.5167503804378	12.00067056091407
?	-1	-2645.8439702468454	51.624208348134246	-670.4509713174755	653.8155560123456	526.3395370482674	1502.0856846882566	54.96325788440494	-1
?	-1	2916.2376150407176	42.13846068012189	172.29362194730197	689.1241668044063	1652.9149004123217	1493.9615799877904	2518.036951726381	-1
?	144.81188075203795	2686.423103566628	60.23888944549947	725.0812021534345	736.4613010329629	-492.48340600814555	1627.9875322745775	162.79621212408298	-1.0816873022434752
?	133.3211551783333	-173.85736723389053	78.39252078779413	294.12278286586974	664.4999965039987	212.33634735018694	1502.1013905939947	-3308.3982195148324	8.688516159076814
?	136.1190123903433	520.1917483664397	74.94502858879316	-107.03780520885194	747.0781184004724	528.388236516493	1462.5676212988335	-6323.664699751585	11.72653980839283
?	159.33074259665565	873.4087760323162	73.04063052735145	-63.85999047467885	690.9194083298237	-1402.5639482006686	1185.918155606411	-5477.920643343326	9.874416122207995
?	179.78945119195973	338.0000803106148	71.75202906505918	-240.59462562567006	676.9499209904379	-3051.3982194825508	1188.6715891316633	2696.9951621512137	15.07492706186911
?	176.23074661218664	-3615.7890238391433	61.01089924606778	-507.0686910972863	538.349497355694	1687.2852978347407	1320.7679137139735	7459.496283196734	11.822258583961577
?	-1	-3544.6149322436822	46.3985945101945	-109.6447060684082	761.3141858821762	8283.359231182507	1561.6464032915053	8659.330441798811	-1
?	-1	0	55.52866394264729	277.19712251758824	952.5174589148252	3243.7799238374573	1753.7344358039202	4448.975570477746	-1
?	-1	0	60.25845063607411	121.29112395064153	923.5031820740513	-822.2483150587683	1784.0951818153958	1432.1996051095016	-1
?	-1	0	61.593220140179454	-32.74732117450309	911.4050431618862	-488.06906391624796	1825.3444160593963	1577.7949481276667	-1
?	-1	0	58.62108457734893	-226.78027678451903	899.0997288782386	-1159.20958042858	1862.9849292217802	623.3810268288883	-1
?	-1	0	50.25420630095334	-328.4136177197456	853.4445641404564	-3291.523374777781	1856.5134674008411	-3651.2185106921543	-1
?	-1	8712.612448627502	42.200403691361416	257.75812259108096	734.5235601393472	-7769.665740188861	1680.42400368717	-6742.718499671505	-1
?	434.63062243138125	6521.206682706527	63.142112430507574	697.4374844654287	464.9612771310078	-5937.867738663863	1519.377542417261	134.24743266984743	4.9968242656331885
?	325.060334135331	-6014.740191743605	77.07227791463335	298.8661344747185	437.63017320614983	-909.143224063326	1687.1363753206624	8722.469421793701	5.218504719912315
?	133.89361284419672	-3852.842917940976	78.08541915424371	-35.44180453906029	419.50411592784087	-389.48980201613057	1955.5010135069524	7386.881559435219	13.39660792392495
?	132.41818823827947	-113.64329097599418	75.3001876876803	-74.0721730688845	418.15568310534303	46.6661236573889	2056.4804532924286	2212.847359235953	14.219501322253445
?	128.21144829539693	-80.66963032701948	74.38181050079943	3.6544766906703265	421.83742211071035	340.552447687015	2066.1433814687516	796.6914876714759	14.99884648323722
?	128.38470672192844	752.5929456295002	75.48291152221383	2.886033336210362	435.183305489694	1414.4912221677434	2096.315027676003	-5202.585256477581	13.13159292370899
?	165.84109557687248	6604.714530794339	74.52611216760995	-240.05693517913613	492.5619832190985	846.4241243098529	1806.0141186448689	-9296.935204500442	8.931646903344426
?	458.6204332616501	85.02856783925942	63.48006476325685	-376.32847118763556	477.50451170518727	191.10089850887516	1631.4682674509743	-4566.044755495854	-1.5382965614970332
?	170.0925239688355	-6880.093288583225	55.70968860822791	63.04425990413047	502.1170281445424	-77.38002880983918	1577.711880870073	-2155.5334014277482	-1
?	114.61576883248392	-964.6800012150467	66.63227775846342	354.2582508912901	473.63551026469526	-1023.3537453067302	1523.6915973795853	-3759.722206117755	6.129282627392078
?	121.85852390808249	154.61739687722692	73.42260115279267	147.35815386757355	450.9493408792052	-199.4344610800232	1389.7257705641825	-2118.760919527851	17.9319101060403
?	122.34663867634538	6312.771560529186	74.0001854518422	-66.12509025072248	463.66378721069395	567.4283841909652	1417.7535514031913	1666.9818185827298	14.911122893221417
?	437.49710193454627	7220.091920233419	70.1163466402565	-86.24166290335941	479.32076008875384	671.2964873527592	1473.0748614933202	1152.2121240692986	3.100508371126066
?	483.35123468802146	966.3613833909016	69.68810230667417	-20.499650053282885	497.2286115783324	439.966898271212	1475.364157606657	-7.2259397509650505	2.5131693202766954
?	485.81517110409203	-15.31829551315901	69.09136413759234	-2.9547979984021855	501.31910500231476	-23.52685053803578	1472.713564505772	228.77938859121645	3.786761840046349
?	482.5853199123635	-9716.303422081703	69.54036240675406	-1381.8272827518272	496.0522690514306	-10026.382100046152	1486.803127036218	-29454.27129011502	3.0785152702773324
