rowLabel	avP	dP	avI	dI	f1	dF1	f2	dF2	h
?	104.19551862225622	2053.498310507981	64.17181615422233	1289.9578541202748	555.4817884519051	11295.029540389032	975.6814650651239	21038.225556658792	11.874420649935338
?	102.67491552539904	159.0626078599439	64.49789270601374	230.31617297293394	564.7514770194516	1323.1291900767928	1051.9112778329397	5281.645820116402	11.189147751934263
?	112.14864901525341	112.41148605667316	75.68762480286902	187.95121444800424	621.6382479557448	655.9248997070743	1239.763756070944	6824.888923849497	13.01745642341439
?	108.2954898282327	-91.38450088747108	73.89545342841396	-63.54509236274056	597.5477220048053	-1162.114923354268	1393.1557240254147	967.1697951280751	18.79854421812658
?	107.57942397087986	-7.452252026128294	72.510370184732	-44.83905926605872	563.5325017880314	-1219.0201800052253	1288.1222458273478	1789.8973791549593	17.384803279556518
?	107.92287722692629	-39.856391785376395	71.65350046511102	-156.6201332376062	536.5967130045441	-1540.4898167927063	1482.6505929831626	6332.378280291229	16.843714905451115
?	105.58660438161104	-2178.4575445385262	64.67936352285169	-350.8744146160027	486.5080109483961	7643.152380725689	1604.7411598419092	4871.92732719173	12.252056325660353
?	-1	-2131.7320876322215	54.10977973431089	-123.65540045300736	918.7543320408284	6166.208802803625	1726.246959342749	8261.056420339439	-1
?	-1	2731.8448236706877	58.49659350020132	234.713483338328	794.8184510885773	-11225.726834043433	2017.793980858881	4440.640138456193	-1
?	135.59224118353436	2575.602575563093	65.84545390122729	153.89273020517197	357.4679903386569	-9588.257314437431	1948.2789662655587	-8705.047760611049	12.003193747929815
?	127.7801287781546	-210.68282987901378	66.19123001045992	96.76685811398974	315.4055853667058	598.6144259700194	1582.5415928283287	-16817.668716493903	7.591406372199524
?	125.05809968958366	-111.89965370428429	70.68379680692678	205.98780599336533	387.3987116371579	8585.324759192452	1107.3955304408628	-9565.935614944065	12.59520368833402
?	122.18514609294039	114.53951192528952	76.4906203101282	152.28184996795207	744.6718233263288	7210.887250215239	1104.244812081125	6558.777010020812	14.00224257486936
?	130.78507528584814	857.8514084623172	78.29788930532439	-10.922323052192544	747.9430741479201	-3484.5058037260437	1435.3343809419036	8481.680900708354	7.740054448698357
?	165.07771651605628	1144.0138692052792	75.94450415751857	-61.605346439430605	570.4465331400264	-6582.554749821719	1528.328857116543	2445.2689428926965	5.355501086788492
?	187.98576874611214	-248.0827335319666	75.21762198335286	-110.35025921427821	418.8153366568339	-3079.326535088931	1557.5978280865386	2635.7950996724844	17.300139015218143
?	152.67357983945794	-3779.7153749222393	70.42699119680465	-545.6151022167164	416.4802063855797	1835.878681407483	1660.1186121001674	910.8637962718368	6.3833903836793136
?	-1	-3073.471596789156	47.93686687251701	-405.49428632339976	510.6092707272081	7053.146088750472	1603.1410179001305	-1938.7273908148454	-1
?	-1	0	50.152276880634645	108.90525337994139	769.1375108231036	5885.551370974674	1563.182242559425	-1072.6141994281024	-1
?	-1	0	53.38212954151408	92.9549404817922	804.8868392759421	1748.743995796499	1549.5103079287253	1070.7928669160506	-1
?	-1	0	54.80002390472425	24.275887285382233	856.5747106129285	2510.352680382746	1616.7218859052275	848.2604357883512	-1
?	-1	0	54.595923905783195	0.7699557906933301	930.4044732950795	-321.6586065112867	1591.923329718143	-687.6777259711884	-1
?	-1	0	54.838521694258915	-44.93851683455087	840.4917802873641	-2053.5556656832664	1582.337999606668	60.20394753242721	-1
?	-1	0	52.34899806405565	-141.81887726814497	827.7266900109161	273.8459133641252	1594.9335270947643	-765.952657649995	-1
?	-1	0	47.74757783085166	-184.02772486702685	854.1840759555704	-3404.8182242251064	1544.0403667241683	2281.8095394583843	-1
?	-1	0	43.1476118207043	-73.11014910174784	657.4857787996606	-5183.8076462909585	1709.0240040676836	564.8617044305588	-1
?	-1	2601.427958434113	44.092070375764266	579.993431744633	594.9936936410222	-816.7366971115114	1572.2834519456962	-9196.203082604767	-1
?	129.07139792170577	2487.631652776708	72.14728340793597	679.3243954012498	616.648943944085	224.9700931148366	1249.2138499374448	-13935.67314505581	4.239679081027414
?	123.38158263883551	-255.69515282000543	78.05829014582679	-15.60601378364565	606.2421982967641	-2309.4550832242157	875.4997946929051	-8952.956811115078	17.22760776312132
?	116.28664028070548	-2487.631652776708	71.36698271875369	-604.2206700882673	501.1761897828741	995.9345413414158	801.5660093816905	6980.157894134983	11.775256091963264
?	-1	-2345.7328056141077	47.847256641413395	-235.4547490583702	656.0389253638349	4217.164685598189	1224.5076893996545	14623.985458640682	-1
?	-1	0	59.59424526583517	202.3306525008486	712.0344240627837	4341.106472847453	1532.7652823137253	11305.887661409828	-1
?	-1	0	57.963789266455834	-122.52429395615894	873.0942490062078	2440.8493808552043	1789.8020724701464	4524.682892541833	-1
?	-1	2356.3465062455184	53.46803056802722	209.11146307390518	834.0768931055441	-6042.444147360322	1758.999426940817	-2220.7591809362093	-1
?	116.81732531227603	2281.689013057375	68.4193624201511	440.0324284502942	570.9720416381914	-6468.381330711824	1678.7641134233359	-4370.8560685102575	4.996121678487177
?	113.08445065286885	-137.71876593222902	75.46965199054195	111.81028999154326	510.65782656995253	-1362.1150292082461	1540.456623515304	-3358.376960421612	15.731155986480612
?	109.93138701566457	-83.14457682967081	74.00987691972827	-34.98757151970321	502.86629017777904	-158.24748964323007	1510.845265402255	-3118.696380332496	18.016967174586206
?	108.92722181138531	-8.494377808882511	73.72027341455679	-10.703062095104192	502.745452087791	-342.38361779512246	1384.521804498679	-4347.99444911545	18.558825006842845
?	109.50666812522044	-12.078619545115703	73.47472381497306	-24.945443283235683	485.7471092880229	-475.51982865835345	1293.4455429464824	-1726.485478883695	19.36483668766271
?	108.32329083412952	-34.96917439045445	72.473001250395	-47.23643730060121	478.96946065487333	348.8926156063213	1298.1975305544943	-2188.0022788796564	17.388691569559334
?	107.75820940569773	78.59279756783366	71.11290194994301	-111.7057027377113	503.1917400683389	270.08189663330296	1184.0454290025	10183.676276206525	16.997784627388995
?	112.25293071252119	-373.8855016580057	66.88771611350946	-88.38707123455467	492.47355548653843	-3458.563538491231	1807.3813443648187	15038.661449960708	5.613057172900848
?	89.06393432279751	282.3967597167571	66.69354838821529	8.534382150319319	330.26356314377796	-3943.5662158765563	1935.9785015005327	526.6923550478005	3.414370749588844
?	126.372768698359	632.7717294800141	67.31443522102542	32.69883137129864	295.2952446927113	-1378.29329578967	1833.7159621172086	-14471.020430311824	13.511218559959193
?	120.7025207967981	-198.39370597928578	68.32848995678022	23.151190035030506	261.3488983542947	-939.792074619525	1212.427479984944	-11538.663055033003	24.345381016409387
?	116.45308339939474	-174.24826682983002	68.47199472277694	-120.592851837457	248.30564096173524	-207.28878071556397	1256.7828093655605	3332.6823574061227	23.741001922732593
?	111.99010745530663	-2349.061667987903	62.29884736490739	-477.992467978748	250.98445931851654	3454.206703253491	1379.0615978552496	4355.473507239637	-1
?	-1	-2259.8021491061404	44.572371323839626	-58.15514097272504	421.0159761244092	9203.398706475642	1474.5564847275416	-3459.18894988852	-1
?	-1	2739.5171978896933	59.391090316271146	530.8500798532702	711.154394642297	1940.6983788154082	1206.1021503608242	-12813.864457141977	-1
?	135.9758598944842	3492.0981081353075	71.11487531650305	210.43461920455388	518.0508950651793	-7104.321322789558	833.8632618704451	-7681.03931483603	10.178643255695734
?	173.60490540676474	-2739.5171978896933	69.9128212764988	-316.0991508916993	355.9383285028204	376.7937571883467	822.0501846190241	8082.866744273571	8.66553269687123
?	-1	-1032.9985941815748	55.30991777191814	40.93144467552335	536.8905829245965	3686.3152236254637	1238.0065990841222	3651.3046453808483	-1
?	121.95497569768618	2363.4486798578214	71.95939351027496	65.57838634397336	540.254089684093	3615.6478497776916	1004.6154168880659	3053.7547280896315	8.7427355535566
?	117.17243399289065	-2459.099513953732	58.588837089116794	-314.21033460272184	717.6729754134805	3256.246003876197	1390.6943354886032	13745.063849076356	-1.302564946254752
?	-1	331.554653957152	56.24887678013893	208.05747248297666	703.0663898779022	-3462.17236051791	1691.8686093418812	2095.517010956981	-1
?	133.7501666907482	2921.559040464143	68.99171071326559	393.37566352725645	544.5643573875856	-1199.4831511263394	1495.4701860364519	-11174.362338287872	6.9353165558242
?	145.07795202320662	346.3541232797395	75.91765995650168	-48.42740011263135	643.0922323215855	-473.26171605340676	1133.1504924274896	-9395.277306545915	10.85766329893826
?	151.0678728547351	-2921.559040464143	66.57034070763403	-654.8118284658749	520.9012715849153	-3197.3807872770453	1025.7063207091578	5236.625529966368	12.124278107636073
?	-1	-3041.357457094713	43.17706853320805	-168.62390918812682	483.2231929577338	4819.033615760817	1394.981768925807	9173.165126855989	-1
?	-1	2481.348995894396	58.13914524822772	570.4082143913288	761.8529523729553	-2040.263736407266	1484.3645770519556	1148.4069126148593	1.1241176091122118
?	123.06744979471935	2354.36516816316	71.69747925277439	285.69757511099186	381.21000613737084	-8078.671725764924	1452.4021145565498	-5146.094790650113	15.772421738821853
?	116.71825840815758	-197.34072554037013	72.42402400377726	-24.22273641075614	357.91936608471053	-540.2513064921035	1227.0598375194509	-4649.158846365033	24.330615797350063
?	113.20041351770088	-14.584763612777232	70.48634243223658	-9.354928580571345	354.19744081276576	36.91873564580432	1219.944172238299	5213.823622666755	23.462025281911547
?	115.98902022751872	121.71483972467271	71.9562775747487	31.050539026007694	359.76530286700074	576.4229565548928	1487.7510186527877	8046.2409968603615	19.173477509220273
?	119.2861555039345	-126.22599824848851	72.03886938353696	-81.0730058936997	383.0185886405103	796.0613667850345	1622.2562220813156	84.85976478640653	19.453584714595337
?	109.67772031509432	-159.4247802014047	67.90262728006373	-54.428030740776784	399.5683712062523	2284.9008263685087	1491.994006892108	-7413.931920545382	5.689776779496056
?	111.31491649386429	498.777812985843	69.31746784649813	-170.747161764094	497.2636299589353	4814.431251988684	1251.5596260540478	-3223.407008048191	9.475228252207717
?	134.61661096438638	600.5531782691527	59.365269191859056	187.37831737930188	640.2899338056857	239.62885716481964	1330.823656489699	7145.243195188357	3.0659950474121676
?	141.34257540732182	131.8158561727539	78.6863837154632	-14.677338564266103	509.24507281717626	-2993.4817345877186	1608.8217858134644	8988.061245093313	8.576682443879744
?	141.20740377302405	-2846.8515081464466	58.631402263645754	-546.4667506631716	490.61584707630027	6879.447902846954	1780.226718744363	4567.509702457444	9.187831001160914
?	-1	74.99796423973093	51.36304618230471	131.3804618081237	853.2174679595228	-965.2321738972535	1837.1972709363358	-7493.034769127829	-1
?	144.9573019850106	2706.729479026328	65.20042535405192	303.38272041033497	442.35423838143777	-10118.593844610616	1405.574980287973	-14544.57321859236	-1
?	134.33647395131592	-341.31831395864543	66.5321822028214	145.5793500614484	347.2877757289938	359.8235362941183	1109.9686100067204	-10315.166459691714	10.072825668111411
?	127.89138628707838	-283.60728504798107	72.47939285712431	89.15958635146015	460.3454151961436	-1302.6402346945474	889.8166573033891	3514.2157271562824	13.461165353183883
?	120.15610969891692	-234.32172398114741	70.9901615203944	-79.56390948311565	282.15576399426664	-4134.858874967057	1285.6793963645339	7257.8922216420215	18.24007452389255
?	116.17530008802105	1.0814663237488313	68.50119738296854	-14.882314232421887	253.6024714477915	584.6037487325052	1252.711268385489	685.7830461333857	-1
?	120.21018301510436	154.25573111910322	70.2460458087733	212.85904533159245	311.3859514308918	10096.7253919818	1319.968548671203	2638.647880553254	20.280382149297214
?	123.88808664397618	-41.93637324856966	79.14414964954813	-162.33172773853738	758.4387410468796	7564.046582090442	1384.643662413151	2873.711590182653	7.97033674003553
?	118.11336435267589	-2497.7617328795327	62.12945942184646	-522.228411174777	689.5882805354125	1269.3522387967141	1463.6541281803352	3965.7072457930694	2.3956102270349198
?	-1	126.38668939614507	53.03272909080937	-156.49922130894737	821.9063529867151	-90.34777389518955	1582.9290247028039	4751.318799594223	-1
?	124.43269882248312	2545.8832623893622	54.30449835639912	400.4667283317289	685.0708918406531	-7160.0301756892895	1701.2200681600455	1540.610736641639	0.7135407390599626
?	126.29416311946767	-33.548333410962364	73.05606550739574	-55.00357808883939	463.90484420225187	-4299.731079258025	1659.9595615348856	-2517.8381317465664	7.382788432256509
?	122.755282151935	-2545.8832623893622	51.55431945195716	-478.9219324360721	470.0843378777526	6049.6952711916665	1575.3281615727176	-2774.1632647933156	-1
?	-1	-2475.105643038709	49.109968885592224	212.58686282238307	766.3896077618341	5821.3313999427455	1521.2513982952203	-5165.44682245556	-1
?	-1	3215.87560856527	62.18366259307628	629.2665897143615	761.1509078748888	-1075.4623893454384	1317.0558204499405	-6404.085737959058	0.5579414160682314
?	159.79378042826292	3267.463828839971	80.57329837131019	-65.50963864735942	712.6164882945624	-3151.9919928414765	1201.0471113972685	-2960.050302294741	12.608795314003263
?	162.37319144199796	-3215.87560856527	58.90818066070832	-713.7608421557743	603.5513082328156	-1974.8120247503405	1169.053305335204	4408.250096405806	8.735459433917145
?	-1	495.7538960633446	44.8852562635216	382.8945831587101	613.8758870570457	1048.679789279212	1421.459616217558	-726.2168899966654	-1
?	187.1608862451651	3921.679214375486	78.05290981864376	632.9240432157485	655.985297696776	2726.4904807486305	1132.7424608353708	-4059.9965959195297	11.177585843444913
?	195.0839607187736	18.325731416312642	76.53145842430891	-489.0704760825594	750.2004110944768	2220.759009452207	1218.4597864215823	3929.184041636982	17.865582191375957
?	188.07717281598073	-3921.679214375486	53.59938601451587	-436.02091146841644	767.023248169386	2401.4323993098897	1329.2016629172192	7281.913500857757	-1
?	-1	-3781.543456319628	54.730412850888165	43.11777181646478	870.2720310599708	3432.0816250179005	1582.5554614644689	7158.16244851427	-1
?	-1	0	55.7552746053391	18.184771235358205	938.6273294202804	-720.9215473030148	1687.1097853429314	1561.5187919683794	-1
?	-1	0	55.63965141265607	-65.03293853859455	834.2259536948202	-2000.7753562647306	1660.6314010628876	1609.4291719659952	-1
?	-1	0	52.50362767840939	-232.41619712881868	838.5885616070442	-2561.9795248247624	1767.581243941231	-110.00389843884517	-1
?	-1	0	44.01884155621518	-230.5034563752643	706.1269774535825	-3699.5094883407496	1655.1312061409453	-3816.740853114611	-1
?	-1	2554.8872736002963	40.97845485964621	336.46127111958924	653.6130871900074	-848.2106231445422	1576.744201285501	-1358.6161350805744	-1
?	126.74436368001437	2400.0284665715426	60.84190511219458	482.563075579039	663.7164462963556	-7301.528664551044	1587.2003993869168	-2515.0517591213975	-1
?	119.0014233285767	-129.49785005640922	65.10660863859808	224.57432694691215	288.53665396245646	-5596.449312545418	1450.9916133294316	-14351.348490382974	-1
?	120.26947117719394	-111.84760618443858	72.07062145954015	-93.10889978517427	383.89398066908564	1004.0695673913298	869.6329748677707	-3274.8190895068483	15.085848685571285
?	113.4090430193548	-2425.3894235438875	60.45116364933938	-151.51167049166727	338.74013233202277	3359.637526943341	1287.2506588540898	11740.028963678868	10.944469429583094
?	-1	119.88297390892953	64.49503793495681	401.66133305542616	551.8758570162521	6463.79916075993	1456.634423051712	7550.694146802711	2.0852602715693513
?	119.40319171480125	2637.225343313168	80.53423030211062	243.03078837707773	661.9300903700181	-1245.819649563808	1664.785366194224	6660.946736144743	5.713674360682972
?	130.86126716565795	381.38425989565684	76.64657735381066	-72.23393354977387	489.5848745380619	-4627.467797481953	1789.681759858948	2316.5302645685724	5.85233059425238
?	138.47240470958403	-54.66929389701212	76.92253362462193	16.290654761157896	430.55670049592123	832.4201807598133	1780.6118794226522	-10834.517267194922	16.353246822705366
?	128.12780247080735	-486.7976873322135	77.46111009186855	-235.3569708151073	531.2058835760524	2040.008237272604	1247.9558964992038	-15891.989220365796	9.191241403590201
?	114.13252034297344	-2582.5560494161564	65.15468508386661	-740.1835584181944	532.5571123595511	1431.5171526044905	986.0124184043652	4588.5685028162	9.927066186262799
?	-1	488.65160817087946	40.45193217095896	118.83910002277432	602.7817412062767	1844.2354391190177	1477.384321640013	4608.476896799214	-1
?	138.56510075151732	2717.8346582156937	71.0966400850053	814.9404318168657	624.7688843155016	1869.9113134455067	1216.4362632443251	-3646.0388211930367	4.758443451250304
?	134.8917329107842	-239.07245373174845	81.1989537618021	-35.75123555405396	696.2773068785517	-4872.764135532655	1295.0823805803618	1132.7115563283219	6.152611058660513
?	126.61147806492994	-246.05069282072097	69.30907830730261	-154.4085138702192	381.13067753886975	-2413.3915296526284	1273.071841060741	-4622.746983503396	12.762123676520368
?	122.58919826974821	-267.8565952774376	73.47852806829117	15.908487299098283	575.6077303959207	2062.3226021137593	1063.9450314051928	-9593.412576112944	10.487119207485886
?	113.21864830105811	-367.07601583784555	70.10450267225752	-422.46826470642753	484.24680764455735	-4774.812719586417	793.4012122550955	2464.7057815399417	12.771993087602612
?	104.235397477856	-2284.37296602117	52.35511483296987	-428.8733422544754	336.8670944166007	3499.415204536176	1187.1803204821895	13542.037238470914	-1
?	-1	829.9979950925332	48.66083555953383	96.37512276779822	659.2175678713655	4075.2587912012596	1470.5030741786388	7806.07987208266	-1
?	145.7352972324825	2962.294550947108	57.17387097135976	395.33563657621227	540.630033976663	-6579.756142828422	1577.484314086321	5239.689712876293	-1
?	147.11472754735487	-288.9443044093831	68.42761738834437	109.82513421453457	330.2297607299456	-4585.745132764188	1732.4875598224526	2354.5971285629857	13.69802765659284
?	131.2880820120134	-444.55090737951923	62.66512768208647	6.400122554492521	311.34277733845437	2318.3223188480524	1695.21417051447	-6961.211759962195	-1
?	124.88718217837899	-344.0041968044049	68.747623516069	106.73334436890936	446.1458766723478	4167.6330721063505	1384.426971824344	-10756.912632566435	5.16426540887494
?	114.08787217179322	-261.25987287449	68.00179490053192	-9.76729753277258	519.7244309437712	1160.5143788157234	1157.3685388861502	-2904.9019446780644	13.277770103586212
?	111.82418853465454	-43.16140133841132	68.25925863943037	78.01315192432014	504.1715956131338	2898.4776997864574	1239.1818745904413	7066.276592998404	8.427200049207647
?	111.92980210487266	13.269623487176196	71.90245249674791	-298.3187240860752	664.6483159330935	1060.1088098137284	1510.6823685360691	6654.44018318694	13.897180168698165
?	112.48766970901335	-2258.596042097461	53.343322435126666	-309.5695079081524	557.17703610382	224.1506609001666	1571.9038837497872	1209.4391310557419	4.5676683489270005
?	-1	8.296112158037973	56.42397710134035	286.7439022119804	675.8558489781018	-768.0207825623102	1571.154325088856	-1955.089550176465	-1
?	112.90247531691524	2351.56975138818	67.68051754572564	297.7929237866167	518.7759969757046	-3482.7225643969437	1474.1494062409643	-780.5789853585184	7.755533982308779
?	116.5784875694086	-3.9568702952650057	71.31362329067113	-118.43892938846267	501.7197207582552	-3476.7407249682183	1532.1253758209302	162.78406394908473	14.684546466484864
?	112.704631802152	-150.94089189925396	61.75857107630252	-133.46025307851923	344.93896072729433	-1093.3730931632288	1482.2886094384185	-4786.669735894347	8.445198387091192
?	109.03144297444592	-96.66576785867	64.6406106367452	138.56098887315744	447.051066100094	5685.487633773111	1292.7918890262138	-6547.6060074672305	9.044306405754792
?	107.87134340921851	-92.57143483725774	68.68662051996037	-210.21501702596242	629.2133424159489	3384.265970337581	1154.9083090650581	4082.631479563971	14.416568778444894
?	104.40287123258305	-2177.426868184378	54.12985978544711	-325.14575202066055	616.2643646169724	5829.874769697392	1496.9234630044116	5788.061964660877	3.568594163731686
?	-1	127.37979109272476	52.4293329189274	182.92497094895162	920.7070809008175	-387.52344541767934	1444.311407298101	-6187.522819001564	-1
?	110.77186078721927	2212.958561553438	63.27610833289466	233.4536924633471	596.8881923460885	-9278.64136562567	1187.5473220543345	-1781.030315673126	12.864350082011494
?	109.64792807767151	-2235.437215744393	64.10201754209471	-419.6937875840013	456.7750126195356	-1862.2748990073578	1355.259891514445	6662.242991825893	9.615620095078555
?	-1	-131.98258004995824	42.29141895369467	-62.19175695738124	503.774447395721	719.6106759093268	1520.659471645628	7633.398918549974	-1
?	103.04879907517362	1959.6918267240087	60.99242969422566	436.9825873328381	492.7555464150018	-2460.027377179202	1736.9298374419423	817.6979413049305	10.17674952581877
?	96.98459133620008	-179.80447120767002	64.14054832033649	-65.69271152575362	380.7730785367613	-3242.1916684258454	1561.5443687108743	-2947.231270232052	-1
?	94.05857551479015	3156.7851140067464	57.70779411793799	-77.1775791502172	330.6459629937101	-1897.6337061928461	1589.5682739303402	1766.945106949035	-1
?	254.82384703653685	-1901.1715102958096	60.281669362825646	-29.191072470809264	285.89139322711935	578.5396031294156	1649.8916240583258	5626.967008431531	-1
?	-1	-2473.1890494075888	56.248240494397535	16.737807923361803	359.5729431501808	694.3507457219212	1870.9166243519157	-8623.695808244069	-1
?	131.16439456615785	2755.648482685116	61.11855975899373	278.04249995650747	320.6089305132153	1253.1176420807014	1218.7068336461239	-17046.849531089618	-1
?	136.7824241342553	468.82247558216983	70.15036549222286	319.1300507703728	422.2288252542156	5409.502905145861	1018.5741477974378	-1550.4836203976365	7.670792741106557
?	154.60551834526626	314.0666399592732	77.07506229751232	-56.30391552523085	591.0840757705074	1386.2137306381367	1141.1826526262423	8012.108743343296	11.111165831934793
?	152.4857561322189	-248.47039929633158	67.33516971596133	-239.3791191623592	491.5395117861222	-3022.863523575065	1419.1795849646012	7410.352266099998	3.9922437381250853
?	142.18199838044973	-241.77587679392246	65.1061063393944	7.351896608727512	439.9408995917547	-2079.6563212223436	1511.700265931241	-736.331229562309	14.868597859621417
?	140.39696229252283	-2863.6399676090045	67.7027645463977	-367.0138870257807	387.5566957250054	-278.882406732889	1382.3630234864859	-1093.2106492320956	12.37240516694378
?	-1	-90.03069721685141	46.75541198810543	49.409874062086665	425.9967792551103	3435.755686347985	1457.0397334696363	-5658.845169185867	-1
?	135.89542743168028	2922.809433378055	70.17325824950203	628.7910036652554	559.344480042404	4406.017671393623	1099.4207650271935	-8959.111529320464	7.76576678793533
?	145.14047166890222	484.1422659654489	78.19496217136809	123.0475396195071	646.2976628247907	1898.997816194742	1009.0841570036147	-880.3773166312508	13.020139769508273
?	160.10254072995264	299.9607722242791	76.32563523047736	-230.26098187223764	654.2943708521408	-923.6805829032629	1055.4018991956311	4181.8570494321775	17.224344164922975
?	160.13851028011612	-3222.0508145990643	66.68191307775625	-531.2187192522702	600.1136336796277	2812.2055014613316	1218.1770094752228	12542.87511361971	12.289326647478267
?	-1	-352.5483612572476	49.764699267863946	-130.79027166163445	794.9046459252069	-986.60113912032	1682.5456548766144	13003.09688694234	-1
?	142.5110922172538	2614.209945357537	60.14239949467455	247.949648377018	550.7835767236119	-9011.538873937805	1868.3318538223375	-1566.759877779392	-1
?	129.71049726787638	-2870.221844345086	62.1621816867148	-91.4629470410424	344.3277022283182	5731.339082445699	1604.207660987645	-8759.62453042569	-1
?	-1	-25.927684961282104	55.569252142622446	82.00695099829007	837.3505308458958	2888.972164674874	1430.3506273010546	-11648.339165252342	-1
?	128.41411301981228	2567.8889945090705	66.26252923662929	200.59858662699227	488.77631046206136	-9198.78861054288	1021.7907027250301	-4866.044347452907	13.764907875479262
?	127.39444972545307	-304.07988390380433	65.59918147397202	-2.3903812143228804	377.4111003187534	-323.9628358516177	1187.0484099284101	3731.68673086996	16.73698849575178
?	113.21011882462211	-215.1444817204406	66.14301017591315	110.84964151337073	472.57816866948053	2638.3157182118707	1208.3750392685274	3102.172793788288	6.465685603734303
?	116.63722563943108	53.41103488854903	71.14166354964054	164.05222752411422	509.3268862293465	611.2249850557679	1342.157049617824	8563.358438769981	9.903890582552386
?	115.88067056904956	-57.59851359309713	74.34562155211883	24.806566071625102	503.1394179222688	-831.8953826770639	1636.542961207025	10604.153501006915	13.442014374768629
?	113.75729995977623	7200.524337714758	72.38199185322179	-171.91676627487655	467.73211709549344	-399.7254251306677	1872.3647246681678	4475.620481445632	13.1807632528154
?	475.90688745478616	7880.113909932864	65.74978323837503	-432.909329726024	483.1531466657355	1537.7588483935924	1860.3239852793058	-2375.720128383362	1.6787651708128528
?	507.762995456425	-9538.137749095587	50.73652536692028	-491.78792211215335	544.6200595151742	1603.554331039594	1753.578718248998	-7601.645544405202	-1
?	-1	-8554.680868484045	41.16038713276701	177.28854767097192	563.3308632177163	3500.4638961692062	1480.2417080590403	-5651.977986966983	-1
?	80.02895203221661	1815.1190003871247	59.600952750469006	738.3051645127526	719.6432543236369	4910.256158910732	1470.979818900645	-1209.4749147811317	3.624819229461777
?	89.75595001935753	1424.2425469394454	78.07564535840517	85.3752337339899	808.8436711632564	-2099.303544670558	1419.7679623199829	2525.498428843362	3.220437026566703
?	151.2410793791899	-1815.1190003871247	63.86971443716856	-450.8306207262863	614.6780770901075	-570.3134998524057	1597.2547403428148	3127.707481282456	7.4329122115564745
?	-1	-3044.8215875837545	55.53411432209053	-130.75298811728686	780.3279961706357	5519.168304842182	1576.153336384108	4788.440922251616	-1
?	-1	0	57.332065031304126	-100.69759848557963	890.6364923322205	2271.2277654726263	1836.676786455399	4636.6139811544535	-1
?	-1	3201.3327445694813	50.49923439781148	124.23048527926221	893.8893844442687	-7677.947820258323	1807.9840354418338	-1470.2020976921694	-1
?	159.06663722847634	2923.578515937955	63.543589295267324	418.6460965564615	506.7391013192989	-10027.347889326256	1763.1666815707895	375.58735263562914	10.075698702286466
?	145.17892579689985	-483.3040436532934	71.43153922563485	136.91573216451678	392.5219899779487	-2454.8176725446583	1826.7634030736156	2444.2323733549956	15.850825642978005
?	134.90143504581133	-467.79376908395864	70.38937590349326	-98.29519485351884	383.99821769206426	-911.4929020561153	1885.378300238541	-521.254930097877	15.061563047311626
?	121.78923734270158	-2718.028700916188	66.51677948295884	-500.0551186846313	346.9473448751423	1231.4225296645925	1800.7006565687213	-7078.115082629401	13.154215121650042
?	-1	-2455.7847468539967	45.38661996926134	-275.1060787579579	445.56934417529476	3288.071074733344	1531.472546107066	-3298.617005797763	-1
?	-1	0	52.76147554506075	257.06205135177873	511.35089861181183	-1966.964967501139	1635.7698062788309	1811.0442324233843	-1
?	-1	2251.7239989239342	58.23972253685046	201.66577501479136	347.2210958002364	-1786.955540212452	1622.0247577282364	1795.9526109588041	-1
?	111.58619994619832	2217.1652871211304	62.84476429580046	69.30256261071536	422.00312160118796	524.0450177634107	1725.5674368267723	430.66323879401193	-1
?	109.85826435605809	-64.95685634195972	61.704850667386275	-64.11713852217795	373.4233466884073	-1109.7109413505827	1643.5579196679373	209.21753281667108	-1
?	108.33835712910029	-42.19720063533967	59.638907369691516	-46.08652609987422	366.51757453365803	198.30157464880645	1736.028313467606	4340.643203260481	-1
?	107.74840432429107	3643.0413477449274	59.40052436239253	50.18079423213365	383.3384254208478	921.5227392619619	1860.5900798309644	162.30849821715535	-1
?	290.49042451634926	6857.872135919856	62.147947081298234	90.1875478713194	412.5937114967568	1602.8717206816395	1744.143738378464	-4100.529698327092	-1
?	450.64201112028877	3470.9950663244713	63.909901755958565	49.416450468447984	463.4820114549309	1373.2742100359221	1655.563594914607	-24.890210193684297	-1
?	464.0401778325753	-109.38640860025957	64.61876960472067	-209.4220676626749	481.25742199855387	-1015.2699934056697	1742.8992278687797	-2732.283610830284	-1
?	445.1726906902757	-9300.803556651374	53.43879837282467	-438.39633393445314	412.7185117846467	433.0535485090031	1518.9494143730908	-5946.4583083083535	-1
?	-1	-6107.366462864613	42.6989529079977	220.0195577715057	502.91009942400433	2021.0137980535715	1445.5763124533578	2235.7926279976937	-1
?	139.80436754704073	3049.4550873211656	64.43977626140011	682.1645554482502	513.7692016873267	-1858.399177317277	1630.739045772977	8644.45164039574	1.413274627517195
?	151.47275436606046	238.24743984869318	76.8071806804107	126.00064751426706	409.99014055813916	-3016.743800208052	1877.798894473151	1179.563014901934	10.155270778682121
?	151.71673953947555	-65.39169052290582	70.73980863711356	-132.75361828765722	362.93201167692195	1792.028472907809	1689.7171965180746	-15723.3443811094	17.956443177074924
?	148.20316983991512	-175.76521746218623	70.16949976602774	63.36303933813094	499.5915642035309	3802.52209404382	1091.6316754176698	-9664.293710254355	12.376190785396258
?	142.92847866636612	-354.27213796037	73.90796060402015	-104.38103078111078	553.0581163791156	-3809.5688629750844	1206.50251100535	8037.677777973803	15.167057205216574
?	130.48956294189637	-135.34352597652207	64.95044822697213	-139.71821640706963	309.11312105477396	-3583.743962320995	1493.5155643163657	17379.295753633345	5.288035018941604
?	136.16130236753992	34.154100816003364	66.92204978366657	194.64524438908379	373.87091826306334	2776.734615876143	2075.4672986870296	3968.01885291937	11.480788024456553
?	132.19726798269656	-257.58414427667	74.68271044642646	53.5872699906569	447.9498518485831	3062.9684678079543	1691.916506962337	-12393.430584087333	7.825089803729211
?	123.28209515370624	-19.405139924818123	69.60141328319945	58.198896568189326	527.0193416534632	2552.9444293426627	1455.7957694826541	-1447.3082081421012	7.783687413860123
?	131.22701098645564	71.56850788956899	77.59265527483596	28.305119513740802	575.597073315718	-1796.4702017772772	1619.551096555231	8344.324201460759	13.768172738402953
?	126.86052054818474	-2644.540219729075	71.01666925888651	-427.3315263055591	437.1958315645981	-1403.353084438093	1873.011979555698	1579.17076630848	8.582154513332256
?	-1	-2557.2104109636584	56.226078959557704	-410.22185151417517	505.4294190938124	2903.094971810302	1698.509634870656	-3476.0901137557453	0.623313130970525
?	-1	0	50.50557668317746	-200.75782686371767	582.3505801551153	1521.3252511151666	1699.2074738679082	-1282.478036202133	0.7500147577293538
?	-1	2459.920230284642	46.18818761637168	277.0076602738202	581.4956816495718	-1345.2332045268067	1634.3857330605485	-26.153952300364463	-1
?	121.99601151423386	19.999999999999716	64.35595969686867	-923.7637523274204	515.088919928774	-11629.91363299127	1697.89977625289	-32687.714661210506	7.181622393849679
