rowLabel	avP	dP	avI	dI	f1	dF1	f2	dF2	h
?	-1	-20	41.3953169397962	932.3181283006517	780.7706012246957	19897.293445151616	1611.518623213141	32136.643435211437	-1
?	-1	3209.1923222793985	46.61590641503258	482.5686640605781	994.8646722575809	-6912.311408483863	1606.832171760572	1411.536935196109	-1
?	159.45961611396993	3300.377908235169	65.52375014282511	481.00285537590435	435.1550308005026	-12855.541701126946	1682.0954699729464	4571.408475124561	4.553363685044794
?	164.0188954117585	422.111540334172	70.66604918382781	248.09161518445114	352.0875872012334	-1218.2108517094425	1835.4025955168001	5345.223684247795	7.759162374927947
?	180.56519313067852	-23.10276339232701	77.92833090204766	-145.39531461987426	374.24448821503046	-51.741157963476795	1949.356654185336	-2569.379921890441	15.405666970310861
?	162.86375724214216	-465.6649272863252	63.3962834528341	-37.89408691686902	349.5005293030596	3022.5803221766564	1706.9335994222781	-11985.464100783873	9.119036830666692
?	157.28194676636227	-291.04376250954493	76.03362655620421	189.5603832587341	525.3735043238632	2566.2426192935736	1350.0834491461426	-10885.312257165344	6.878483036739989
?	148.3115691166649	-244.67962401897643	72.8743026157708	-38.311969311841956	477.81266026773824	-2752.107341300187	1162.667986564011	1174.2847453818606	13.578525506811228
?	145.04796556541345	-190.89164088631495	74.11802809061211	-118.72788392120074	387.7681372588539	-1602.6650980418644	1408.7976864152356	5325.999200706229	11.289548921968365
?	138.76698707234917	-2920.9593113082697	66.93790841971077	-654.9699342176496	397.67940536564504	1864.7382555515042	1428.9679465993224	626.8859430216345	12.391707945232598
?	-1	1000.8467156856735	41.369531379729644	-124.76063400462283	481.0050500364291	9964.712481979937	1440.1419835663173	-1844.7346815731755	-1
?	188.8093228566329	3762.4304011028576	60.69987671947962	705.0196173015463	895.9150294646423	1814.5919713709561	1336.7312125206636	-8346.370599633978	-0.5827072370307069
?	187.12152005514304	-173.70912508127944	76.62051224480699	245.43717347288526	571.734648604977	-7062.25793648604	1022.823453584618	-6168.693990524693	12.312396646334198
?	180.1238666025689	-521.7159050554222	72.9717353931239	-200.99946573435074	542.80213264034	-3817.8429500657467	1028.2965129944287	4678.187976092984	12.588976389283124
?	161.0357248023719	-534.8436335633143	66.57053895808944	32.49867827138442	380.8425011016895	-1863.9486911803483	1256.7328523892675	6414.777693371133	6.979871898408506
?	153.38168492440317	-3240.714496047435	74.59666930669312	-66.63456064864769	449.6046980813225	7736.442235140949	1349.0353976629856	10483.397831186257	9.476677844402406
?	-1	773.8645140224564	63.238810925657056	-191.2661983701322	767.6646128587373	8329.958726576824	1780.9027439485808	8934.3435667913	-1
?	192.07491062552603	3744.0773714801207	65.0333593881865	256.44882158401333	866.1026344101641	-2093.4881794382004	1795.752576002551	-13764.831340590437	2.3565020586513805
?	186.2038685740062	-365.60813016139116	76.06125200485774	58.150815337861225	662.9902038868272	-6358.218641773466	1092.6611769190583	-15990.030983963557	9.412766420271279
?	173.79450411745646	-3744.077371480129	67.94090015507956	-433.0051241915858	548.1917023214905	3144.3084331701307	996.2510268043724	10057.319545380578	10.761288729441157
?	-1	-108.23316465960194	54.410995795278474	-109.07752220441954	820.2056255453335	4184.358345745978	1595.5271541880866	7740.361704756224	-1
?	168.38284588447635	3129.2950883874864	62.48702404485858	372.4099370322527	757.4096196087896	-7666.0152252221815	1383.269112042184	-6809.587447465631	4.67657489092439
?	155.46475441937446	-666.525502752923	73.03149264689112	-14.264218268333893	436.9048642842241	-8057.19627853616	1255.0477818148047	-132.82621524725516	9.24545973559486
?	135.05657074683018	-584.5680021656566	61.773813131441884	-10.573481627895651	354.54980568198124	1240.0981560358514	1376.6278012798211	-4222.510416750434	3.6686235988856826
?	126.2363543110916	-274.3510503434161	72.50281856549634	229.48131847377746	498.90977208601674	2439.2759527754074	1043.9222609772828	-12533.583651519564	7.213792361518554
?	121.33901822965936	-73.019674248008	73.24787905513077	109.62029974764268	476.5136033207517	2908.931470125984	749.9486187038424	9.255024570093147	13.981451112001505
?	122.5853705986912	-2446.780364593185	77.98383355287848	-12.168021694360494	644.3563455923161	4962.425587683186	1044.3850122057875	11274.600884598056	5.119204586894564
?	-1	-2471.7074119738218	72.63947797041274	-505.7075335071688	724.6348827049112	1992.6440106486375	1313.6786629337457	8019.39291101338	2.891017965088446
?	-1	0	52.698456877520016	-618.2917093406181	743.988546124748	547.772860894549	1445.3546577564568	666.235452104824	7.768601422225352
?	-1	0	41.72489250338181	141.54416434769306	752.0235257496387	5139.8713017218115	1346.990435538987	8633.737621218212	-1
?	-1	0	59.775665094904674	372.6492693210792	1000.9821112108389	5745.9585917034765	1877.0415388173678	7762.992508023319	-1
?	-1	0	60.35735596943579	-327.44753378779933	1039.3214553348128	-3333.5544143615757	1735.1400609401533	-5418.422338886626	-1
?	-1	0	43.403288405514694	-390.8027840027075	834.3043904927599	-2754.0477093167237	1606.1204218730363	-657.1797985144661	-1
?	-1	0	40.817216769300394	229.7346910527889	901.6190698689765	2684.7252812708666	1702.28107101443	1815.9981961698152	-1
?	-1	0	54.89002295815415	443.0169258708601	968.5406545563034	136.60347032288644	1696.9203316815272	2098.636895084235	-1
?	-1	0	62.96806306284342	252.36681833762566	908.4492433851208	-2413.609459650902	1807.2129157686418	3415.5602555008786	-3.7852569941421765
?	-1	0	67.50836387503544	100.09540608962146	847.8601815737582	-1141.651967721274	1867.6983444565712	1210.9020023633127	-2.8119430369481333
?	-1	0	67.9728333673245	-78.25054687548125	851.366644999057	428.702571822857	1867.7580158868075	-1668.0772690035549	-3.364610991839617
?	-1	0	63.59583653126138	-338.09815642333376	869.295310164901	-1390.0928776844137	1784.2944810063934	114.88395414405649	-2.817923009884495
?	-1	2839.5089532900133	51.067925546157795	-127.58448818907215	781.8620011148363	-6529.257288505533	1873.5022135940103	-3281.1319255719472	-1
?	140.97544766450017	3308.9639299855608	57.21661212180779	599.2887699777357	542.8324457396255	-8774.034188024798	1620.2378847277967	-10327.44943951031	0.4605029047932855
?	164.44819649927746	1178.8448283700127	81.03236404504447	414.9821570827051	343.1602917135979	-2656.387397887319	1357.1297416184966	5218.450241897258	11.46034903890256
?	199.9176890830006	752.3177223350858	77.96571997594297	-262.3290497029135	410.01307584526006	1370.9408033857167	1881.1603968226586	9770.27127658588	16.398302574592815
?	202.0640826160316	-332.927404734669	67.91591155989885	-63.27256772143579	411.7073318828835	-716.8995520254136	1845.6433054477889	384.3148206944775	12.192118829670195
?	183.2713188462672	-821.4233203894476	74.8020915898712	21.50099566170845	374.1680982439895	-671.5229349049401	1900.3761378573824	237.60543617102115	15.76035324762292
?	160.99291659655938	-659.3350758524708	68.99096134298426	-188.03417054827077	378.13118513763663	1812.633945120161	1857.5235772563399	-1319.6570149804077	14.474746051297632
?	150.30456505364378	14.490840515873112	65.40038306245769	106.79780451885885	464.79979549999723	673.1711010206938	1834.3932871083623	-702.4812350819209	5.375873910245362
?	161.71745862235304	-28.829136567590684	74.33085156892719	-138.45523155767557	411.7897401886712	6568.049647518857	1822.399515502244	-890.8980076975136	11.504405955884582
?	148.86310822526426	-3254.3491724470723	58.47762148457394	-492.7892204272	793.2022778759389	7459.487776732646	1789.8483867234868	360.5103074464218	-1
?	-1	420.9899465081978	49.69139054756727	90.02557788967242	784.7641290253022	-1744.9036339247134	1840.425030874565	2680.5984443211723	-1
?	169.91260555067407	3174.2021619249576	62.97890037905754	415.4861235347288	705.9570961797035	-9021.870563269104	1923.878308939545	-3247.794111144183	5.619686952811566
?	157.71010809624732	-541.3854196640002	70.46569672430364	270.3139932810452	333.6706008618486	-5866.438971314128	1678.0353253173564	-8930.094911257851	10.982954442611042
?	142.84333456747416	-595.9414631608836	76.49460004310976	11.674951298111052	412.63514761399813	4099.193828722568	1477.373563376654	-566.7291377619742	11.146677249318191
?	127.91303493820325	-2876.8666913494935	71.04944428920919	-277.8749828622634	538.6302922979762	10330.340640931527	1649.6988684292578	8146.5073983811835	4.629232345343981
?	-1	-2578.2606987640743	62.60085089999664	-118.87590122710819	929.1521796605726	7902.096880911088	1884.6989332957116	5004.025095977363	-1
?	-1	3802.6040779261907	65.1056492278538	83.92284101361513	933.7351363435292	-2682.277752262765	1899.900123228125	1912.1903042885174	-1.226535720882899
?	189.13020389630887	4065.616539119043	66.79699295067738	286.93508882524173	795.0382920474349	-10372.960271116159	1980.3084485101372	-9375.089551467177	1.9727747757898002
?	202.28082695595143	540.2366358184369	79.45240366911584	178.254750626455	415.0871227877232	-5914.980698945297	1431.1456456547678	-16761.551396755698	13.195885341785338
?	216.14203568723062	-142.41996688131843	75.7097304820001	-160.76288032855473	499.2892571001711	1055.22373693319	1142.2308786723552	-2863.5518853491167	19.278458473578844
?	195.15982861188553	-1258.312420946612	71.41425965268813	-461.5291731951212	467.84830963438253	947.5609784718301	1287.9680513873125	4285.4319008469265	13.263339291420397
?	153.22641463990024	-3923.1965722377245	52.63327182224412	-694.2322272086449	546.6673060237624	557.6996077232612	1356.5024737147007	2833.54971938421	-1
?	-1	-3084.5282927980156	36.70264829225601	-399.50475647626274	495.7332900205455	1772.8126710590113	1429.6455373565225	4217.651791965883	-1
?	-1	2253.9274430850087	32.65803399843105	638.2651940063472	635.3079395767127	-3828.4798017218873	1567.3850633129941	2258.785669887451	-1
?	111.69637215425004	2741.3824597716734	68.61590799257326	917.6720838755399	304.3092999344518	-6799.79562180861	1542.5848208508946	-2573.305632461961	11.962520050876524
?	136.0691229885832	1555.0454723521834	78.54163819220788	232.41641268699252	295.3181584862834	1976.4582236715355	1438.7197816898965	-226.11218868161438	12.639244297165195
?	189.44864577185893	1316.6578644811025	80.23672862692284	-19.827876386838525	403.13221111802824	2743.428369709845	1531.279211416814	1761.0477131813304	9.588994338989943
?	201.90201621263807	-379.90437806253874	77.55024437286596	-361.6558902446252	432.48957697177514	5541.897727301319	1526.7721673489627	2370.4765003862526	12.402887569556492
?	170.45342686873207	-4058.040324252776	62.153934114691644	-323.20786693929097	680.2270974830932	8209.361708978953	1649.8030364361261	5566.576445815264	6.300342214603576
?	-1	-468.4423429498093	61.38985102590147	-6.521489709805644	842.9576624207214	3253.7897561358727	1805.100989639725	-2970.9902658067463	-1
?	147.03130972124168	2846.8209079732915	61.82785962920136	231.41903303504944	842.9165852898863	-5518.240798884273	1501.2535231457894	-19284.486498884988	-1
?	141.34104539866408	-420.4566839026015	72.9608026776539	181.0130315997008	567.0456224765087	-7909.095184187868	840.876664695479	-8702.855291964328	11.275481330803794
?	126.00847552611168	-548.7738845724973	70.87851120918637	-532.1255753054877	447.4618260804943	-1552.743875848855	1066.1107585475745	4669.783842629437	11.98474590284529
?	113.90235117003931	474.8821621791416	46.35452391237961	-241.77488948661633	489.4084286840662	709.73506236056	1074.36585682695	5207.404552361086	-1
?	149.75258363506867	836.1552918770952	58.7897667348556	587.2021238665459	482.94857919852217	2774.968942428049	1326.4809861656279	7490.281918214281	2.632872478065407
?	155.71011576389392	211.3941916656002	75.7146301057068	150.1769395669346	628.1568758054682	-1410.2403967807986	1448.8799527376627	5543.982524696086	11.752727816587567
?	160.32229321834865	-173.91759159830036	66.2986137132023	-75.0002964004784	412.4365593594825	-3184.0970791785126	1603.6801124004312	6929.474736580384	6.170780621622985
?	147.01423618397894	-646.9983794904357	71.9646152856829	66.86983200414797	468.9520218465431	1966.2387648154188	1795.3536895666807	1490.3361882123506	6.758955116017174
?	127.97237424382698	-574.6459165259466	69.64210531340969	-120.67852549239475	510.7484976002531	-3.368101392237589	1678.1969218110485	-3770.544545477505	5.884032814776232
?	118.2819403576817	-270.3664127898618	65.93068901106318	-104.17083885432484	468.78361677693124	-2212.633994245228	1606.8264622928061	9.725585378232642	7.398953068560241
?	114.45405360433394	-80.69721366707825	64.43356337069346	-78.87979772373384	400.11679788799205	-1547.3067298954218	1678.68320107996	3286.295923823657	11.37546317331114
?	114.24707967432781	295.3084798280095	61.9866991248765	170.55197075662366	391.4182802821604	-1144.258362759643	1771.1412584839884	80.6341824629547	6.56581462016819
?	129.21947759573436	135.92496820671946	72.96116190852462	75.48404757826019	342.9038797500101	-2250.9151958094494	1682.7149102031078	867.6918890013652	14.252416972531444
?	121.04332808466376	-2604.3895519146963	65.7609015037895	-558.3067933200575	278.87252049168836	909.0775201238066	1814.5258529340565	1160.1506431249113	14.648833625269836
?	-1	554.8999551690602	45.04582224252184	137.554249423652	388.3577557562003	6495.135844562045	1740.7224423593532	-2187.3015615352447	-1
?	148.78832584311667	2806.684306327334	72.63861397497207	612.8542746486129	603.6293127197895	3294.6426095250063	1705.1607748572947	-5500.2129073689875	1.8060331734744937
?	139.3342153163662	-362.22600494465456	75.68853597495237	25.96612749415906	553.08988623245	-2321.794203443415	1465.7117969909048	-7274.620760859405	12.407268444174413
?	130.677025595884	-398.9398869216848	73.93692034968002	-295.0774247989131	487.53960254761915	904.444737905138	1341.4297368143257	3269.2743518775824	12.393968992367618
?	119.38722097028203	-2633.5405119176894	60.93466473500677	-329.0694405155243	598.3121231277067	9573.99274326168	1629.1755145847833	9360.141617574902	6.891884676366493
?	-1	237.64015304294503	57.483448323903865	187.0377725344269	966.2392397107014	-3940.3119313914763	1809.436817693069	6011.459451649537	-1
?	131.26922862242924	2463.407574779298	70.28655336172808	166.08147599919835	401.2965265581336	-1876.2777908511973	1929.748487167259	-346.7991818443819	4.306582267840527
?	122.17037873896447	-2645.384572448594	65.78752212386375	-51.41651917680964	872.4253501681419	12423.328519437668	1792.09685860085	-1228.6475078529472	1.1902150485199745
?	-1	-2463.407574779298	67.71572740288761	76.82415498134502	1022.4629525300148	1750.3874227664908	1868.316111774612	1378.4591524852844	-1.4486387496906143
?	-1	2396.4013407953175	69.62872987293099	146.5930370475578	959.9447213064661	-9389.068978200023	1861.019816225114	1093.8804987161614	-1.0696815412782532
?	118.82006703976546	1994.466142641155	75.04537925526547	108.94054730045592	553.0095036200154	-9751.781445702303	1923.0101367104198	156.03040098207714	2.5840709330870366
?	98.7233071320574	-761.0033764208849	75.07575723795377	-119.88432613126591	472.35564902135275	-1578.872850462568	1868.8213362742179	-1785.895023583018	4.160430445882452
?	80.76989821872135	-1994.466142641155	69.0511629487022	-398.9295293661929	474.06586109688726	-2032.1923767728474	1833.7153855312692	-2557.349729734383	3.262455249665284
?	-1	-1635.3979643744328	55.12928076964419	-306.55649956451606	370.74603018271074	-2317.627623151083	1740.9538497874992	-4225.109005550195	-1
?	-1	0	53.72333797047645	30.25674099499536	358.1844799393335	796.0371127879745	1622.4599352537602	-5219.379739808878	-1
?	-1	0	56.64211781939395	156.8402531221561	410.5478858221093	3838.9362529487858	1479.9848627970562	-2262.4286255868938	-1
?	-1	0	61.56535062658423	-155.04643897740533	550.1312925867721	4500.114258143584	1509.338503974416	958.8663745105157	2.2942626850318906
?	-1	0	48.88979587052371	-416.44494464250437	635.5535987292877	4771.093386991623	1527.9281815225818	2231.914149897137	-1
?	-1	0	40.743103394459084	234.98682029632602	788.6859619363524	5893.399389753688	1620.9342114692724	3864.237859142795	-1
?	-1	0	60.63913688533997	543.6840967914815	930.2235682169711	3302.09698208701	1721.1400744797209	4221.447036653973	2.370660125193183
?	-1	0	67.92730823403306	160.5253392350859	953.7908110407024	458.4444473422507	1832.0065633019703	3114.35083207132	1.0805610860111883
?	-1	0	68.66540384709424	-8.75572670971454	953.1457905840836	520.2356661463882	1876.8576160832863	-150.3415162982088	-1.2104862079043506
?	-1	0	67.48952189854734	-224.82183855620784	979.8025943480217	-3525.5837243818555	1824.48948748706	-282.2963389072685	-2.3593811561798983
?	-1	0	57.42431191928389	-155.59704316130518	776.8666043649914	-4050.0168026990386	1862.742799137923	2048.274937818185	-1
?	-1	0	59.709669740482106	441.3846620045649	777.3017542130705	4431.757995648779	1926.9032343779688	-959.7194078297741	-1.3168326493449376
?	-1	0	79.49354501951206	312.33010264974166	998.4545041474296	3723.239591006058	1814.7568287464344	-828.6869611129926	-2.500289248993948
?	-1	2787.6624391288883	75.32617487296913	-68.45611609097115	963.4637337633727	-10614.184570551575	1885.4688863223193	555.9906022722017	-2.579198846960638
?	138.38312195644392	2535.3012905904616	76.07073921496351	-295.49096922445335	467.74527561985275	-7152.188317155669	1842.5563588600444	-3816.1695995652826	4.769246140522633
?	125.76506452952262	-2787.6624391288883	60.55162641174652	-599.0852810887016	605.8543179055905	3624.671072503775	1694.660406344056	-1645.8655513808221	1.2061466306171467
?	-1	-2535.3012905904616	46.11647516052854	-335.9846993149555	648.9788292450409	2013.918492162966	1760.2630812910036	3349.281412144822	-1
?	-1	2266.028696743618	43.7523914459988	415.715852072209	706.5502425137385	-3428.878169978893	1862.1244769512964	-922.8258111503043	-1
?	112.30143483718051	2028.1430609281863	66.90226776413891	351.98168873800154	477.5349207460968	-7526.5456000602335	1714.1217907334885	-3489.5265979072915	3.85329266215027
?	100.40715304640895	-106.90727296569018	61.35147588289882	104.8358589110641	330.2229625107281	114.78925170802127	1687.6481470559324	-1173.9848739745999	3.9664205002127066
?	106.95607118889602	179.58690605378627	72.1440607096921	148.27753849481024	483.27438333149786	944.9876318460701	1655.4225470347587	-398.17374335951314	6.39462431795533
?	109.38649834909823	70.19384377495325	68.7653528076393	-93.89070219798758	377.47234410303145	-3545.6400076593936	1667.7394598879569	5732.082512697618	6.44022336338016
?	110.46576337764367	115.45700458328709	67.44952559979274	79.59343259879603	305.9923829485288	-476.1420938655789	1942.0266726696386	6826.373000688397	10.66814642807626
?	115.15934857826257	101.49721397755464	72.74502443757909	89.16436443065695	353.6652394097526	5252.236138938805	2009.0581099223755	-12781.146801598616	9.312308280248143
?	115.54062407652138	-112.46245317416549	71.90774382132557	-25.42245377228264	568.6041898954682	6783.279331304023	1302.9693325897101	-20453.092750704793	6.9402647013066385
?	109.53622591955431	-367.12107545481604	71.47390174896496	-228.5126495430971	692.8292059749525	3560.0110568060986	986.4034723871395	5113.744567556441	10.440978764270653
?	97.18457030378065	-2210.724518391094	60.482111344170754	-227.52847556800512	746.6047427357725	3890.65570929195	1558.6565609675313	14340.616885178422	2.7972256655591643
?	-1	-1963.6914060756199	60.097477970564746	-128.62456707634638	887.3619914395493	1573.7012789491325	1703.434316646058	6618.221662523239	-1
?	-1	2390.8822425507446	54.05088299035346	220.58481802168964	825.2898066832288	-9809.428274112492	1889.567644093692	-15728.29115172774	-1
?	118.5441121275368	2274.4964143123148	71.12671887164919	461.5305574567389	396.89057773392653	-9615.114210087497	917.0197590596738	-15400.293909426728	12.616888515680124
?	112.72482071561534	-404.60606303613446	77.12741086319032	-6.2433984889330185	344.53409617885563	6260.880498904309	1119.5529486223584	19442.723212051565	14.765468662456552
?	98.31380897573015	-196.64440778629043	70.81454894720254	-114.57127589346796	709.9346026791409	14719.284483247591	1889.1559196622486	21630.543175094026	4.620850002049609
?	102.89260032630085	129.76122870897018	71.39884706851694	-58.486116522212434	1080.4983203412326	-7292.8425467763855	2201.080107377056	-3451.5700976369667	-0.0301525956037076
?	104.80187041117864	323.05637022256604	67.89024312109193	139.48776035297718	345.2924753403229	-13629.857234569452	1716.5774147804009	-9775.485801853682	3.802131446425529
?	119.0454188374291	245.5287864497652	78.37323508616578	64.33188043748027	399.0054586127623	3591.5573677077273	1712.3058172843735	72.1340510941948	8.616315893746062
?	117.07830973366686	-2400.9083767485904	71.10683714296593	-607.0406788410614	524.8703437257086	3510.13893129056	1720.1841173351106	-501.77416116095804	2.4372436524445087
?	-1	-2361.5661946733453	48.021201144112815	-312.99044651849954	574.5124051772897	3607.270361024729	1687.2171092263256	252.88993869398473	-1
?	-1	0	55.45731481704101	465.1762605752087	705.2338617769444	-67.37410443908881	1732.8286142698098	-2047.3891323752723	-2.044575562039051
?	-1	0	71.28001417287317	-240.4340515755824	571.1436999553353	-2856.77710716135	1584.8476526075624	-2620.0196311047557	9.211202366421569
?	-1	0	43.43561223826193	-588.0524115372796	562.3950064188774	1188.0938819993205	1601.8276327145725	-124.71918364623478	-1
?	-1	2241.3884275275263	41.87739359600929	596.5662938378137	630.5483940553011	-1742.4071450231627	1578.6116934252507	3120.3093669357822	-1
?	111.06942137637591	1910.8983604320622	73.26392693015251	457.97963154665416	475.2746491677196	-2750.4951261534775	1757.843101061361	-2358.909748924015	3.03551356331165
?	94.54491802160277	39.06673955767175	64.77637517334192	-339.5944955162775	493.0236377476277	-2724.6646104690303	1460.6662059790503	-3145.766399789202	4.9726106425505785
?	113.0227583542595	350.2998023942366	56.28420215433869	91.02215325185487	339.04141864426856	-3228.581591446522	1600.5547810719015	4717.944100234434	7.073268157530057
?	112.05990814131454	-232.36585184588162	69.32748283593465	86.59614880581617	331.59455817530215	4150.470133717012	1696.5634109907712	4461.036527294438	12.67254833145164
?	101.40446576196545	73.68146791093378	60.614009594629486	-90.51154120545537	546.5649253301184	8067.52383366042	1823.6066074366227	1308.0811784579782	4.776779844355587
?	115.74398153686121	132.88067152553614	64.8019057756619	216.23540238516318	734.9707498583217	-2142.9344551115396	1761.96746991367	-6802.526091933025	2.8150600097904688
?	108.04849933824224	-368.7728088213733	71.42577971388761	57.114143284921035	439.4182025745418	-7711.301805414315	1483.4803028399726	-8651.553871609365	5.510940885186824
?	97.30534109579261	-255.90770805368754	67.65761293990794	16.203898823120028	349.4056595876073	796.5355024606942	1329.3897763332031	1071.487886301956	12.354927898831873
?	95.2531139355579	-176.11370641887055	72.2359746550436	-7.3265728236598	479.24497769757636	7961.7159472253525	1537.0546971550702	12150.658848750652	7.527144580751657
?	88.49965577484912	205.4602762638662	67.29128429872495	-52.61218024179233	747.4914569488735	6815.500954083061	1936.9227187707336	5568.592505268336	3.213529714366134
?	105.52612774875118	198.6082395422558	69.605365642954	134.62090319092616	820.0200254017282	-5747.267961262332	1815.484322418486	-12476.5658649477	3.9142221993846604
?	98.43006775196187	-128.68697613676335	74.02232945827123	99.5001199732554	460.1280588857579	-7741.77921177104	1313.0944255233508	-5429.936843985357	6.95169338181392
?	99.09177894191303	-12.052192546563887	74.58037164161675	-214.85800040345046	432.93106481317756	-1801.6592651549327	1543.9874802192192	10072.391759154983	10.685518121440897
?	97.82745812463368	-2001.8355788382678	63.279429438098745	-592.2013953697024	370.0450956280116	3958.2524489570633	1816.7140134810982	5767.5748193552845	9.581924121579231
?	-1	449.06603589164934	44.97030187313174	122.08047910055755	630.84368726103	4747.16734948982	1832.3662211869823	1694.6488897516033	-1
?	120.28075991921607	2451.4148755578713	69.3834533931266	626.6352111459129	607.4034631025018	-2105.8188271889326	1901.446457968678	-1937.8540909744856	3.605420551370949
?	121.57074377789313	71.13631577795186	76.30206243042727	-271.6441226313082	525.5527459015838	-1285.0266042680141	1735.4735166382584	-5684.705829421989	8.12180325825655
?	123.83757570811365	-2451.4148755578713	55.80124726156124	-380.2140027902777	543.1521328891013	5246.770078094249	1617.2111664975796	1111.6360020027325	3.9899525177202673
?	-1	-2496.7515141622816	57.291362290913455	136.28802941223788	787.8912498062953	6300.590206838783	1791.0553167383948	1917.762125191805	-1
?	-1	0	62.615648732173106	119.73492250411326	858.1816432310393	468.73072639306366	1713.0992727571695	-829.8254360680387	-1
?	-1	3059.363874139132	63.278108416119096	300.5486712613351	811.3277861259484	-8071.975267010856	1749.564044934993	-4382.79623297117	-1
?	151.96819370695604	3006.765786268629	77.64308229523981	67.25193493509944	454.5828798804979	-9744.232158758845	1493.9594611086118	-2448.7823220658534	9.884194410295226
?	149.33828931343092	140.49659171727507	66.64070516287406	-59.24996081567478	324.1161781880079	-2476.1254554850343	1627.1249288317008	6999.190641211432	5.614094666140672
?	158.99302329281977	647.2731752396986	74.68058425445608	170.87375484545632	330.7766071062466	770.8847087606357	1843.9189931691822	3089.8367882524158	10.5088855766719
?	181.7019480754163	491.1592948648352	75.18439290514699	-84.23804314775106	362.6604136260402	175.85747970284024	1781.6167682443238	-1855.9637019746297	16.165734909064987
?	183.55098803606188	-204.2221610651938	70.46868209706847	-435.7515970396184	339.56948109138875	4820.147487599373	1751.1208080704494	293.4608043156781	15.000925607986286
?	171.49084002215648	-3691.0197607211853	53.396813053165765	-100.60292330934173	603.6677880060123	13086.106136420984	1796.289808460108	1195.159696942893	-1
?	-1	-3449.8168004430804	65.43853593160131	273.77674134770126	993.8747879124472	6570.198568118335	1810.8787929175949	1498.1422654931762	-1.3085400835459209
?	-1	0	67.08565012055102	14.248882882505793	932.1777164119337	-3189.0537807557303	1871.1969217347678	540.151757250957	-1.9177093990633522
?	-1	0	66.15098007572661	-254.60473270831253	834.4220988746585	-4508.52682203029	1837.886380780143	-1036.9900916177346	-1.6967452781321224
?	-1	0	54.355413485135216	-38.387635138700226	706.751375310416	2584.378437908833	1819.3474171538803	413.6093293130339	-1
?	-1	0	64.23159831879157	501.631937165256	963.6410207701019	6287.769617945213	1858.566847245795	2020.5759398899804	-0.37201785159200274
?	-1	3185.4186929569973	79.43701034339837	276.26133034220805	1021.1398562076812	-6208.219513936618	1920.3762141483808	714.900043795641	-2.017478872879887
?	158.27093464785213	3050.7018291130207	78.04466483590217	-135.4605078144818	653.2300450732666	-10048.403493050339	1894.3118494355776	-1676.1620140423554	0.7249670424782736
?	151.5350914556532	-3185.4186929569973	72.66398495267418	-458.09990485745845	518.7196815551571	446.4024637458947	1836.5681134462618	-5235.863046648704	6.173310966785657
?	-1	-3050.7018291130207	55.13966959302892	-597.9919572685103	675.5501682605617	1390.0017044759609	1632.5186971031387	-314.11608968380284	-1
?	-1	2840.613166977328	42.764387089248245	195.6221444621476	588.2197667789561	-847.379316961398	1820.8623089620714	2858.4777236203495	-1
?	141.03065834886843	2559.846904795135	64.92077681613644	486.8388275283984	633.1812024124912	-4990.100651881747	1775.4425832841582	-5045.6906368594	5.751440095892222
?	126.99234523975855	-400.6624723937344	67.10632846566851	162.0842587377447	338.7147341848652	-5407.4382026399335	1568.5777771190978	-3765.633243122189	10.136654593116921
?	120.99753472918142	1.7715164746735217	73.02498975302379	192.45700062087832	362.8092922804907	999.4061610350803	1587.160921128046	-1389.4931375607878	10.881249653578141
?	127.08092106349223	248.86481105796196	76.72917849671256	80.5059294492355	388.68504223661995	1221.8722616567627	1499.1031202410575	2716.803524030304	15.827813988472073
?	133.4407752820797	60.588526021181785	77.05028622548562	-128.18591694364773	423.9029053633297	1548.8741466173049	1723.0010973295632	8198.358071795052	15.12094759597118
?	130.11034736455136	-2688.815505641556	70.31988264953009	-319.81759718321143	466.1287495674863	8581.232493836844	1909.021023830816	2329.9382107150755	7.987397567706853
?	-1	-2622.20694729099	61.05940636632482	-560.5381212803956	852.964530055178	2100.0526844185933	1839.4980078653186	-2487.2898568702303	-1
?	-1	2898.7695327343004	42.29297658550991	-99.29532567158192	571.1313837884175	-6095.962712933847	1784.6565309873026	-3576.5554035188998	-1
?	143.93847663671707	2671.181163642899	56.094640082745656	654.9993560672177	548.1663944084813	-3618.3454723182144	1660.670237689371	-626.8260954197197	5.779461240817745
?	132.55905818214683	-445.9060047712776	75.04294438887126	36.028529733148446	390.21411017250415	-4797.317616127375	1753.3152262163162	2014.5384338873268	9.64318550244264
?	121.64317639815287	-27.75416148388064	57.896066569403104	-22.51513111833301	308.30051360210916	-638.8831873922334	1761.3971593837389	3239.633410888891	-1
?	131.17135010795278	134.04154006738347	73.9171878329546	381.1568332293075	358.269950802892	1533.835752563908	1915.296896760763	4106.494460265077	13.623470296429172
?	128.34525340152214	-263.93939345295473	76.95390823086875	41.386022316735286	384.99230123030566	2215.416203910162	1966.7218823969956	-7810.8730780550995	11.697794138756265
?	117.97438043530485	-319.7302425283914	75.98648894879139	-209.02780130601016	469.0407609984017	1131.864330183606	1524.7532428580025	-15135.054727752839	7.269510258735179
?	112.35874127510235	-2379.4876087060634	66.50251816556809	-712.4632767362346	441.58551773948676	1418.0149978172917	1209.969146009343	-3527.1527407986423	6.734965251269444
?	-1	-2267.1748255020148	40.36332511197916	-436.0529864369353	539.9415108892673	5590.065836146354	1348.395605818068	11805.676246839745	-1
?	-1	2616.48920894239	44.69986884372101	441.5328739866224	721.0888095468084	4008.7240477987075	1800.2529583513385	11169.874417556757	-1
?	129.82446044712137	2556.9632733126978	62.43996881131059	616.2618354069768	740.3777132792055	-4749.174194347552	1906.8893266959137	-3097.015583804429	-0.04169274005561008
?	126.8481636656367	-344.43665736303694	75.5129606140703	179.7138994908093	483.6300998294275	-4620.13829251133	1645.4021791611149	-8648.621861039432	9.055852242080777
?	112.60262757896928	-2556.9632733126978	71.42566378585119	-308.67430516514645	509.37079865363575	6077.368644597715	1474.458233643936	1663.9101368178844	5.293264497484883
?	-1	-2272.0525515793533	60.07924535581275	-207.79420690378916	787.4985320593175	6527.178245628117	1728.5976860020103	4339.222638957751	-1
?	-1	2192.7346194015577	61.03595344066158	105.1660067686553	835.7297109350462	-3651.836866762508	1691.4193655918266	-6847.373885946588	-1
?	108.63673097007944	2144.020441991832	65.33754569424559	174.816389515104	604.9066887211895	-6164.318427077675	1386.228991704676	-16419.93730536331	3.6151481951418027
?	106.20102209959312	-219.92783505554314	69.7767729164169	183.001315121603	527.5137895811581	-2235.7611239611106	870.4225003236495	-3648.5722861290405	12.482756403102668
?	97.64033921730213	-350.4908186031268	74.48761145032587	56.434735410481714	493.1186325231324	-1858.2878168146349	1203.8003773982214	8536.50489236895	14.846963145288438
?	88.67648116943653	-1952.8067843460149	72.59850968694103	-1489.7522290064962	434.59939874042504	-9862.372650462508	1297.247744942103	-24076.007547964084	9.510986341248886
