rowLabel	avP	dP	avI	dI	f1	dF1	f2	dF2	h
?	105.94514813003232	2086.7034303250184	73.30159925133552	1454.3233035131163	447.0780755589553	10176.677292208093	1508.987878190379	25627.797138169284	13.753231189469346
?	104.33517151625092	-77.33233224682607	72.71616517565582	-75.04260019386493	508.83386461040465	1599.9175615121032	1281.3898569084643	-11671.771629851357	11.63928986430501
?	102.07853151769102	-65.96174018195282	69.54946924164227	-362.60904528779594	527.0739536345604	878.736141849225	925.3992966978111	1390.6775822924415	17.030424975428897
?	101.03708450715328	-2061.570630353821	54.585712911266015	-413.4457765565045	552.7706717028659	830.1918270043805	1350.9237360230863	14123.374279923028	-1
?	-1	-2040.741690143066	48.87718041381705	123.35361874508837	568.5835449847795	4483.859944089894	1631.5680106939624	7849.336979826496	-1
?	-1	2158.3190732938274	60.75339384852043	526.272336802443	776.9636689073606	-2821.17879133121	1743.390585014411	-2757.072531008858	-1
?	106.91595366469134	2034.4930390683821	75.1907972539392	208.271059023862	427.524605418219	-8068.233654373582	1493.7143841435195	-6508.1605919656495	10.35185921496586
?	100.72465195341908	-149.9677826850038	71.16694679971353	-137.5606353639137	373.55198618868155	-1895.611559196639	1417.9825554161287	-2867.74707950578	11.57120150834239
?	99.41756453044116	-38.564397823341785	68.31276548574351	-293.85519547267427	332.74402745838705	783.043646885192	1350.3270301682305	-232.47275364211424	19.96728773214916
?	98.796432062252	-2008.3512906088235	56.47418702607982	-394.58531821500765	412.70416853294114	7245.110333809937	1406.358917734023	3497.041920262851	-1
?	-1	-1995.928641245038	48.583499574993134	-121.28425062287067	694.9995441488838	7590.309173410063	1525.179126181373	2064.8031306200282	-1
?	-1	0	50.40997449493628	32.24775203873574	792.2196272034446	2565.923179743188	1509.5990742650245	670.756249899045	-1
?	-1	0	50.19588717692992	-15.64086735027358	823.2957031360434	-109.79561502794458	1558.7169386763253	15.42722772571777	-1
?	-1	0	49.6279311274226	-40.44891219933145	786.7298464520474	-7425.5096343057085	1510.3704356513103	-2233.311649643495	-1
?	-1	2688.3061676551174	48.17344156696335	195.61388509977928	452.0202214207576	-6114.966975159473	1447.0513561941505	1046.6381114541118	-1
?	133.415308382756	2508.6684382103203	59.40862538241157	684.9651200321332	480.9814976940734	-328.20232037984596	1562.702341224016	4512.439973131678	2.1627349348888374
?	124.43342191051613	-278.3027164957446	82.42169756857004	152.09887333966563	435.6101054017653	1498.767130883318	1672.6733548507345	1978.0098369863554	9.438546304826975
?	119.50017255796875	-2508.6684382103203	67.01356904939486	-436.2583810721792	555.9198542382394	6824.635383140777	1661.6028330733338	-1215.9170415527285	2.521662370426702
?	-1	-2410.003451159373	60.60877851496106	-36.47783159208952	776.8418745588044	8741.715216843648	1611.877502773098	11.181970546722358	-1
?	-1	2753.3342595033773	65.18967746979038	175.76170941631028	993.0056150804222	-660.9284365188214	1662.16193160067	-8844.701241142937	-1
?	136.66671297516868	2718.1028090922587	69.39686398577656	296.3777105869667	743.7954527328634	-11272.35171000574	1169.6424407159518	-19202.388110363172	2.708640032812739
?	134.90514045461305	80.70155703178493	80.00856299913873	175.74448074142012	429.3880295801347	-6108.297024398253	702.0425260825106	-8775.603380009641	21.149667751144484
?	140.70179082675793	183.01460971457385	78.18408802284758	-54.71356797204658	438.3806015129505	-135.4479902407512	730.8622717154693	5715.299978772527	18.10903982235626
?	144.05587094034175	-146.78947833688184	77.2728846005364	-332.0866421813565	422.6156300680971	-1942.9297585042927	987.8075250211372	7262.599020430621	11.482642412312657
?	133.36231690991383	-2901.1174188068326	61.579755913779735	-441.01658271434394	341.23411358773575	193.27917452567004	1093.9922227370007	5514.326310016456	-1
?	-1	-393.6342956130306	55.222055464819185	241.0354689874922	432.27958879438063	3697.829283421322	1263.5238405219602	410.8771971428174	-1
?	113.68060212926228	2350.0307865875193	73.63152936315436	429.48738158961453	526.125577758802	2078.0121217398782	1114.5360825941416	-6606.900930649275	8.285478950519604
?	116.50153932937606	185.94240971543582	76.69642454429993	73.85797357714175	536.1801948813746	53.57211879653273	933.1787939894962	-4867.115002205258	13.186454532257176
?	122.97772261503408	-123.07416659827385	77.32442804201145	-186.28388153463374	528.8041836986287	-1283.7101695299805	871.1803324838785	-444.3772407863249	16.15789778165436
?	110.34783099946236	-2479.5544523006793	67.38223046756824	-287.86097476229247	471.99468640487555	-945.6349002131461	910.9599319501799	3390.086708120015	4.4466216765592055
?	-1	-230.08515079994888	62.93137930389681	-136.53088314189876	481.5224386879713	-1647.3389660157839	1040.6846678898794	6293.283688862224	-1
?	98.8435734594649	2142.4878652850734	60.55568631047329	53.78469497990901	389.6277381040863	-3230.547312092256	1225.6241163932914	5177.466002405422	-1
?	106.12439326425377	118.3815870490621	65.62061405289227	118.44897397991123	319.99507308335836	-1153.411716132233	1299.5579680101507	2841.371644273133	-1
?	104.76265281191802	58.88417248411225	66.47813500946886	34.58324445779763	331.9571522974746	518.6528581895045	1367.6926986069482	3317.079528773308	17.00725785136806
?	109.06860188845938	360.02138922191557	67.34977627578215	236.55392775667005	345.9277159928336	2535.29348215749	1465.4119444488163	-4206.888703280475	13.58995860405459
?	122.76372227301381	165.66422123382623	78.30583139730237	196.96039052341075	458.7218264053492	4074.5530334748855	1157.3482634429242	-10831.720989493171	5.9957566767875905
?	117.3518129501507	-52.44505764503169	77.1977958019527	-381.44480574469037	549.6553676665781	529.8616045423291	923.8258949741572	103.05348204057273	7.575980164635195
?	120.14146939076223	105.53744992132455	59.233591110067835	-308.2207671875534	485.21490663246567	-458.88564264470875	1162.5009375449529	13500.62453908365	-1
?	122.62868544621693	-39.44533447223133	61.78675744257501	308.40022080799116	526.7110855343426	212.31681043777579	1598.8571219283403	10081.689150862663	2.6526718756549226
?	118.16920266715066	-93.51739225773092	74.6536021504674	119.3872100132991	495.83074715435447	-2622.8645385940094	1666.5853950880864	-3645.824137812091	7.114648759451242
?	117.9528158333304	-69.42469623124505	67.75611794323994	-190.78252561171252	395.5678586046426	-2708.516463828569	1416.5659150377364	286.91208527490846	-1
?	114.69796785558842	-36.02529331469198	65.11447586988182	-65.47065453236422	360.4049239629265	-425.2741773545942	1680.9309993518318	6621.205161473928	-1
?	116.15155116759581	57.530453661790865	64.48258521662174	223.48672061653667	374.30414973691296	2148.8400949322236	1747.6261731114316	-2332.2176532644735	5.054250693298339
?	117.57449053867795	-144.56172894152496	76.28881190070861	25.809499887761923	467.8469287095373	2558.942343876091	1564.3201166886086	-4544.626129361566	10.060934591595688
?	108.92346472051959	-2371.4898107735676	65.77306021100984	-448.5862294820615	502.25126693071707	2812.2021101907008	1520.3948666433541	2826.7160813549262	8.815466304026696
?	-1	516.9358397518589	53.859500426605614	-55.55969936845875	608.4570342190718	1669.0192212957495	1705.6559207563544	-2491.507884655602	-1
?	134.77025670811244	2551.867789195422	62.99507524258691	344.03278164647384	585.7022279955042	-2394.322557410764	1395.8194724105745	-13456.849440998638	1.6564818549473774
?	126.59338945977065	-470.9758507008342	71.06113950892924	-18.098629668965096	488.74090634853405	-3634.5828666669586	1032.8134487064249	-3999.3311118662546	7.679091742763987
?	111.22146417307081	-528.6182344060384	62.090143759138655	92.48257801247466	403.97308466215696	1459.1782562802866	1195.8529168172624	5670.351152112059	-1
?	100.16247773946883	-321.3626358900706	75.68526840955296	207.4688594675003	561.6998191625481	3740.1515953077283	1316.3310063120268	6227.841691879325	6.755849936373917
?	95.15333237856734	-2023.2495547893836	72.46358673251363	-352.72383617960656	590.9806644275427	4194.670866799674	1507.2450014112276	6509.720427438119	6.637479920848285
?	-1	547.6403850616322	58.0490766005727	-149.6317910687102	771.433362502531	1616.999251816677	1641.8170276839317	5372.295347227892	-1
?	122.53535163164885	2523.797295258467	64.98199717907815	396.39402629557947	671.8306270183763	-4732.234911140725	1775.8597687726212	1040.2344290374858	2.3434077908005753
?	125.1898647629229	249.27076193544056	77.8687779153516	280.8811784000652	534.8216169454956	-1198.4061620201348	1693.8287491358058	-4155.407205252119	9.132736186226524
?	134.99888972842083	273.4876448116186	79.02605609908136	-14.051081787581886	611.9103189173698	1552.2587232421083	1568.089408510016	-3156.9472522735055	12.984948690588718
?	138.86424700350378	15.811556609914476	77.16622382597251	-392.20743573056734	612.4345531076008	-1679.2638633199626	1535.981386522131	2477.1770620789807	13.160009036888942
?	135.78946755891656	-2797.2849400700857	59.41568431255306	-432.20640739607717	527.9471257513719	2882.8346408982056	1691.9482616139646	5373.3880674618295	6.024562221442324
?	-1	-2735.789351178341	55.55590345616873	53.920696212515416	756.5762851525105	6734.347474459099	1804.6507898952216	5558.723912819234	-1
?	-1	0	62.11171912317882	123.94362634346423	864.6644994743257	-1.5072763869557146	1969.8844572549253	2123.7912447489803	-1
?	-1	2993.1074113758395	61.75308477334192	108.77331484855314	756.5009213331628	-6657.7754762447275	1910.8403521326702	-12951.156745893504	-1
?	148.65537056879145	3058.2452646803354	67.55038486560646	122.71932196028048	531.7757256620905	-5944.5357365593	1322.3266199602524	-23983.197346538513	4.703689229448379
?	151.91226323401622	125.19556304689546	67.88905087135592	-140.01868369336714	459.2741345051988	-931.2081531440548	711.6804848057489	-6285.097298809607	12.426893554875535
?	154.9151487211362	-3058.2452646803354	60.54945068093813	-277.2240213867694	485.21531800488793	8442.520422758236	1008.0717550197731	18825.591355471755	-1
?	-1	-3118.302974422735	54.0278498020175	-24.900526151774276	881.4001556431091	9963.140592530468	1652.9600525793333	12674.618386626164	-1
?	-1	2429.873331273126	59.30442437334942	301.55544734202573	983.3723476314095	-4285.027790672192	1641.802674351079	-7721.614438275328	-1
?	120.49366656365588	2438.690797387311	69.10562216911873	338.1768575474172	667.1487661095002	-8001.5735110479645	1266.8793306655682	-8198.518590811344	6.142245468022136
?	120.9345398693651	-13.016190877113491	76.21326725072022	-186.53794015609657	583.2936720790127	-1691.8446544143912	1231.8767448105134	4876.204589919747	15.723634394650565
?	119.8428570198002	-2438.690797387311	59.778725161313936	-486.347420957149	582.556533388781	2070.7537575768724	1510.6895601615547	6912.886626439924	9.814796720369248
?	-1	-2416.8571403960127	51.89589620286286	-132.30652676568047	686.831359957856	4744.886196813099	1577.5210761325084	2150.098785677013	-1
?	-1	2099.72794764894	53.16339882302994	287.1549118542264	819.800843229435	-1240.5273001434464	1618.194499445405	-3771.7229131109793	-1
?	103.98639738244661	2114.8435037275945	66.25364179557413	332.6863111849301	624.8049949506839	-3831.140367557607	1388.93493047696	-6304.986127491807	4.33505803162403
?	104.74217518637934	119.2905986247986	69.79771438227638	218.2592689049624	628.2438248515554	253.1579645370639	1302.9451930708158	-2729.984846442531	1.7302768457002247
?	109.95092731368652	1.8978272540385954	77.16660524082221	150.8270288007324	637.462893177537	-1734.6133635352583	1252.435688154834	532.0395235427278	6.645824638068509
?	104.83706654908127	-76.56449516371252	77.33906582231298	72.33999770286684	541.5131566747928	-1652.710244742831	1329.547169247952	4025.1088127178405	5.641136209468038
?	106.12270255550091	-6.572001077682069	80.78360512596554	-5.098797551853824	554.8273809403958	-1029.60628130424	1453.6911287907253	2706.8353009029856	12.868244593503231
?	104.50846649519717	-2142.454051110026	77.08412594472028	-445.060475479247	490.03284260958094	-1814.9367444716684	1464.8889342931009	-883.7091066283924	8.948543765018798
?	-1	53.16646066161061	58.53058135200327	-85.17587934551104	464.08054371681266	-1125.5146675836233	1409.5056734593059	4651.542481187242	-1
?	107.16678952827769	1989.9752395604814	72.82533197744475	19.227715931460448	433.7571092304	-1399.4132034714123	1697.4660583524621	5437.305460264707	5.12002485110226
?	98.49876197802372	-2163.3357905655616	59.491967148576286	-535.0795062603515	394.1098835432423	4375.20587319441	1681.3709464725403	-9472.30557735248	3.430708177812411
?	-1	127.02725843068538	46.07135666442726	78.45856284705135	652.5174028901197	4219.009853542117	1223.85077948484	-10504.13150214347	-1
?	104.85012489955797	2028.9239706148837	63.41489529092884	306.3547867765463	605.0603762203474	-1159.1084533729595	1156.1643713653687	3722.641836266875	-1
?	100.44619853074383	146.4626475743537	61.38909600325452	249.40082326852038	594.5619802214719	-2377.4341949665886	1409.982871298183	6459.105312103811	-1
?	112.17325727827563	77.65443855062073	75.88493645435482	239.64905025289596	486.1886664720184	-5.105011844721066	1479.119636970558	-2688.5283641811207	6.91495212642553
?	104.32892045827485	-2263.4651455655207	73.37154851589928	-462.19900239791366	594.3067296292359	-62.91739629431299	1275.5564530891274	-1293.516205232745	6.506122720844083
?	-1	-2106.5784091655046	52.774986334459214	-398.25604583174805	483.04279665730274	-4218.563791099606	1414.443826708921	2745.415228697803	-1
?	-1	2017.0287960378423	53.458746224311945	155.8428195240634	383.3785400742563	-1752.576961609273	1412.827214524017	1992.0451763108329	-1
?	99.85143980189176	1974.6819016625607	60.56712731066236	350.20223439513865	395.4139485768394	-156.8784881767857	1514.0460855244623	2336.3245029169675	6.425324758137095
?	97.73409508312768	-134.84136971778005	70.96885794406882	-170.0489316538223	375.53461566541705	-316.1199090896639	1529.643439669865	-172.04991041838247	11.451708020061696
?	93.10937131600278	-1974.6819016625607	52.06468072797127	-329.33648644038675	379.60795312235626	1401.0947378157964	1505.4435900035432	3001.014976668254	-1
?	-1	-1882.1874263200623	54.50203362204954	213.3378699380234	445.5893525562066	5019.6123407287205	1679.6941885032772	8097.749310102451	-1
?	-1	0	62.7315742248724	186.05450292636016	630.5885701587914	13161.255430795632	1910.3310555086643	5465.716014061255	-1
?	-1	9226.667395943181	63.80475876836751	-9.582126980019046	1103.652124095986	-806.2605302591788	1952.979989206339	1257.6793311666688	5.984221819036993
?	460.33336979715745	0	62.25246787587145	-373.27490422902093	590.2755436458326	-11661.619327172533	1973.2150220669976	-4699.171320581516	-1
?	-1	-9226.667395943181	45.14101355691653	-250.14163031086713	520.5711577373614	5068.12266898429	1718.021423177264	-1625.9016453171864	-1
?	-1	1987.056292974968	49.74538636032814	378.522876486769	843.6816770950462	-2346.259379909059	1891.9199398011385	-2528.2999672346887	-1
?	98.35281464874805	1886.7713951728276	64.06715738125492	185.86183483982347	403.2581887419089	-6506.832285266714	1591.60642481553	-6198.4876276046125	9.60046747908924
?	93.33856975864104	-1987.056292974968	59.03847810231928	-92.68861581943615	518.3400628317116	3265.7634807328886	1581.995558420909	2505.8926472875964	-3.598746700347619
?	-1	471.362449180369	59.432726590283124	-85.16359379376128	566.5463627785528	1696.6927708659607	1716.9010571799095	2122.3634121156133	-2.7970864430610565
?	116.90669221765941	2501.874254801693	54.78029841263123	407.018069679431	603.1747013750094	-3234.245020430162	1688.1137290266893	491.5237914679637	1.2387094633708844
?	124.0937127400842	368.0476682509307	79.7836300742546	425.92449589828556	404.8341117570452	-4139.606177438072	1741.4772467533076	3005.4464968015477	9.696630019658382
?	135.30907563020588	-2501.874254801693	76.07652320754544	-515.4670695046377	396.1943925031065	-131.1251829627024	1838.3860538667661	-1190.9822432539202	14.548971823572591
?	-1	-2726.1815126041274	54.01027659902281	-437.063931839764	398.2778526089101	3109.155939381661	1681.9281345906118	-3228.6581221394067	-1
?	-1	0	54.22332661555731	22.367666360269645	551.652189472189	6043.431563804452	1676.9531477597964	-725.0200493065339	-1
?	-1	0	55.12865991703629	7.022747382255144	700.4494307991316	5517.378681266307	1645.6771321252852	-720.6448269689353	-1
?	-1	0	54.57446398467007	-66.97906898927438	827.5211235355033	1337.8053542933574	1640.9209064113497	-1216.1652866515076	-1
?	-1	0	51.77970646757258	-111.98223368227897	767.3396985137993	1275.1820121350966	1584.86886779271	-1703.6644236121645	-1
?	-1	0	48.97535230055614	-366.1732866735184	891.2802241422579	461.5838907009873	1555.7376852307418	1474.5964724324	-1
?	-1	0	33.471042133896724	-326.2908328042234	790.4188930488485	-2054.3621439673034	1658.5986914143298	1049.73188210426	-1
?	-1	0	32.66081066034503	512.1621016041626	788.5621169438931	4443.0394265723335	1608.2242793359546	-676.1817563300225	-1
?	-1	3139.151533424916	59.07914721410476	835.8885097933696	1012.5708643774644	-6099.081573049649	1624.7896035978288	-11740.773525619385	-1
?	155.95757667124525	3359.1822021611893	74.45523615001336	366.5435243055654	483.60803829141173	-11530.965010728478	1021.1856030549875	-15392.353163152226	10.317205009620428
?	166.95911010805887	80.3616699504343	77.40632342938297	12.148330385688311	436.02261384104264	-967.8055821589396	855.1719454402203	-4499.660263642604	17.647334540359363
?	159.97566016876695	-622.3511096881696	75.06265266929778	-450.2001927176071	435.2177591834649	1053.521100038595	796.2025898728581	7723.926200411365	14.68873361846932
?	135.8415546236505	-3219.5132033753503	54.89631379350269	-350.2544035732921	488.6986688429722	4644.335266079128	1241.3682554607872	13920.431245877691	-1
?	-1	-208.0899805854334	57.54993249063323	568.4350159453916	667.4345224874205	4005.043484777314	1492.2241521667402	885.4324354811602	-0.5985631291631028
?	125.43705559437886	2536.4223987144037	83.31806459077217	38.4452121634176	688.9508430818372	-620.9681906643526	1285.639877234845	-4505.893379559146	4.769762218429863
?	125.82111993571974	-2528.741111887586	59.472193098804105	-647.7859664275437	636.386112954203	-517.932014086452	1266.9294831887837	-838.6264474238653	5.178408545112659
?	-1	244.31386457111475	50.9287662693951	-44.52401047456492	663.0542423775147	-79.97851130470991	1243.708554863652	-876.9031115892207	-1
?	138.03681316427543	2620.502079251841	57.24599257507587	486.4342617996516	632.3871873889675	-1542.8723581096015	1223.0843276093228	-8046.671902304339	7.258461061826511
?	130.0251039625916	-445.3385589390517	75.2504793593776	-30.55811937132557	585.9106244720349	2371.382609318318	841.3749597484364	-51.31174127322102	6.490305648924612
?	115.76988521732292	-2620.502079251841	55.718086606509594	-532.8852988122222	750.956317854883	337.5997847962879	1220.5187405456618	12034.365739847542	-1
?	-1	283.0933729856274	48.60621441876658	93.32056716135558	602.7906137118492	-2382.9190472684486	1443.0932467408113	8344.635537669039	-1
?	129.92455386660424	2476.5189653005436	60.38411496457736	505.9355313038966	631.810365491461	-3869.082792347089	1637.7505174291123	4304.607994105733	4.361573349774083
?	122.82594826502675	-258.9281013675242	73.90299098396132	188.7589851851308	409.3364740944955	-4738.015500827824	1658.3236464460972	1786.8273904077723	4.39623612871088
?	116.97814879822808	-240.57595107080232	69.82206422383386	-30.285551653807765	394.9095904500706	-246.14541463108228	1727.0918869495006	2454.7098130308855	13.418467756402311
?	110.79715071148668	-124.31305401589599	72.38871340127093	-142.06025856886777	397.0292033629414	-307.8269997398251	1781.059137097641	-4790.370870773467	14.331146734145317
?	110.7624960974333	50.39384224710478	62.7190512953905	-138.44890252803017	379.5182404630794	241.7720271304151	1487.573343410828	-9609.391707629227	9.91950589559124
?	113.31684282384191	101.24676150825657	65.46626827486945	199.50116532280404	409.11780471946213	1777.1255735504856	1300.5895517161814	-1275.601485170646	7.574687771869342
?	115.82483417284611	-3.9659936469311816	72.69410956153067	14.44880278067364	468.37451914060335	-133.5116539091887	1423.793269152296	5614.649253547706	11.272286433029711
?	113.11854314149535	8.112557667586799	66.18870841390313	-55.882070311031015	402.4422220240027	-1407.4337499136998	1581.3220143935657	4502.594485427069	8.430878272704439
?	116.23046205622545	-62.89863126374649	69.90000604597913	2.019248091964421	398.0028316449186	3613.2742025723965	1648.9229934236487	-5643.0155284888015	6.657424813665945
?	109.97361157830804	-2344.609241124517	66.28967081850135	-399.96023108028766	583.1059321526219	2596.3810118701804	1299.1712379691267	-7760.617967966209	2.2733162541579275
?	-1	-19.56447679625235	49.901994491964814	-56.395240790412714	527.8218822384272	3162.417873508732	1260.8920950253396	-3560.1497151566527	-1
?	108.99538773849542	2117.571344653048	63.469908778980724	563.8314486933238	741.2268258280579	972.6836414382603	1121.1637522112946	-4860.021118120661	2.87115126936994
?	104.87856723265203	-124.14809656769465	78.0935669266309	266.655120739433	576.45606431034	-2769.8903491736664	1017.8910391193074	5983.96636572167	7.790965789098455
?	102.78798291011071	-121.68911249202424	76.80266481595233	-195.56323852121363	602.7323083693751	-2729.644636173114	1420.362070497377	15542.78461924343	8.228572784600683
?	98.79411160805084	-2075.7596582022215	68.31540500057025	-481.3386033066955	439.9738325016848	-970.8136509470558	1795.0302700814761	3688.7409526720007	5.539040751207029
?	-1	-1995.882232161024	52.73573465061764	-446.7240734085567	554.1916258220225	3164.8172730863143	1604.7991181309765	-3396.5544987869393	-1
?	-1	0	45.979201330142494	-39.61569672410775	598.214696156	3974.424704999172	1625.2025451421298	1994.0444802837899	-1
?	-1	2984.600156063901	50.75494981441226	428.0128019943293	752.9128610719804	-4474.983962285678	1704.5013421451656	4497.449528868922	-1
?	148.23000780319452	3334.816353411208	67.37984142985889	368.849272833712	374.46549804171684	-7889.915008855858	1850.075021585575	3743.268338174284	9.89177501784549
?	165.7408176705598	690.8458161253756	69.19741345609779	45.19656864713129	358.41711062918887	202.16903232152575	1891.6647590538792	-895.4141281636371	12.244172392164577
?	182.77229860946318	-95.31346875951135	69.63966986221544	-202.89580280926742	384.5739496577931	952.6925348636507	1805.3043151773934	-6248.538528305566	13.262444187124519
?	160.97514423258426	-3675.4459721892767	59.052623315634456	-425.33697311399175	406.05173737237124	3404.1185623346287	1579.237832638602	-4709.960219651478	-1
?	-1	-3239.5028846516966	48.37282120651593	-258.0683299224484	554.7798777745239	4808.42282145819	1569.8063041948203	50.24168488724644	-1
?	-1	0	46.14920681951208	90.27022394714327	646.4728784452799	5077.744100898687	1581.7499168829643	340.700546372101	-1
?	-1	0	52.88633240387308	122.67939364909695	808.6670828194574	3190.3918184339705	1586.8413315134253	134.79911724436582	-1
?	-1	0	52.283176501966906	-85.5889644756944	805.9924693669778	964.5924359079766	1588.4898727451825	-1234.6843680898653	-1
?	-1	0	48.60688418008837	-235.40205071401357	856.896704614856	2395.599298384861	1525.1071131089323	-1559.7746524311433	-1
?	-1	0	40.51307396626627	-363.53936653341384	925.7724342862205	-2039.4225350403422	1510.5011401236256	1216.9481885268394	-1
?	-1	0	30.429915853417743	-130.8378844794257	754.9255778628393	-2247.976569105216	1585.954522535274	2239.318860498805	-1
?	-1	2662.917130464069	33.97117974229501	739.8685401685945	813.3736058309601	-3875.4756085085205	1622.4670831485655	-10517.059512234688	-1
?	132.14585652320298	2576.4201342993206	67.42334286184733	574.2192438593029	561.151797437414	-2825.829690177362	1060.1015469235415	-10978.370229041428	8.180363826244966
?	127.82100671496558	-2662.917130464069	62.68214193526005	-368.43861866647507	672.0821213220925	786.9885576394364	1073.548571696496	4623.105578626199	7.800871256314348
?	-1	-2576.4201342993206	49.001411928523645	75.257977137326	600.5012253193856	-1352.4330838123822	1291.2568258548506	8302.348416416091	-1
?	-1	0	66.44504079212634	377.88545007435295	604.4604671314736	-2265.6018780331365	1488.6659925172992	5577.806088282661	0.07732465217823803
?	-1	0	67.89568443224123	-134.33883205231373	487.2211314177292	1441.5786271103646	1570.1471302689827	3155.979103079569	2.7540876601762974
?	-1	2270.3512810515913	59.72809918951067	79.09933074094738	676.5393984869916	57.38691661288292	1646.464947671277	-896.4542173625418	-1
?	112.51756405257916	2153.857570631567	71.85065096928858	219.8818634600004	490.09047724837336	6227.649418193095	1525.3244194008557	4728.073741196034	6.816130602704121
?	106.69287853157796	-2270.3512810515913	70.72219236251065	-120.2349307589266	987.9218693966452	9986.702737242049	1882.868634731078	-1309.761336530587	4.648415832095171
?	-1	131.0691702015542	65.83890443134227	43.1662285819976	989.425614110474	-6570.155666594521	1459.8363525743266	-19432.66251464113	2.982666404219696
?	113.24633704165576	2054.6289642676506	72.88050379161057	-113.6311943288201	659.4140860669145	-9680.5421719839	911.2355089990076	-1959.0570344173416	10.18299886220575
?	101.73144821338398	-2284.926740833083	60.157344714901186	-353.60205250153183	505.39850551127216	1378.3754786063341	1361.8835008534581	17989.837987890285	3.938167971292451
?	-1	127.46944553225678	55.20040116653372	87.6989976260079	728.3328599972322	184.606639201323	1810.7274083935347	9967.925366605778	-1
?	108.10492048999691	1914.0274971819997	64.54229459620164	240.19481383093506	514.6288374713384	-7229.273858538331	1860.279769183754	-1677.6315096812675	6.804411883590394
?	94.70137485910135	-2182.098409799907	67.21014185808065	-433.25230665601646	366.8691670703105	-421.7704062635127	1726.8458329094701	-4442.196437257149	11.780019820665174
?	-1	-1914.0274971819997	42.87967926340051	-228.4018535109607	493.5403171581625	7324.910512435491	1638.1699473208935	-441.62089077593293	-1
?	-1	11327.72838751196	55.79004918253245	499.6358843530182	733.1146926920902	2752.7375317160936	1704.7647883706732	6058.840481368775	1.6300183017597039
?	565.386419375606	9981.266112536529	67.86147348105178	206.6368061672768	631.1771937439692	-4154.403296981939	1941.1119713893365	4938.5002983805525	7.887852421264021
?	498.0633056268335	-2972.8918135844206	66.12188949089644	-90.79500214692116	525.3945278429903	6226.872478987923	1951.6898032897043	-356.80469206211404	5.521098970229352
?	416.74182869638287	-9981.266112536529	63.32172337370565	-254.25641931633658	942.5208176933697	9517.639885561397	1923.2717367862306	-6511.180188427159	-1
?	-1	-8354.836573927538	53.40906852507943	-131.52957523870495	1001.2765221210669	-1586.8518602096608	1626.1307938683417	-10996.96738819512	-1
?	-1	2898.702572965059	56.74524461177031	385.40620946809105	863.1782246828856	-9635.9902721752	1373.4233673764668	-14554.873219010047	-1
?	143.93512864825502	2698.53753090976	72.67937899848425	69.66773137533124	519.4770085123	-7296.473410866643	898.387132917829	-1481.1351312411914	10.295196666275775
?	133.9268765454899	-2898.702572965059	60.22863118053692	-318.371229665496	498.35455413954827	1052.4246062445409	1299.3666108144062	15472.604453954964	11.547269468357877
?	-1	-2698.53753090976	56.760817515209226	28.90863771857356	572.0982388245278	4022.3795424005775	1672.0173556155883	12701.775815763278	-1
?	-1	2316.3982479438328	61.67406306646562	59.6715968024185	699.47353125958	-4811.110576695174	1934.455401602579	-353.854694905976	5.640860953705616
?	114.81991239719328	2041.5606183072714	59.74439735533019	41.104037887982074	331.5427099897657	-6990.8774364263645	1654.3246208702892	-4441.895650120565	-1
?	101.07803091536502	-279.624571901723	63.729264960864754	123.8021851912057	349.9296594382568	382.05601521272933	1712.3606190965477	703.9753855398194	-1
?	100.83868380210693	230.5729189642831	65.93450661489057	198.51893015918253	350.6455107504024	377.19429621077245	1689.5233901472807	313.38661132473146	12.275186011074764
?	112.60667686357934	323.476416513553	73.65521146882402	139.79945312601245	368.7893742487957	315.439131082851	1728.0299496627845	-363.9213411900294	13.617870478728387
?	117.0125046277848	-14.235540803248423	72.92447927119129	-62.11865202345561	366.4174673045452	832.2946303144336	1671.327323087779	-6261.348841560109	15.792161130801738
?	111.8948998234169	-376.7163229144314	70.5492788676512	-171.62444862093207	410.40410576451796	585.9546188291969	1414.9625075847746	-9206.50515686297	5.742133001981567
?	98.17668848206297	-2257.8979964683062	64.34325684014456	-307.19855608421415	395.71519824600546	2794.7300003306896	1211.002065244624	3792.6247635263694	9.328010320651615
?	-1	6069.343484784479	55.18935106344027	98.31678502458973	550.1406057810544	6624.061827626134	1604.5937457610958	12672.076984785883	-1
?	401.6438627212912	7502.407128876521	69.25909609137412	135.49643362130416	726.9182896273169	-2541.2153484443743	1844.605914483927	5057.4093705082405	2.7385317896855788
?	374.1203564438314	-8052.87725442571	61.964172744505575	-573.8509140989638	423.0798383588339	-4464.243955731343	1857.4642142865114	-2420.2574348684284	3.728206396964976
?	-1	-7502.407128876521	40.56655038642552	-240.68817703770748	503.7060918407466	4323.412707093893	1723.593042740504	-2087.885946403269	-1
?	-1	0	49.92976389262003	352.31542697627145	639.2504737135316	-1401.7348310363802	1753.0699169663465	3641.1221181292085	-1
?	-1	0	58.18232173523934	183.20360327294375	433.61935028892657	4796.85495410645	1905.649148646967	-415.1901365941817	-1
?	-1	0	59.08994405626735	11.125091652371834	879.0932214188575	10564.571943747018	1732.310410136637	-9369.263635078327	-1
?	-1	0	58.73857631785794	-26.235898844955354	961.847947476285	49.236986053974064	1437.185966893044	-2911.22921729157	-1
?	-1	2074.2301270768576	57.77814911401956	334.22100931895693	881.5550707215563	-9465.053733134746	1586.7489492720565	3748.644988728803	0.8518070503092469
?	102.71150635384436	1941.4156995780618	75.44962678380603	-17.29511374579648	488.5952608195409	-4714.93588872096	1624.6182163294868	1444.7803401903252	7.820724827156861
?	96.07078497890447	-2074.2301270768576	56.913393426729726	-583.0261203987948	645.8082762855049	1723.4209114886169	1658.9879662815738	1144.8899954429608	-1
?	-1	-1941.4156995780618	46.298320763865874	-92.74383380230783	574.766306393973	832.9960410701228	1681.8627161016357	-2329.003090514228	-1
?	-1	2255.0099588629005	52.27620173661427	509.68302328998436	687.4580783390117	1077.3407816085848	1542.5378117558607	-13938.364922384242	-1
?	111.75049794314663	2348.3476768000924	71.78247192836545	366.84002449049007	628.633345474403	-1169.1411816706607	984.9444699824137	-16557.56879673568	6.116126298513253
?	116.41738384000628	-28.281234042142838	70.61820296113903	-137.388282412353	629.0010192554778	-3024.485613827303	714.6593719190649	-2012.8367186403839	17.858020842545578
?	110.33643624103946	-2328.3476768000924	64.9130578077477	-1412.3640592227605	477.40906478303566	-12580.020385109377	884.3026340503931	-14293.187438381095	8.600990274131286
