rowLabel	avP	dP	avI	dI	f1	dF1	f2	dF2	h
?	242.24644948877213	4585.402500536564	66.74237597068354	1556.3099824746328	664.628774745208	11938.189664613128	2026.6935238092	31730.25189908097	0.3600205533957849
?	229.27012502682823	-51.23023480702784	77.81549912373164	187.95572232860877	596.9094832306564	358.6467154729394	1586.5125949540486	-15245.559944772416	9.293209175955987
?	239.68493774842074	-77.8925723520342	76.14016208711398	-88.7973804245058	682.561110518855	-4709.809338559801	1264.4155265705792	-5960.363976871829	19.862627624956936
?	225.3754964092265	-389.99942641048574	73.37563010250635	-330.2905259661177	361.41901630266625	-8477.093510375164	1288.494396110457	4517.887601935687	15.548172459320318
?	220.18496642789646	95.72378617907192	59.6256357888081	-445.109812740872	258.7064350000969	1796.1136857232411	1490.3099066673635	8591.569757176092	8.94087093832778
?	230.1616857181801	-4423.69932855793	51.120139465462756	-216.88952998011976	451.2247005888283	7421.778478583094	1718.0728839692615	5469.774128993978	-1
?	-1	-4623.233714363603	48.78115928980211	-112.08115977731185	629.7953589292515	5486.031903160601	1763.7986131170624	503.2009449699764	-1
?	-1	0	45.516081476597165	-134.57599124424934	725.5262957468583	-1349.8547957210487	1743.2329312177603	-1723.5853687090826	-1
?	-1	2099.182077193536	42.052359727589646	267.53331362089136	562.3026191431991	-9489.132966852116	1677.6193446816083	-6087.236345171424	-1
?	103.95910385967677	1947.97767164742	58.89274715764173	385.8091676492111	251.06964740425258	-7416.877388628012	1438.8711139591892	-9593.582695097673	9.208842489508536
?	96.39888358237099	71.29139756970142	61.342818110050196	73.046375605906	191.45874971179856	5677.08017785156	1197.9402099267247	10348.28247903728	14.54783838148773
?	107.52367373816185	1075.347944987117	62.54506593793703	324.29892831886986	534.9236562968308	3482.989554060295	1956.2852379110536	16753.46347093687	4.316161512385103
?	150.16628083172688	451.0946602685114	77.5577645259937	186.22657561828473	365.6082274148135	-5408.482216987824	2035.613383473569	1021.5980918190908	10.639367603656803
?	130.07840675158744	-240.34956121030325	71.85639471885128	-402.6404902084604	264.49954544743935	-3250.6123611741464	2007.3651425020082	-12196.250007378807	7.70136802253499
?	138.1488027712117	-555.5378139812817	57.42574001557067	-334.7178901109309	203.07760935610602	7795.300900241978	1425.8008831046282	-16054.65663803577	-1
?	102.30151605252333	-717.0148932100613	55.120500213304716	262.60600484960185	654.2645904595386	1387.6606345007308	1204.632310600219	-2415.667503784641	2.9551970960328355
?	102.29805811070861	-30.567437651109486	70.55604025805077	26.30569736149153	272.4606410811426	-8311.079580592137	1305.017507915396	2603.3420124448708	9.99569169803534
?	100.77314416996785	-2065.96116221417	56.435785081379294	-600.7038133292017	238.71061142993133	2214.3289458039117	1334.7994112224626	1839.4274690514824	0.05961322836540653
?	-1	1553.112136450724	40.52084959159066	46.511582589315836	383.1770883713383	5816.897991430198	1396.9888813679702	8085.118790473081	-1
?	178.42875099250412	4209.124742434826	58.76136421084509	760.8680980306555	529.5555110014415	405.043165459204	1739.055350746117	9790.991859729924	-0.685420587612111
?	209.45623712174103	1458.9875627947501	78.56425449312339	352.1709359658615	403.4292466442985	-2797.29639182744	1886.5384743544657	-5142.237457924689	11.15739825631947
?	251.3781291322417	1291.008076115944	76.36991100913818	-48.02872014628487	389.69069141006935	-1924.1823101244022	1481.9434778498824	5415.243532351642	15.683887653944225
?	274.0066409275383	-228.24852227990883	76.16281848580914	-31.75917919791513	307.2201311380783	-1451.8791165888385	2157.300650972048	5224.344568513152	18.978366355785553
?	239.96570301824624	-2286.2796082642176	74.78195204924242	-218.7465659374454	317.09673558062735	-1926.6956107510816	1743.1607062755402	-9122.714174073759	17.05289815941169
?	159.69266051432732	-2449.596768778405	65.22549018893686	-505.92562527358336	210.8853506005241	-1500.943134251417	1701.1649422683597	-6611.959028974692	10.085626201319926
?	117.48586457932589	-3213.8532102865433	49.48567078556323	-462.24863677766166	242.04957886805644	3443.6336158451445	1412.5627548268053	-697.508997629115	-1
?	-1	-2369.717291586516	42.113058350053755	-179.6151144913547	383.0670313927815	5184.643043167271	1666.289492386904	3936.1594118318008	-1
?	-1	0	40.504915060995486	1.9150940712147229	501.28173102642023	7525.419273754051	1609.3707254183955	469.9924492451915	-1
?	-1	0	42.20881305361449	122.36214166419504	759.3379950804844	9125.719133922848	1689.7891148491635	5032.682459921116	-1
?	-1	0	46.623022144205244	107.3802550485171	957.567687722563	328.60989730446335	1861.0048484144515	2843.8138665641072	-1
?	-1	0	47.57782580604035	-82.19276798595807	775.7684899457075	-3600.722280029585	1831.979808177369	1161.990272718807	-1
?	-1	2935.1794394253707	42.51338374490734	-14.319260771536607	777.5315737210837	-4176.673459850582	1919.104362050392	-3129.699060420746	-1
?	145.75897197126866	2917.658250914316	46.86186276746352	703.9000248224281	566.9348169531783	-7121.089182584353	1675.4948551563316	2003.8539130783174	17.5935504892091
?	144.88291254571593	-278.7634978522349	77.70838498602878	487.78011227813136	421.4771145918657	-5288.733806741136	2019.297057704308	-9248.525847778328	10.777566801787305
?	131.8207970786569	-834.299285405532	71.25086838137011	-295.3216708486791	302.4981266161212	-3332.975025745507	1213.0685627674147	-6392.952766693651	8.899993944322585
?	103.16794827543929	-421.7967198922635	62.94230144359481	27.012762087836652	254.8283633045902	1515.6998203368412	1699.649419369625	6269.376542522104	5.989568191529671
?	110.73096108404371	-105.38520690170988	72.60150648576195	163.50669657194715	378.28311763296335	4354.518274243644	1526.5373898935202	-10173.014101552031	7.76234406656761
?	97.89868793035379	-259.9165149248305	71.11763627219217	-215.76394348167776	472.5542770167726	5317.459722954404	1190.9987142920231	-4705.301968829353	6.965712037021748
?	97.73513533780218	849.1708485200329	61.81330931167805	47.79387501019808	644.1561037806838	588.9245542684506	1291.2722914520523	9900.951609362455	4.003058721415302
?	140.35723035635547	925.6988384242463	73.50733002270208	233.1642806433062	502.00050473019513	-4004.05393666915	1686.0462947601463	10968.78376304928	3.140361590966597
?	144.02007725901433	-2827.1446071271193	73.47152334384332	-146.79830227681487	443.953406947227	8093.42929524274	1839.7114796045144	-848.3054419307595	9.071757305625106
?	-1	-239.84684500619124	66.16741490886136	-278.0190533061049	906.6719694923307	6830.469264702117	1643.6310226636085	2745.5124137447415	-2.768670111121745
?	132.0277350087048	0	59.57057067853812	-342.638412539687	785.4768701823316	-9191.972267627729	1976.987100291751	392.7112899767067	-3.6441029481622755
?	-1	-156.66088688006994	49.03549428187707	321.25019230001413	447.07335611094595	-8305.727051234964	1663.2665871624438	-3184.471653573239	-1
?	124.19469066470134	2300.3739059998024	75.63308029353877	242.71206791765934	370.19051762058484	-3822.145182825601	1817.7635176130896	-1992.779621456273	4.474741290398387
?	114.01869529998972	-21.20619097240628	61.171097677759995	-570.60728533516	255.96609696966658	-1430.456425664767	1563.6276060896305	-7564.53375826869	4.125539821919055
?	123.13438111608103	4033.1112523434326	47.10271602678087	-160.657280525443	298.66769633734674	7561.068811832086	1439.5368296996564	4514.46937736431	-1
?	315.6742579171606	3107.107120229445	53.13823365148787	624.065526242534	634.0195375612695	1680.420306481068	1789.3510749578452	7715.163776476184	-1
?	278.48973712755276	-990.6974021523628	78.30599233890746	511.86387677507065	382.68871166139985	-5447.087349232142	1825.2950185234643	-4536.5964015405125	11.814543314298048
?	266.13938780954265	-1205.6382825378896	78.73142749024132	18.32617855727114	361.66517009966344	-2330.539023338543	1562.5212548808204	-4704.1805016433755	20.573542530174883
?	218.2078230006585	-2324.7825429594977	79.22230126677101	-40.35278787229046	266.1617604944731	770.81570761269	1590.0859934412963	-1189.034137195267	13.008251505383845
?	149.90026066156818	-1864.2705255329645	76.7137880966268	-242.8434241389104	400.2059554802978	-178.7408033757726	1503.0695480210572	-4441.060567304859	5.553912799198414
?	124.9942967240106	-411.3053771963664	67.08013005982554	-509.12716608063374	257.22472032568453	-2450.390012857012	1368.032965076054	-299.15088048725573	6.5995006013051745
?	129.33499180174994	878.0284521662742	51.257429792595204	25.551475375186023	277.6864548374476	5731.776162089659	1488.1120039966945	1168.702759608836	-1
?	168.89571933232415	379.27009524952916	68.35770382858483	410.37216367705673	543.8135284301665	9227.742844579881	1426.4681030564957	-6176.853027490496	0.970756068001552
?	148.29849656422633	-845.3392021038222	71.77603797644797	-203.77620922570287	739.07359706644	2038.85810005829	1179.2693526221708	-854.3060315523356	4.111661730771579
?	126.62875922713319	-779.3568198485857	58.168893367299724	-168.1913913619711	645.7564334330806	-6163.275750415172	1383.752801478879	3407.4068443641895	-1
?	109.33065557179718	-467.17029418871243	63.36646840834944	226.136898327379	430.9098095456825	-6185.953136440215	1349.6396948403797	1274.2886938345646	8.690351220359
?	103.27024451769765	-104.25590667169283	69.47573828366863	124.60313686009017	336.45877661107096	-2203.9942902592393	1447.467236170607	9.138318176314929	8.616126571344273
?	104.11786023821256	901.122392214692	69.59662525135393	73.62236046074966	320.7100950327209	-1561.8687004579292	1350.0966107491954	-6506.718980496003	9.260634780634222
?	148.3263641284321	2603.304940410927	73.1568563067061	170.48261666069325	258.3653415881748	1581.522478403732	1122.131287145808	-7175.5608341322895	8.130402755725296
?	234.28310725875843	2900.3309111115223	78.12075608438856	14.637667429206028	399.78621895290723	3372.990110181918	991.3185690425822	-4497.895605214715	11.190362706368447
?	293.3429096840077	809.4776918811493	73.8887396781664	-232.6111592613523	427.0148470972701	-1479.9220628090218	897.2365068850731	-2888.796591881377	15.940223374973465
?	274.75699185281576	-997.2280021051536	66.49019812132099	-525.7859598306613	325.7901158124564	1846.008875164208	846.8787394485139	7241.661827887299	17.683242553342126
?	243.48150957875018	-5515.139837056335	47.599441686633426	-486.62701190842654	519.3152908554802	6754.505703604719	1259.3195982794368	11863.138054015082	-1
?	-1	-4889.630191575021	42.158847525899745	-59.4791431278545	663.5154009926912	-986.3724015517745	1440.0356421492659	7269.823972009747	-1
?	-1	2397.674958397789	44.62548453024071	580.19955730564	469.9966707778916	-5647.686801054507	1622.810796879923	3204.778722249996	-1
?	118.88374791988903	2860.5453293862274	71.16882539118164	654.8647307517376	381.13106093996686	3975.977396415929	1600.274578261765	-3408.8713444652863	6.248147550249555
?	142.02726646931086	352.70356499250977	77.36872106782748	7.903828787154367	668.7955405986874	5221.827040287646	1452.3672296566592	-6639.701202654406	7.513270265474804
?	136.51892616951446	-120.23475410274031	71.56401683053936	-227.53431026230908	642.2224129543482	-1282.4968477829998	1268.289518129046	-913.3585132018458	7.075531613475124
?	136.01552876417387	964.5418901015017	65.99200555471207	104.64593643719135	604.6706982095376	-3778.422129391638	1406.699303996567	-5332.967318626976	4.595477401061919
?	184.74602067458937	650.5167533930029	76.79631365239891	-6.210525077690954	453.301306484767	-6044.459081906297	1001.6411521976981	-8718.788498970076	11.293637254215543
?	168.5413664338239	-3714.920413491801	65.68147930082752	-454.22041235099147	302.44774411422384	992.704381028516	970.7598790480648	5849.333811114323	9.785283891251526
?	-1	-222.49230328506735	54.085293034849414	-8.955951483044121	502.9365255361926	5037.658693498383	1294.1078427534133	9636.893896870033	-1
?	157.41675126957057	2836.187960528456	65.23368172667531	394.6564023097005	554.3306787891421	-2422.2298598873663	1452.6045738915648	5464.461318567647	5.536236972011302
?	140.80939802642231	-564.1363215272626	73.81811315033437	116.64570978490714	381.8250325418247	-1914.9896876367802	1567.3309086817947	431.789453224748	8.717794406227878
?	129.20993519320754	-256.0167863208918	71.06596721592065	73.63705506259319	458.5811944073034	1134.7352338307662	1474.194046552802	-8535.589187179783	8.020646501466388
?	128.00855871037777	-71.73269385240698	77.49996590346402	-132.4515072536436	438.56179423336283	3496.946833510784	1140.551449322807	1672.1857483319823	14.9115492951823
?	125.6233005005872	-119.74625772246512	64.4433918532385	-158.63907883515424	633.428536082842	2138.775066879752	1557.803333969401	9906.350837663807	7.162816382068469
?	122.02124582425454	-329.2719277532425	69.56801196170633	212.91539980821958	545.5005475773501	-3543.533457883377	1635.8689912059956	2999.242624400796	0.3841798820327625
?	109.15970411292514	-295.7170184838337	75.08916184364944	-70.22989344184478	456.2518631886738	9014.680049521112	1707.7654651894402	8947.59760003988	7.489243809664869
?	107.2353949000629	-2203.1940822585107	66.0565172896141	-205.1529819373015	996.2345500534041	7573.173237727572	2083.248871207988	4315.392361016631	4.460808410699986
?	-1	332.1188619240298	64.8315127467844	220.39940722690937	834.910525075051	-11493.622868638862	1923.535083240271	-18403.684392123065	5.728544352496608
?	123.84133799626433	2118.3948717410017	77.07648765095954	234.4781012838953	421.5534066214629	-10328.593788053	1163.064651601838	-18675.509799948228	5.388491055726629
?	104.91974358704971	-377.33331844654765	76.55541781097912	-24.079633770203742	318.4808356724029	-1897.0922347671444	989.7595932428628	2845.030792885983	12.557033101604171
?	104.97467207393701	-107.26604750232109	75.87250596244935	-8.019087753936873	326.698794883106	3843.598012616492	1305.3161912461367	13269.450348054312	14.6154076081833
?	99.55644121193367	-321.9701712869721	76.15446342328228	-222.10559103876642	510.6607363032268	3463.801784661858	1653.232110645576	9408.808077387614	7.420967216410952
?	88.87616350958847	-2011.1288242386806	64.76722641051107	-370.9892485565462	499.8888841161983	8712.946157084807	1775.7565951155157	4914.298430379512	7.0597499476871395
?	-1	318.105833392309	57.605000995455036	-31.035570806058214	946.3080441574656	4833.894398706173	1898.9470321645508	1624.1843230896768	-1
?	104.78145517920386	2108.77134674732	63.215447870208166	309.8593668346875	741.5836040515061	-12520.163011733282	1856.9658112699992	-7903.961975962708	3.7884795040460375
?	104.43856733736563	1228.9823653186234	73.09796933718936	288.06761028179824	320.29989357080365	-6631.108849748543	1503.7489333664168	-11984.571800891295	7.79298668892357
?	166.2305734451348	2603.0207599263954	77.61882838429803	81.27815695539312	410.0281615640801	6795.972351762311	1257.7372212254365	-2120.4910057398215	6.631753518864033
?	234.58960533368491	2237.752915572774	77.161877184959	-32.68149167355273	660.098511158918	3265.8424360978656	1397.7243830794262	-1622.3244899216445	11.192216098092219
?	278.1182192237731	815.1042578282983	75.9847538006204	-97.03804638743611	573.3202833689728	-4411.31555231636	1176.6209967293546	-5958.775002767814	15.68256452369721
?	275.3448182250997	-870.6190707833499	72.30997486558721	-267.5229153557025	439.5327335431008	-6337.246871596603	1099.7856329410365	4334.18021787965	17.057333319032118
?	234.58726568460577	4449.139711914579	62.60860803283532	-222.60307322419743	256.4579397891438	476.8484494737419	1393.3300076233363	12931.609706832556	8.657435630374014
?	497.80180382082784	5058.6992982326055	61.179821204377376	-106.99393149738565	463.3751560167878	10676.314014518004	1746.366118282662	8187.575007549992	11.751054480920846
?	487.52223059623515	-9976.036076416593	57.25891145796606	-171.523313028481	790.2736405150421	4420.448891050818	1802.7087580008345	1607.793158844994	-1
?	-1	-9770.444611924737	52.603655552953356	-178.31552450960038	684.3976005693279	-3429.8494618300524	1826.7557762249114	805.7266757270219	-1
?	-1	0	48.34313523248607	-175.2948339352057	618.7811674235401	-4321.5027055328355	1842.9950917871854	606.8975008726806	-1
?	-1	0	43.8389138561931	-132.05359153165907	468.3224652926869	-4588.792237440323	1857.1006512685453	-4548.5963327933205	-1
?	-1	0	41.74045565590314	-5.82325688458939	389.3415555515247	4533.604347072468	1615.5652751475202	-926.7416351314192	-1
?	-1	0	43.54775101196363	414.07208427876276	695.0026826463095	10428.040216900068	1810.7635695119745	7383.3764114371015	-1
?	-1	3959.4395031801064	62.444059869841205	646.7225817811805	910.7435663965263	-7433.260532331518	1984.734095719374	4272.719062179619	1.613095221120026
?	196.97197515900461	3799.950857074032	75.88388010102254	311.82117246411207	323.3396560297349	-12794.644243844305	2024.3995226209547	2411.6764232101236	9.013859274929695
?	188.9975428537009	-584.7571472854734	78.03511849304675	27.187737159491217	271.0113542043133	-980.9836224044649	2105.3179168798797	2045.3730693778498	18.453524009972558
?	167.73411779473105	-1054.7813427282167	77.2432669589971	-94.6406839945235	274.29047490951183	-176.98161507960157	2126.668176089847	709.143929381137	13.432159936685082
?	136.25847571729025	-1029.035835191534	73.3030842933206	-103.26978538206001	262.16227345033326	-566.0092952865725	2140.7751133489364	1666.753708513094	11.42917017059786
?	116.28232603515453	-1052.384713104519	72.07977768989412	-265.0271668598843	245.9900101451833	-442.20060258538	2210.0058615155012	-3194.4224752935384	12.167469173992588
?	83.63924006206449	-748.6735223733525	60.05172595032643	-452.2847929043134	240.05224332106434	158.96992822992104	1981.05398958426	-9413.779707483815	3.0785506613151976
?	78.84864991648703	-1692.7848012412958	49.465538044678524	-327.0482686858435	253.93850655667933	1179.9883402362452	1739.3168761413122	-8187.234069492794	-1
?	-1	1311.8755102155046	43.69931251603431	394.58825944047476	299.0516603328764	3837.639056546908	1571.6922861096218	5427.296669364192	-1
?	144.44242542726204	2694.156206403432	69.19495101670219	642.8116025030971	445.82045938402405	1304.3604878438612	2010.6817096095208	6737.244296454984	6.081480688044543
?	133.70781032017112	-502.3201478195589	75.83989264118905	103.63876852480993	364.2696847250692	-1577.149394756343	1908.5545009323698	-5466.569119604511	11.932608712703935
?	119.32641803628418	-505.8096438670681	74.37688944294267	17.96550860621216	366.9629896462072	4920.665871610336	1737.3532536292962	-10260.362548414292	10.14786728341829
?	108.41732812681781	-372.65322243606636	76.73816807149966	-20.700321532655227	610.3029783055852	1730.3989830420544	1395.536373511657	-6075.922637058051	7.828662105732344
?	100.69375691448093	155.45620937304219	73.34187336630991	-75.83960068768703	453.4829387983096	-6748.256223379216	1433.5571217763948	9173.164737248513	9.44950817504107
?	116.19013859546989	2013.3612267345038	72.94618803711532	99.13209271552837	272.89016713662556	-1883.8115883481962	1854.194610374081	8845.126845957984	11.247438398692818
?	201.36181825120576	1984.5968863748442	78.29847800208631	99.26954982382632	359.2923593809001	273.4519122475386	1875.8134640742924	-921.6630962171608	10.044524847255854
?	215.41998291421174	-156.4258420764645	77.90966552830662	-193.35524195676254	286.56276274900245	13086.90761032493	1808.1114555632232	9944.250794967336	16.272496739917575
?	193.54052614738256	-93.88131963705608	68.63071590424822	-147.2976781175364	1013.6377398971442	1249.0073165838555	2373.0260038226575	6934.794651375425	6.822502258715657
?	210.72591693235896	-105.79158978872024	70.54478162242982	-70.7508733307844	349.013128578195	-15957.290684084974	2154.8511881319932	-13953.865863876745	9.274957117382703
?	188.25094665794657	-4234.5183386471945	65.09317223770901	-476.2277508643146	215.7732056928984	1572.7916011920877	1675.3327106288227	-12437.841944052841	16.150228116833045
?	-1	-3785.018933158945	46.73339407921418	-209.7944459999103	427.6527086377991	14437.547384750504	1532.9590909293534	432.0600055416041	-1
?	-1	3757.948475298741	54.603449937713535	548.947699813067	937.650574930421	-2229.398847553007	1696.9357109059029	-3105.031959064124	-1
?	186.89742376493638	3405.151808821924	74.18077906986743	477.0317326352213	316.18276626014915	-13516.428428620668	1377.7074929761477	-15634.062596456632	14.589800381685412
?	169.2575904410956	-735.9791646494754	78.45503656947452	22.74485168066556	261.8291534993901	-686.1484068834342	915.232581083074	8180.362196907733	19.03353765945873
?	150.09846553246274	-775.7503087392154	75.3180216539007	-138.17277280129863	281.87534591597756	-34.263948943352155	1786.725602821533	21690.0602713543	16.34521473902018
?	130.47007500413497	-356.4819812447514	71.54639792940961	-348.6418128266028	260.1159560522225	-1897.8934769749117	1999.7355946507853	-5913.503131871251	13.656891200429317
?	132.27436647022523	-2629.401500082709	57.88593101257062	-498.89570896691316	186.98067206723232	-1265.9908810905335	1491.0504462279714	-10838.084236989955	13.769738595661892
?	-1	999.7461977328733	46.60161248106404	70.87518795314222	196.81641199769604	7735.637938186786	1457.8313828012895	8830.362855115372	-1
?	182.26167635686872	3748.701857181487	61.42969041022772	624.6582597426586	573.7625689765703	3704.767137295458	1932.5685889837384	8741.952427995202	4.529739232487493
?	186.43509285907368	1185.170156168144	77.83452546819686	289.29763565665627	382.0547688624683	-2712.0374429295093	1894.929004201048	-2418.1572001602576	10.882048377880263
?	241.5201841652757	1823.6435722895756	75.89457219306048	-139.99188065872963	438.1606968300953	-197.48496152330816	1811.660728975726	-5120.250733958678	11.399954342936462
?	277.61727147355214	326.94965454508804	70.8349314352604	-454.9024580026411	372.1805207863029	-1330.7415928491505	1638.916467503115	-11372.19521254588	15.308793777262006
?	257.86766689253005	-5572.345429471063	53.14944929292851	-481.20759578191866	371.623617187638	5971.148637030121	1243.050968348434	1752.708835813252	11.999458270258799
?	-1	-5177.353337850619	46.774551646164554	-123.74638084308346	670.7379526378079	10372.628065321474	1726.5519092937773	9598.633168713039	-1
?	-1	0	46.96213025077436	-21.476191897692377	890.2550204537098	1637.5659944761142	1722.9826267840842	894.9086553861512	-1
?	-1	0	45.70074205127994	-58.24526663817358	752.6162523616133	-2120.9534414897175	1771.2973420630847	1643.7503140641606	-1
?	-1	0	44.04986691886569	-52.158444179827555	784.2073483792243	1549.907267434381	1805.170142487292	398.74346466484127	-1
?	-1	0	43.09281984228857	130.0625091118542	830.1116157333321	-3853.61340130293	1791.2345152963267	-5529.579969759163	-1
?	-1	3493.118228331434	50.55299237445838	678.6376449158498	591.5266783140785	-9523.153051422403	1528.6911439993348	-19451.56187324687	-1
?	173.65591141657106	3019.2053975229314	77.02470208808094	325.38306563892735	353.95396316221365	-3391.1013011045447	818.6564216339867	-14499.129185148737	7.9439859837713716
?	149.96026987614604	-1028.0620103112985	66.82214565640469	-389.7006324881314	421.97161325885185	2086.0849174683317	803.7346847419005	7311.620230375107	8.70371021664897
?	122.25281090100631	-703.6296470503938	57.53967046367444	-105.93724275484172	458.2582090356299	-226.97252039744933	1184.2374331527408	4904.756463159751	-1
?	114.77878752362648	77.71418736081442	61.52528351866262	351.3948453144182	410.6229872389794	-242.66870820233947	1048.9725078998872	-4157.941900125521	-3.2248742849402765
?	126.13852026904702	85.39969161869864	75.10941272939529	320.74788944616074	446.12477362551294	1821.7174135667478	976.3403381464655	2422.9388174619676	11.891791725987819
?	119.0487721045614	-482.683923485979	77.5626779909706	-53.165406034693966	501.7088579173165	563.4910425261965	1170.1194487729852	7237.907086651342	11.676516904383154
?	102.00432409474816	-263.7457264230472	72.4511424276606	-290.8960620527919	474.29932575182266	-2485.5499502746575	1338.2356924790313	5737.649754813858	8.921506066268071
?	105.86148578340908	186.55223810617437	63.01787488833106	-298.83530967007766	377.43136040358405	771.9376396125647	1457.001936513677	5740.878047162798	4.548738573085473
?	111.33193600005684	-2137.2297156681893	57.50937694415677	-150.5432333244114	512.8962077324508	9966.135704966644	1625.2795948371702	4278.614549732899	-1
?	-1	-2246.638720001145	55.490713222110514	-18.652035651112367	875.7381456519145	8819.108304936159	1670.9326640003212	3048.659770665383	-1
?	-1	5306.169508086284	56.576775161601155	221.02724099423875	953.8516229792572	-2374.372484416867	1777.7125833704388	1844.4744456006194	-1
?	264.30847540431324	5427.022436771282	66.54207527182241	435.86852955126375	757.0195214310716	-8070.73459203317	1763.1563862803519	-9445.100420774326	2.6246449276318824
?	270.35112183856313	151.38739015915402	78.37020163916426	157.87870857958495	550.3148933776001	-6038.937849404969	1305.4575623317241	-12300.146057676164	16.699819498464166
?	271.8778449122709	-254.21638761647478	74.43601070080163	-17.261470451275105	455.0726289608242	-4007.623993281197	1148.1490833965458	-3371.3452837424147	12.492716860879737
?	257.64030245773944	-630.0521154729154	77.50712811660051	56.78267065281565	349.933693713541	4364.262092743799	1136.890298144604	4990.138061320444	20.24525988681329
?	240.37523913862526	-574.9868901859279	77.2751442334424	-56.78823924884304	673.2857335980134	2675.5720028662804	1397.6559864625672	-1512.263826145805	16.303674967857074
?	228.89095794844314	-436.5526826047782	74.66771615415837	-23.160687802876023	483.71229385685456	-5676.6789390622225	1061.277106837314	-4397.21489292737	19.28068344572643
?	218.54760500838643	-598.5694943928654	76.1171098432986	-2.64893422005458	389.4517866449033	-2408.9178412505457	1177.7952418161995	-5025.187335589773	18.31389748690658
?	198.96248322879998	-396.81479501119617	74.53526944315564	-0.6167683037384021	363.2664017943277	983.5596113739163	810.0177400578262	-6305.559864992602	18.388014026528065
?	198.70686525782634	149.57854636415462	76.08627142811169	32.21543858129348	438.6297672135998	5202.019490723989	862.5172485665648	5520.688882662476	16.18366931971092
?	206.44141054700782	178.9816673802412	76.14604137222034	-44.9923522743827	623.3673763305309	3731.4621709758767	1086.052184190954	6104.157172104569	18.80338499463513
?	207.65594862683852	61.528815199632994	73.83665381439252	-199.08525303606297	625.2028757623963	-4265.05232325275	1167.7251071717976	-343.68771428662933	18.786437919568293
?	209.5178513069895	-4173.118972536711	66.19177872041705	-577.2182966044147	410.1147601678903	1377.7115122185078	1068.8677984766223	6572.984290547785	16.409681323865072
?	-1	-4210.357026139731	44.97573898417137	-412.5252747703332	694.0884513733226	6418.609345112198	1496.3743216991916	12464.956693637883	-1
?	-1	0	45.565514981900094	-17.502877550772986	731.0452274235048	764.9039490976456	1692.1156331585253	6611.988268899733	-1
?	-1	0	44.10059510663271	-119.39319800238324	732.3336488282055	395.0379284968347	1826.973735144183	4306.524419045566	-1
?	-1	0	39.59585508178085	-160.80419280285213	750.7971238483468	-3707.383262094458	1907.4418541108066	-4954.109166026777	-1
?	-1	0	36.06038546648999	44.999009122566136	546.9644857234799	-3699.274680489943	1579.2682768428406	-5865.463503641661	-1
?	-1	3082.286327067015	41.845805537909186	782.1722098407931	565.833389823847	-3232.80039728266	1614.1686789287194	10861.236486421982	-1
?	153.11431635335293	2847.912059797489	75.1689959585302	536.0101963332082	385.3244658593446	-5743.760542528492	2122.3301011639473	-2278.705464688305	8.325878117263994
?	141.39560298987647	-282.8094812089909	68.64631535456998	-444.46458408908535	278.64536269741836	-3047.465920520822	1500.2334056943025	-14961.672104994579	12.048450305702401
?	138.97384229290319	563.6030686680653	52.94576675407562	-67.273687596382	232.95116983330138	3874.412664870776	1374.2464959142078	-7229.094598977728	-1
?	169.57575642328013	226.0122973806684	65.28263097475083	444.5956481076612	472.3659959409599	3271.532437840314	1138.778675745411	-11587.817528247708	6.173453804026871
?	150.27445716193677	-812.4119882828959	75.175549159459	1.9102993788001483	396.5277917253194	-2407.365136573344	794.8556195018142	-3810.0164300558486	12.728373552860173
?	128.95515700913475	-549.6887922405621	65.37814594369084	-260.28285572363427	351.997739112291	-3665.0680596998277	948.2778542426158	10868.892387231925	10.129401395457801
?	122.79001754990827	163.80752232367223	62.161406373277096	-74.41229662808163	213.2743887403254	5447.289659432331	1338.3002388634181	15883.981442352066	12.141586541060093
?	137.14553312531848	861.1468591169423	61.657531112286705	315.4557309246496	624.3622220839114	5086.455211266922	1742.4769263602304	-7335.443789429396	2.916966235153396
?	165.847360505756	635.1875515534773	77.9341929195098	302.35033478974054	467.5971493036751	-4927.608518358542	971.5280493919431	-21107.39418722561	12.695658568280706
?	168.9049107029928	-284.35842352437754	76.77504785177395	-147.48148617904252	377.9817961659808	-2629.339494375299	687.1072169989351	-3205.9856927370174	18.81036910434733
?	151.62943932953692	-463.96294580518395	70.56011861055757	-412.7389275098951	336.1301745849083	-671.0348034987926	811.22876475509	10192.265532685318	12.09374839982139
?	145.70676341273327	-3052.5887865906952	56.1381014762789	-470.71697597889994	344.4300559910407	2048.6262258308016	1196.7204936332082	16243.824572626692	-1
?	-1	-8.949754710113083	47.024269811612236	354.2836179948059	438.5614858764498	2146.9868553115202	1623.419993386436	6677.405564147162	-1
?	145.2592756772276	2693.041557312291	73.85228237601945	538.712192127678	451.77939875661826	0.2278715922056985	1530.590771840571	-2679.6681746411496	5.944325959891511
?	133.65207786561646	-292.3999241134679	73.95987941799652	-214.72263073648003	438.5728794560601	-4090.6169788853945	1489.4365846543767	-1082.3450832063763	10.510327405296797
?	130.639279471554	-2.680497784629627	63.11615083919529	-451.4222554350989	247.24854981234563	472.1314500358086	1476.4735176802515	1921.0309601539211	10.562495625213169
?	133.51805297638498	-2632.785589431043	51.38876664624125	-301.97667871857163	462.17945195785086	10139.330126295104	1585.4881326620741	3228.3603929100623	-1
?	-1	-2690.3610595276614	48.0173169032665	-217.13861941686875	754.215056127108	4371.154999920263	1637.8915373257569	-1297.4283968238249	-1
?	-1	0	40.53183567539766	-177.93530495004123	680.7372019538672	-4235.184093691659	1520.616712820882	-1780.9905873924592	-1
?	-1	0	39.12055165576431	76.86490868549005	542.4558514425221	-1762.067323221454	1548.8420079561326	-2648.784066719912	-1
?	-1	3456.4638602888845	44.375081109672216	719.2937081300038	592.6338357927932	-1245.7283148626566	1388.1775094848845	-12931.279994163242	-1
?	171.82319301444667	3195.5188168111467	75.08523706226501	665.5583615204765	480.1694356993884	-2467.4166948846914	902.2780082479613	-13433.823891188315	7.985734218999167
?	158.7759408405596	-474.2420653609145	77.65299918569652	-90.61618647944682	469.2630010485569	-1186.2062552920465	716.4863149254592	11092.237292313133	15.830006137969216
?	148.1110897464006	-3195.5188168111467	70.5544277382926	-338.74599605585644	420.8591229347852	9241.170779361832	1456.889872863626	20900.296924542483	7.267261468385636
?	-1	-2982.2217949279698	60.71569938290345	-270.3371897498832	931.321540016655	8001.204732718495	1761.5011611525983	5679.335796419569	2.1236070654440535
?	-1	0	57.03756825079825	-150.19710257478536	820.9193595707156	-2997.0847175442195	1740.8566626846084	-8513.898154213726	-1
?	-1	3609.5325169421358	53.20584425416408	364.4262838994488	781.4673041394419	-8381.846051634555	1335.806253441906	-2595.828888190717	-1
?	179.47662584710935	3617.203947870061	75.25888244577095	494.8276683790599	401.82705698898195	-8721.521165754295	1611.0652182750707	12831.480631293562	11.149990983394332
?	179.86019739350562	-3589.5325169421358	77.94722767311743	-1505.1776489153976	345.391245851721	-8036.541139779525	1977.380285006593	-32221.304365500957	18.55981212384788
