rowLabel	avP	dP	avI	dI	f1	dF1	f2	dF2	h
?	83.03267070266315	5155.663861909603	72.20912166525542	1231.167031193202	404.6635294161319	7415.574742172151	1677.0980120385582	31245.235477456506	13.18878165196399
?	257.78319309548016	6079.344065951871	61.55835155966011	-249.3998416076333	370.7787371086076	8430.80397198647	1562.2617738728254	-3431.0416621347895	10.006556178444647
?	386.99987400025674	-5175.663861909601	59.73912958487376	34.78063517253061	826.2037280154555	12021.803151071641	1505.5459289318187	-2283.1229151437983	-1
?	-1	-5877.934686532125	63.29738331828664	281.65692802263686	971.8688946621899	-7981.762933067147	1448.1056281156355	-8500.507184945756	3.3091092466787817
?	93.10313967365059	1784.10416048952	73.8219759860056	60.45674422082912	427.11558136209817	-10544.840277316205	1080.520569684531	-6544.837348850585	8.87182346466142
?	88.20520802447598	-1882.062793473012	66.3202205293281	-410.28928951319523	444.62688079637974	1395.9468918824248	1120.8637606731063	2757.981935532985	5.326677740130976
?	-1	-198.86782863044124	53.30751151034584	-260.9249551573311	496.9129259562194	2828.4650481238036	1218.4196664611802	-493.92689874855034	-1
?	78.26181659295392	1737.6342212298516	53.273972771461544	338.17876816025085	586.0501332025699	38.637192640627525	1096.1674157356788	-6323.663996024701	7.14457114113017
?	85.88171106149257	3.5958006154623954	70.21644991835838	196.28724333823462	498.8447855882508	-4021.663811242539	902.2364666599452	-3680.364933198858	6.035286563351064
?	78.44160662372704	-1737.6342212298516	63.08833493837327	-382.6479089077747	384.966942640443	-278.6580645675668	912.1491690757359	1843.0262455165534	0.12478006877785497
?	-1	-1588.8321324745393	51.08405447296965	-73.40835120507116	484.91188235987244	1730.6523046131265	994.3877789357729	1025.2657008289398	-1
?	-1	1757.2631760068575	59.41791737811971	391.3537664021323	471.4995578710994	-2396.424956799889	963.412454117183	-3019.8275244748397	1.738110247984186
?	86.86315880034296	1689.006111779408	70.65174279307628	186.01765654329893	365.0906345198779	-1082.3847682940564	843.3964027120308	3084.255819020993	6.837618686701997
?	83.45030558897048	-34.41603234319243	68.71880020528467	79.40835798240663	417.38031945639653	3502.086084930385	1117.6252450682327	9906.339978609021	4.827295561874051
?	85.14235718318334	-74.99581943863966	74.62216069219662	106.62395361133339	540.1949387663973	3080.41671931218	1338.7134016424823	698.9257597575755	8.622855013309463
?	79.7005146170385	-141.7879454908449	74.04999788585134	-167.46216335854726	571.4011554220057	-1612.9055581006205	1152.5715330561115	-6589.502886847571	10.178254378523288
?	78.05295990864109	-1614.0102923407685	66.24905252426925	-427.7403684696504	459.5496608613662	-254.3469242741819	1009.2382573001034	-11.082045696357444	2.3127190587040225
?	-1	208.11271307810821	52.6629794623688	-143.03055633848518	558.6838092082966	2259.6295728291516	1152.0174307712937	5394.62446367686	-1
?	88.4585955625465	1777.3047861554082	59.09752470734498	415.2497103720575	572.5311395028239	252.27904824037728	1278.9694804839467	4984.617607145624	3.275283108096053
?	87.8652393077705	-28.62049821704805	73.4254649809717	244.6137876199923	571.2977616203154	-1075.2914126877376	1401.248311128575	1997.7062743877905	16.516820135207194
?	87.0275706516941	-1777.3047861554082	71.32821408834458	-356.97801535029237	518.766568868437	-658.3315376333502	1378.854794203336	983.1824414953408	10.736780775479971
?	-1	-1760.5514130338806	55.57656421345706	-399.91617417592033	538.3811847386479	1805.3024953952042	1450.4074332033422	5406.145134086978	-1
?	-1	1856.7863155699806	51.33240537954855	199.2802525487677	609.0316936381973	-2327.6986609055066	1649.1620509076852	7768.31781076705	-1
?	91.83931577849911	1708.0315561282366	65.54057684089545	393.21196824072894	421.99625169337247	-5641.5339826774025	1838.823323741695	1034.2092591722521	11.298210819498472
?	84.40157780641191	-241.48850348686273	70.99300379158501	-143.6516962019809	326.954994504327	-1575.3668569225338	1700.8725138662978	-9230.59419517454	14.047855490998112
?	79.76489060415597	-1708.0315561282366	58.3579920307964	-409.3245391203484	343.2279088472457	1354.1542050896408	1377.2936139829676	-4470.412221799357	8.190474989645564
?	-1	-1615.2978120831178	50.526776835567574	-68.02847340630913	394.66270475880907	7600.869196659277	1477.3519027763298	2433.115995392093	-1
?	-1	2165.305812961376	54.956568360480944	489.7689447639304	723.2713686802099	2335.868240251484	1498.9494137525724	590.6656403329356	-1
?	107.26529064806888	2345.241559399267	75.01522407376412	430.4425716979647	511.4561167713834	-3305.0523509774866	1506.8851847929766	2724.3419287248184	8.510694575248966
?	116.26207796996344	385.3137340376028	76.4786969453792	46.1781280503143	558.0187511313354	1149.2697556439978	1635.1665101888134	1274.6981086813446	13.201247259659329
?	126.53097734994904	259.3816709730584	77.32413047627983	-153.6850996209226	568.9196045535833	-999.0305305471159	1570.6200902270439	-3362.0400359475857	13.01881333013977
?	129.23116151861637	3.390031014072289	68.79444196433306	-405.0179306784741	508.0672246039796	-1270.2039145269475	1467.064508391434	-3199.8584154201144	9.556042863652186
?	126.70047890065266	-499.79306997914034	57.07323394235611	-18.827915858061015	505.4094088272359	-3088.817927741847	1410.627169456038	-8403.402519409061	-1
?	104.24150801965934	-654.9477591180602	67.85304617143001	344.47276583061324	353.6263282168871	-1792.2814338807184	1046.8943824209805	842.741431276044	7.385111511004358
?	93.95309094474962	-402.1105957900999	74.29687223388679	-58.52192657752705	415.7953371331999	1439.5867325324546	1452.7642410198403	10412.857494034073	5.941217521079645
?	84.13597823015432	-1899.0618188949907	64.92694984255365	-394.2676862377322	425.6056648435099	1720.8786513846696	1567.5372571226847	3242.1780057929545	5.809857915062684
?	-1	117.40414703296399	54.58348792200016	125.13795589873541	501.83926970243346	1388.7196906052793	1614.8731413094881	-4945.173167720636	-1
?	90.00618558180253	1645.9167030942594	71.18384763749043	248.08796426164866	495.0416493737739	-2007.12728368192	1320.2785987366526	-8374.344456443989	5.00384116867201
?	81.29583515471305	7.752911969466531	66.9878861350826	81.08319226223152	401.48290551833736	-769.3488891370525	1196.1559184872883	-2888.4947080070306	4.510462416247422
?	90.39383118027585	153.6417238651347	75.23800725060201	78.89316234330181	456.57420491692125	-486.86823103123686	1175.853863336301	-2147.119028074538	12.758697338874176
?	88.97792134796976	-88.0428456880438	70.93254425224768	-199.5729350952682	377.1394939667756	-728.9493352584228	1088.7999670835618	2945.5212173502573	13.658788720025843
?	85.99168889587368	-33.209806943093675	65.25936049583864	80.56703077659705	420.12673815400024	1933.5758009137112	1323.1299242038133	10649.455181816307	12.871904292206352
?	87.31743100081508	-61.94911822537272	74.96089579107752	35.92807028009089	473.8182840124608	108.11517353367701	1621.2727261743753	7364.306271149025	8.700713772627363
?	82.89423298460505	-1766.348620016308	67.05576400984317	-381.80675242896405	425.53249683068407	972.5032116237264	1691.3452377612632	-630.2001598441825	7.774287200331773
?	-1	217.11832210375084	55.87055816962938	172.62078879865675	522.443444593647	4899.195629842133	1589.7627181821663	-6596.571304026707	-1
?	93.75014908979256	1831.9589343591097	75.68680344977598	444.32696130471385	670.4922783227898	1801.834655983825	1361.516672559929	-6831.2895600659585	3.665211338852708
?	90.59794671795515	83.09211228169092	78.086906234865	-69.52743098940682	612.5351773928379	-6064.407473140577	1248.1982401788696	-6421.597463202747	5.633134190592403
?	97.90475470387709	227.07811354563654	72.21043190030565	-21.250382865316414	367.27190466576207	-3860.6914574277234	1040.4367993997928	670.8236831875844	8.917997495241917
?	101.95185239523694	21.5977722725544	77.02438709159918	125.99013172618969	419.50060452145243	2420.8347452484104	1281.7394243382487	11132.28636572819	8.834735230567146
?	98.9846433175048	-105.42181555092648	78.50993848661511	-39.75036874882122	488.31364192818216	-1111.806796380726	1597.0511176862003	-3098.694607929803	15.313028771800834
?	96.68076161769064	-156.12556491071217	75.03686865415813	-267.2368349090767	363.9102647024163	-2682.946122275053	1126.804693941759	-9191.864203809573	12.638748263581014
?	91.17836507196923	-1953.6152323538197	65.14809674116133	-389.12960647197974	354.16633581443	2232.021206370812	1137.4579074957232	4728.256851245317	12.63312555616612
?	-1	-1843.567301439391	55.58038833055921	-174.0456637406408	475.5113250209565	5693.528158519089	1363.217536504024	7792.832644306377	-1
?	-1	0	56.445813554129316	19.949104033944778	638.8427437403834	6854.716412453253	1527.0995397110407	3260.267600492755	-1
?	-1	0	56.577843532256445	-8.65473417100961	818.247145643618	2349.8807810339954	1526.2309165286613	644.0054908685374	-1
?	-1	0	56.01307684557884	-33.03008529622287	756.3367827920828	-1405.9529372946558	1559.2998142544675	-268.8805426950294	-1
?	-1	0	54.92633926744531	-118.92629103251537	747.9494987788854	-1400.9260622124093	1512.7868893939099	-1909.5403748996773	-1
?	-1	0	50.06676229395309	-275.5685671310628	686.2904796814626	-858.835051263762	1463.822795509484	-2787.035487914087	-1
?	-1	0	41.147910910892215	-171.75144496088978	705.0077462156975	825.6638001593485	1373.435114998206	-1117.0320619195347	-1
?	-1	2113.0464555464077	41.47919004590863	499.9718030093953	727.5736696894298	-5289.745312520855	1407.9711924135074	1421.1764834127284	-1
?	104.65232277732001	1945.5208646612775	66.14650106136189	678.7637470527659	440.5204805896557	-7735.854389755017	1444.4939391688422	-5090.721832622871	5.236674361186336
?	96.27604323306353	-307.2240320465627	75.4173773985468	21.213208304217023	340.78095020168035	-2969.516643617774	1153.4351007823648	-998.3968522301246	15.806692683096808
?	89.29112117499193	82.86525619168118	67.20716147657274	-234.22588297257346	292.0446484087675	3523.215013571396	1394.5740965573361	9371.714437446046	8.476316719108255
?	100.41930604264758	228.84686840289302	63.70608324991817	152.5118978185125	516.9417008802495	1377.9787940021815	1622.0208226546654	-6804.027310921658	5.188937259012384
?	100.73346459513654	-33.32305413097328	74.83275636749833	278.11583511275103	360.9435881088763	-2994.4100201456745	1054.3727310112545	-13993.06283390996	15.218997455781135
?	98.75315333609892	-24.360296061786727	77.61187500555568	77.54117090873136	367.22119987296634	358.0932706566456	922.3676809591699	-3085.836967867071	24.5479997431084
?	99.5154497920472	-36.602614225505036	78.70981491293489	-103.86654895675983	378.84825164170854	305.3519067640843	900.0808826179015	951.8010770626631	20.170429898546722
?	96.92302262482367	-23.348501960095486	72.4185475577177	-365.49888386785057	382.4887952111705	1050.3362514793528	969.9577348123029	5609.3147138963095	9.188576464661166
?	98.34802469404244	-1958.4604524964805	60.434870719542424	-303.7147241982797	431.365064215676	3527.20052970579	1180.546618312716	8000.5978497087235	-1
?	-1	-208.55109450164906	57.23281134780377	244.07320055764092	558.8488216964594	-1004.8146149240166	1369.9876272977376	13000.269395694819	-1
?	87.92046996896002	1683.5454501932772	72.63853074742443	364.0113953831863	381.12433346947535	-3626.185870711121	1830.5600880974546	12424.430630549867	10.252281167776136
?	83.17727250966357	-92.74987883145404	75.43338111696302	62.70607231288573	377.53952816090396	-493.8252088379904	1991.2091588252288	3852.2629876844576	14.969404124272733
?	83.28297602738734	-8.593909205154121	75.7738343630687	11.07002590131803	356.4330730275759	-388.10653309891813	2023.1732374816768	659.7762853280689	16.57229125211001
?	82.74757704940586	-28.716453956923363	75.98688241202892	-2.3978871737909997	358.1342015059581	83.45474767896037	2024.197973091632	266.0765460822959	19.965514881120743
?	81.84715332954117	-39.19088513608912	75.65394000437915	-26.39038560509713	360.6058104115239	347.9745432155586	2036.4770647857915	-267.1907347733814	19.424104302878032
?	80.78803279260141	2279.398609279502	74.66736313177407	-147.92454442738085	375.532928666736	668.2708219677489	2010.838436352963	-2192.5354257510967	14.699392520723105
?	195.81708379351588	6417.873927567264	68.25771278301014	-431.6930620824186	394.01935150991125	1448.7173460206914	1926.850293498237	-6885.555658691812	8.667380682599678
?	401.6817291709635	-3936.3416758703315	53.082710027653214	-417.43133389053264	447.9687959677703	3008.5206110022027	1666.5606534183737	-4953.454182471309	-1
?	-1	-6087.2569181217805	47.38614608848358	202.59993912580612	544.4453820600209	4022.7224373281906	1679.1775843746725	-2560.4336517629645	-1
?	97.3188832648755	1960.3437890014518	63.212706983943484	671.8621440963432	649.1049178341791	-2033.6180031727763	1538.538970830226	613.8824488240538	6.634224389533731
?	97.01718945007224	-99.48568713602363	80.97925329330062	285.6827772654927	442.7644819013824	-5538.63597095802	1709.871706815875	1569.1594996127117	11.703395161473344
?	92.34459890807433	-44.0017558706525	77.49684584721807	-333.663045911585	372.1731192862791	-1145.7175328180513	1616.9969458108612	-2616.878040866045	7.83895701515336
?	94.81710165653962	178.05885435487488	64.29610099772143	-15.341181504458403	385.47860526048004	1442.2859648130277	1579.0278047725733	-8430.24065734039	5.7887357893227875
?	101.24754162581804	-25.527668304537293	76.72978677199515	288.00649805851594	444.2874175269302	2484.1417933276302	1195.4849129438433	-10012.185534951632	11.140860484453125
?	93.54071824131276	-297.976845088946	78.69642590064717	0.8811400371979548	509.6856949268611	1712.1927861732677	1078.4185280249935	1004.4109793550105	10.712039431223479
?	86.3486993713708	-101.76707923187372	76.77384377385505	-217.89047301521967	529.8970568355933	-531.020821803896	1245.7054619115936	5703.781743747506	4.520677237974342
?	88.45236427971909	-140.6875289167774	67.80190224988623	-84.91062078846257	483.1346538366664	-2221.7620492175397	1363.6076152123678	9853.554652478028	3.120974688307993
?	79.31432292553195	-225.47030929614033	72.52831273443194	-233.7252331991635	418.8089543747167	-585.2360175257932	1738.3831945354932	2117.9097502241334	4.67827543173381
?	77.17884881491212	-1606.2864585106447	56.11564058992809	-244.79658058239525	453.87285296037686	4684.9182759687355	1469.503102723574	-11802.935674569228	-1
?	-1	445.71777235055197	60.28848370531222	415.9981506907926	653.0548681731526	-239.33662935239198	1148.236410807034	-13036.90591059396	3.6914212002875653
?	99.46473743243963	1921.8363802976605	76.91554812446765	376.16223198673106	441.9060214927573	-4218.77816945755	817.6578071938784	-7496.323544842629	9.187673329160363
?	95.09181901488269	-159.87254836791493	79.0965953046487	-187.7928847076124	442.1159597002759	678.6897298507189	773.4202335649038	1815.3165703258692	18.705845174183946
?	91.47111001404392	-4.683603869376344	67.52590388908706	-471.86357088203744	475.84050798529313	2599.3560605228117	908.4236357101715	7776.021035238823	4.000266751969034
?	94.85763882141387	-1849.422200280885	55.50341676054691	-258.833753837825	572.083762726416	1971.4043107550494	1162.2212853268436	11964.124770732275	-1
?	-1	68.69176905007716	54.58421619719586	247.0728792461384	574.4107235230453	-4639.231039650966	1506.6298742467832	10107.63339563175	-1
?	98.29222727391772	2038.7259611044892	67.85706072285379	389.765525061301	340.12221074386855	-5014.0377879565185	1667.6029551084293	6786.666460769263	9.289732675180218
?	100.9362980552241	18.620015294598954	74.07249245026084	136.93955290338684	323.7088341252202	-655.950286760783	1845.963197285245	8628.312233356068	12.12147444632271
?	99.22322803864766	-20.292824068748203	74.7040383680231	52.156681768872104	307.3246964058295	1907.0567385302286	2099.018566776231	-3259.344582105948	13.2771071981882
?	99.9216568517867	-307.66607956040355	76.68032653870444	-64.59628451239064	419.0616710517313	5299.414306315942	1682.9959681799482	-18792.870033891795	5.527981933137793
?	83.83992406062754	-189.38669240582396	71.47422414240359	5.834312415382519	572.2954117216257	2776.1246622334565	1159.3750650816448	-13427.280382706525	3.8879333163202667
?	90.45232223149553	162.12782242414363	76.97204215947356	73.52881575825163	557.8679041634036	-1919.1608837004594	1011.6319490446243	-4446.370039459343	12.469588515315348
?	91.94631518183469	-1829.046444629917	75.15066493031615	-393.3316086432758	476.33736753660304	-1981.6263722140766	937.0565631086785	-94.81408243967314	11.502894698350884
?	-1	-1858.9263036367004	57.30546172730984	-425.0248832828742	458.78658555270016	3015.143814169792	1006.8912449226407	6632.851180010651	-1
?	-1	2067.3597134898105	53.89942076617252	224.16687670964401	627.0945582450921	1205.3596936264157	1268.6991221092098	7538.195677151456	-1
?	102.36798567449016	1743.7090425655385	68.513805562792	355.33347228848953	519.0545702340207	-4910.828993125812	1383.8010287802122	2216.8557834162343	6.889536086641403
?	86.18545212827662	-347.135256620583	71.66609438059693	127.4193647934145	381.5531085888024	-1851.9699371964746	1379.5419112800212	5379.576399183053	4.646243614941012
?	85.01122284346107	5385.982427509543	74.8847738024627	-196.24585270523397	426.45607337419733	292.23363578237115	1652.7798487393638	4814.413312037722	6.889023673705902
?	355.4845735037528	6257.593631336075	61.85380174533527	-452.0808260129967	396.1647903779209	1820.171234084757	1620.2625768819064	-1403.5241611193355	4.40257081713196
?	397.8909044102637	-5117.171483101887	52.28073250181295	130.8337731827351	517.4646350784349	552.8009326244622	1582.6036406833973	3567.9665552790802	-1
?	99.62599934865939	-6173.7570032768135	68.395490404472	511.1692700409328	423.8048370091439	-1611.6166496894016	1798.6609046458598	4862.279183741693	6.850910483019053
?	89.2030542464241	-166.22817039165088	77.8391960038595	190.59414232258445	436.8838025939651	457.63895615647294	1825.717599870481	-1616.2210700939443	9.953207300611144
?	91.31459082907688	103.69119912850473	77.92519752060119	-28.425606954142594	446.6867848169675	239.79571189865823	1717.8498511411628	-4468.541125918243	16.737132943719487
?	94.38761420284932	-2.0094692411140684	76.41791565615237	-300.22931196721777	448.87358818889794	255.7017403240011	1602.2905435745697	-1875.0006847278312	12.962632307002838
?	91.21411736702117	-1907.7522840569932	62.91373192224035	-486.35033578085086	459.4718718331675	1847.0395157620587	1624.0998169047716	148.81004626297508	8.969469466066824
?	-1	331.0837396014188	52.10039886710992	-100.16987991756501	541.2255639770006	1353.8640626725125	1609.7310458877184	-4077.7291890728256	-1
?	107.76830434709206	1740.6669601811177	57.90523792636212	389.73212548535224	527.1650749667929	-1641.6493991808672	1420.213357451131	-12572.845463900958	4.391985469056656
?	86.03334800905557	-591.3122406963869	71.58700514137746	79.83189776864407	459.1430940179575	-1996.7625224366784	981.0887726926728	-10072.517952866607	11.128728901535307
?	78.20269231227282	-1740.6669601811177	61.89683281479431	-436.3883705299236	427.3269488449593	2923.9867512245087	916.5874598078025	4249.625989108842	9.974106965832982
?	-1	0.599565028782083	49.76758661488136	121.80914459302372	605.3424315791824	275.95786926705256	1193.5700721481141	6631.447202300495	-1
?	78.23267056371192	1591.9628713602121	67.98729004444547	381.28287096145846	441.1248423083119	-5152.791417322449	1248.159819922826	3470.1087663958137	5.235281974753429
?	78.59814356801033	35.459225217008864	68.83173016295422	98.09993981767526	347.7028607130609	-968.9650561943279	1367.0755104679042	6051.553646653118	9.25235259595009
?	80.00563182456236	-29.355235213272227	72.89228703532922	-119.10751018794244	392.67658949859566	747.2482740143588	1550.7375022554809	3544.910150400832	10.946028649315183
?	77.13038180734672	235.17657378614385	62.876354653557115	-222.80497249266995	385.0652744137787	671.7503830824672	1544.3210179879452	2003.1907182807506	5.232194602495552
?	91.76446051386951	212.46599026309858	61.75203841069576	239.47505257303362	426.2641086527189	-29.15106002970457	1650.897038169518	4843.588874114188	9.131612612823249
?	87.75368132050161	-71.9338803544741	74.85010728220875	290.42814769883694	383.6077214122935	270.23271826205115	1786.5004616936537	3347.9009124533086	13.621061017348646
?	88.16776649614582	65.92452306606157	76.27344579563756	47.26641606390206	439.7757445658214	2147.2393358406857	1818.292083792183	-2450.453794602658	10.926383143661715
?	91.04990747380468	15.864594691999002	77.21342808540385	-89.89406425953123	490.9696882043274	-925.8660290603528	1663.9777719635213	-9517.530084011398	15.483208369191573
?	88.96099623074576	18.214664846905812	71.77874258266101	-105.83451890220013	393.48244311280394	-2838.587339405276	1342.4155795916147	-10510.444750857647	10.387153531154043
?	91.96064071614997	67.09214728209726	71.92170214029386	37.16108537536868	349.0403212340641	1319.8577200010313	1138.4555344206408	4889.86763838081	15.62431837579779
?	92.31560359485061	-24.339838488781794	73.63679685142944	73.71081078330602	459.47532911285526	2186.1991183038617	1586.9089615106543	10289.889013892061	10.277436267783262
?	90.74364879171088	5299.85744793587	75.60724267945915	-165.41262528342176	458.3502771492568	-309.6258914788029	1652.949985115242	27.076595747676134	15.878944344765596
?	357.30847599164315	-1834.8729758342242	65.36616558725838	-433.5452311433136	443.9940345389152	598.8126731215504	1588.262791298038	-755.3839502565033	3.407513357582488
?	-1	-7166.169519832888	53.92998112229355	-254.5471581954367	488.2909108053342	3369.2836936797694	1615.180787602417	-881.3318245491778	-1
?	-1	1771.9651688019696	52.63880767748659	261.20670904898526	612.458219222903	-1919.040323597991	1544.1962000705794	-10978.417700141043	-1
?	87.59825844009816	1632.6660618188641	66.99031657474276	242.71215055680912	392.338894625435	-4393.263654397121	1066.2599025953668	-7306.67176036466	14.540101047831072
?	80.63330309094292	-1771.9651688019696	64.774415205327	-278.3802637856405	392.79503650304775	2058.93118440882	1178.8626120523477	10430.377730719707	15.174222437861994
?	-1	-1632.6660618188641	53.07130338546079	-306.4806294964516	495.2854538458756	4188.862144156479	1587.7787891313503	9052.750696422878	-1
?	-1	0	49.45038373050448	-17.475708434314246	602.238143710871	2209.8727757990227	1631.50014687349	3402.199904627126	-1
?	-1	1920.1216181747477	52.19751796374508	417.5275003318438	605.7790926358264	-5520.794499160601	1757.888784362706	5960.332848918968	-1
?	95.00608090873705	1790.424287890887	70.32675874709659	391.37682895640734	326.1984187528419	-5785.643075733636	1929.5167893194373	5813.230917080589	7.833020955123476
?	88.52121439454403	-157.85355303627455	71.76635941156538	21.128928188049162	316.49693884914564	-168.75462337962463	2048.5503302167344	-1701.5263343225358	14.92822321377398
?	87.11340325692335	-113.25472618809226	71.38320515649905	-238.73933302796814	317.7606875838607	590.799779710595	1844.4404726033108	-9432.888498466724	17.762456283233067
?	82.85847808513944	-1762.2680651384733	59.82939276016701	-415.45132517166996	346.0369278346753	4065.8490067695875	1576.9059052933999	-6204.931429553057	7.65271683914424
?	-1	-1677.1695617027947	50.61063889791562	-118.99180965869306	521.0531379223394	8785.741470654202	1534.193901125659	890.8385497022923	-1
?	-1	0	53.87980227723238	46.42217789414547	785.3240013673839	3942.115539180443	1621.4478327785143	624.0281053505782	-1
?	-1	0	52.931747792622886	-43.64537404759362	718.1589148813608	-2185.123829190735	1565.3953063931879	-978.3684032228701	-1
?	-1	0	51.697533574852706	-26.208243730765822	676.0678099078475	-843.7097576716435	1572.529412617371	-381.41397763623127	-1
?	-1	1629.0427464866477	51.6213356060846	303.4026463989401	675.9734269977788	-6814.798498192833	1546.3246075113764	-2790.5869193395856	-1
?	80.4521373243321	1697.0588656638263	66.86766589479966	434.93307567046213	335.3278849982071	-5939.966775248951	1433.0000666503922	3528.5025409202663	8.445317353981668
?	83.85294328319101	60.80159738118361	73.36798938960763	183.2309226846801	378.9750882353323	1000.186735902122	1722.749734557389	9761.943406759554	12.06281503206084
?	83.49221719339127	-62.0261150012356	76.02921202903363	38.24916318771712	385.337221793313	-300.0831096439503	1921.0972369883682	4927.210515177811	17.272004768282564
?	80.75163753312924	-67.96335019272756	75.28044754899348	-49.94754241489762	363.97093275313483	-237.71984861448317	1969.1102603162788	101.97228672418113	16.02404458237065
?	80.0940496837549	-69.42732493916647	73.53183490828876	-80.01036776605758	373.4512293625889	330.12799245036155	1926.1958513245772	-6778.044120849428	15.016753849499741
?	77.28027128617093	2.4845912634165845	71.27992916069061	-255.56899047646516	380.47733237565285	-55.255023334006154	1630.2080542738086	-8616.21416746433	6.498668461505373
?	80.21827924692573	256.736622342217	60.753385384465545	30.37133104486781	370.6884781958886	7.755877974099149	1495.3851429513622	-9319.187886976153	-1
?	90.11710240328173	159.5834772270024	72.798495712934	121.82854786125702	380.8651262743578	226.82695631408671	1164.2486599250026	-8027.815181650231	14.998466226376454
?	88.19745310827582	-1822.3420480656412	66.84481277752838	-403.4114222742639	382.0298260115929	2379.1446362224956	1093.994383868852	2142.87607122243	6.222205757005725
?	-1	151.3521443639385	52.627924599220876	-74.63744218418269	499.82235808548216	2273.267901186913	1271.3924634861237	4966.727713138183	-1
?	95.76506032647272	1749.9026060934161	63.112940668319254	310.65517554948025	495.69322107093814	-2105.4197087726657	1342.3307695257604	-154.84630471726686	7.510406526401485
?	86.4951303046705	-38.132768101142595	68.16068337669483	188.49568382782036	394.55137264684925	-2658.1363844304365	1263.6501482502604	5745.234165385247	6.106832107321089
?	93.8584219214156	87.107575774963	72.53772485971024	75.24202098612172	362.7864018494168	-1287.8266171756559	1629.5924777950218	12899.506192719808	15.35371727362183
?	90.85050909341871	-54.63594886165489	71.92278442600097	-266.80335984458014	330.16004178806554	-1096.0147668728634	1908.62545788626	-3241.849856743351	14.579732553111594
?	91.12662447833282	-1837.0101818683481	59.19755686748104	-433.4344759125197	307.98566350577283	751.2624572423642	1467.499984957852	-12114.728911796998	7.597666926019347
?	-1	-1842.5324895666301	50.25106063037468	-186.65414335938968	367.7231646501843	5487.7859196909985	1302.8890122964015	-808.3090081337717	-1
?	-1	1921.8399021238429	49.864849699511424	524.9041174061269	582.3749594903267	250.01785568972522	1427.0845345511627	9412.320762881398	-1
?	95.09199510619351	1844.6488514671357	76.4962665006814	572.5738901305184	380.2240574346707	-4008.25900095375	1773.505050440478	8528.54046033982	8.987486117627366
?	91.2324425733581	-122.6580853698223	78.49354420603775	24.834230812650947	381.9620094426363	-46.58641739001771	1853.5115575681598	2257.7615567775997	17.38764416108585
?	88.9590908377023	-97.35372525873036	77.73797804131397	-64.00449820408932	377.8947365651698	172.92848933678312	1886.3931282793596	498.22147629663704	15.786068232444222
?	86.36475631042151	-138.4561917373239	75.29331929583324	-226.81941780913198	390.6084339094756	607.3986972509993	1878.422631382992	-1581.3876126641846	15.733500438301828
?	82.03628125083601	-1747.2951262084055	66.3970071508572	-443.92897551471077	408.2646714277202	964.1852530035009	1807.3237476461493	-4373.389886351476	6.978244056427676
?	-1	-1660.7256250166965	53.09687052009739	-398.94628971703014	438.8176965596513	2323.855433288038	1659.753137065415	-9781.537941535846	-1
?	-1	0	46.449692665005415	-194.52787676101204	524.4574430921238	4109.214149950094	1318.24685056935	-6879.8684576213445	-1
?	-1	2447.4884192750314	43.37047668204665	467.9324375672137	644.2784040571589	-2706.44866148132	1315.759714184343	4709.2266094335455	-1
?	121.37442096375331	2325.2568468760605	69.84631454336643	661.4369279476359	389.1350100180558	-6940.903260148487	1553.7081810410307	6639.668480421716	11.110156668424219
?	115.26284234380468	-385.46183799408135	76.44232307942892	-89.75809684678282	297.23324104972966	-1504.0474948710064	1647.7431382054335	-3110.786151598401	13.793769243999543
?	102.10132906404897	-76.83925124172878	65.35840970102723	-320.1790584047265	313.93263527450443	1096.6855643581212	1398.1688734611084	-4560.81094859111	8.768701549369546
?	111.42087978171818	-140.110497087324	60.433370159192364	150.320953612799	352.0675192676365	229.79960798164157	1419.7025907758748	9037.557447023568	-1
?	95.09580420968267	-580.4127983209821	72.87445738166728	271.8756996679964	325.4226156735867	-743.4476113272953	1850.0467458122932	13743.372423322486	9.448614012820157
?	82.40023986566867	-386.4292446995161	74.02715514259238	-211.47208098107197	314.8951387012712	-447.2208873136133	2106.871211942009	-645.8039209379966	10.40011591653773
?	75.77434197470659	-1668.0047973133496	62.300853332613535	-472.1565267493544	303.0615713079057	1044.3186346859375	1817.756549765393	-14134.870061331285	7.025705392847829
?	-1	-1535.48683949411	50.41932880512432	-355.962043122802	367.1110704355688	3310.0476771933004	1400.1277088754346	-9866.757432478144	-1
?	-1	0	44.50275117647318	78.78033324633266	468.56395516757306	5296.22760015127	1324.4186781414787	5885.852487689697	-1
?	-1	1781.1908975444353	54.35834546744101	349.15771160465243	631.9224504431361	-71.97960267661313	1694.4203332599236	10902.266696384817	-1
?	88.05954487722303	1608.7578922180458	61.96063675670605	414.5805699889059	464.96497503374235	-4504.698794375095	1869.5320129607273	281.0804538823737	5.704594873212899
?	79.43789461090343	-223.06993260660045	75.0873739668866	263.22431399614084	406.68751072437817	-1173.9659991405465	1708.4743559540425	-3291.838899161879	11.709105293682311
?	76.90604824689285	-85.04477581910827	75.12185245651328	-44.77627333637933	406.2666750767142	46.709925687567214	1704.940068002631	266.49562268295614	5.65609798622083
?	75.18565581994795	-1558.120964937835	72.8485603000676	-211.42180742062902	409.02300700875657	170.4997476634172	1721.7991370881905	-449.91388475256645	1.2777883199166973
?	-1	-1523.7131163989375	64.55076208548168	-411.11489547409275	414.7916624598852	1288.9368170767395	1682.4443737650024	-2724.148008568907	-2.0044580695554126
?	-1	0	52.29281552636267	-151.95772281110007	473.46984786259446	2975.9680910236884	1585.5917366597432	-2020.0970593487305	-1
?	-1	1687.798432066883	56.95287594492657	437.9902510047078	563.5900670110717	-668.6174421785536	1581.4395207975645	-536.3393140859322	-1.4619433192548412
?	83.38992160334534	1688.750192985391	74.19232807659837	389.6615990897672	440.0389757536663	-803.1228925732808	1558.7747709554462	-2881.031783305075	7.177460818745199
?	83.43750964927075	-5.286086708854252	76.4359558994152	19.25322304569279	523.4339223824071	1768.2075224279388	1437.3879316323087	-3016.0178725537735	10.655263274855095
?	83.12561726790263	30.67591161391802	75.15498922888303	-42.66923477469614	528.4493518750645	-1743.2543656180771	1407.9738773277554	1986.5871884584785	10.090471107820145
?	84.97130522996667	54.7450861996331	74.30249416068037	19.749498622960292	436.271204101502	-2240.4994408268053	1536.717291055234	2862.308003342119	11.897088540388983
?	85.86287157788432	62.73574496821819	76.14246416003105	-108.14141394363236	416.42437983372264	-764.814669978171	1551.0892774948634	-2571.6374651590922	14.616492913795835
?	88.10809247837763	328.80741801100885	68.89542346349867	18.897364127280426	398.0304706025929	228.66639028731714	1408.1354177972776	-7537.783677043996	9.841974158681692
?	102.303242478435	569.8031476006538	77.08733236639509	86.0405371040874	427.85769934808866	492.8839581045291	1174.2000936426582	-8597.437855126816	12.935022730898343
?	116.59824985841072	1971.8468840601772	73.1974503187031	-395.76987901524114	422.6746685078197	246.31473232729482	978.2635250409306	-1389.033542069513	9.872287428911632
?	200.89558668144525	-2351.964997168181	57.29883841563275	-399.1895930513988	440.1734359644536	1827.7026313890703	1104.7484165391816	8023.073406190239	-1
?	-1	-4017.9117336288477	53.23797066613288	-1145.9767683126388	514.0598000772745	-8803.468719288947	1379.4171953504483	-22094.96833078332	-1
