rowLabel	avP	dP	avI	dI	f1	dF1	f2	dF2	h
?	349.53625345090296	1567.398731917522	62.15408449106365	1362.6838540143776	327.9586048656094	8113.981686110197	1462.4943599995872	29997.733152774792	2.9543052609126828
?	78.3699365958761	-5469.422226759631	68.13419270071888	58.59094109745982	405.69908430550987	4053.320847575984	1499.8866576387397	620.7400338250272	2.247097873397872
?	76.06514211292144	301.8055311685446	65.08363154593664	50.66972717868394	530.6246472444086	4312.562744355346	1493.5313616908386	-5617.696580350937	-2.4564346714397085
?	93.46021315430333	677.6746054794579	70.66767905965308	202.23500228321603	621.3272215232772	2210.344804242655	1219.0018286211928	-6826.995141700333	8.773287615041063
?	109.94887238689432	977.3828636552144	75.19538166009744	64.38977416497012	641.1418874565413	-636.0847995748874	1152.181604605822	-5.530980919475042	6.980036289517225
?	142.32935633706404	1198.814352667873	73.88716776790159	-123.41851190829746	589.5229815445329	-3818.987899543118	1218.725279575219	1684.3194635922514	5.022510135682826
?	169.88959002028795	606.566819753328	69.02445606468257	-191.94206208260258	450.19249247938546	-3947.503406814489	1236.3975777854346	-958.5426955136065	10.373210947827818
?	172.65769732473044	-118.36467351384502	64.29006466377146	-177.53084066169652	392.14781120380843	711.1438852958066	1170.7981447995387	-1397.090296222341	14.387389901488106
?	163.9713563445957	-3473.1539464946095	60.14791403159774	-291.83120125981253	485.7496867441758	2722.7141484255	1166.5430629743175	-3158.862025820309	5.964404674088642
?	-1	-3299.4271268919147	49.698504600780836	-251.4386293550793	528.2835186250834	773.3041855592219	1012.8550435085233	-729.6348060283664	-1
?	-1	1831.3674328560244	47.57598256384378	412.30429700254143	524.4148960221369	-1059.0188611399062	1130.0613226728992	-4529.789184393936	-1
?	90.5683716428013	1953.6081384684899	70.31371945090793	306.170584195188	475.33257556808803	-2309.2975824840914	786.3655842888263	-5249.3720868759165	5.099914949134863
?	96.68040692342458	-1831.3674328560244	62.884511773603194	-441.6049533693006	408.9500168979322	-703.5295552746055	867.5927183291032	3247.2016356231434	4.945703995107722
?	-1	629.6169071355536	48.23347178244288	-75.24729510988699	440.1560978043577	3131.0998960164143	948.7256660699836	13744.943812666901	-1
?	128.1612522802023	2567.681868031014	59.12214701810884	404.5422400138667	565.505011698753	-2886.6522544209315	1554.8399089624488	1970.8805795250719	6.774908495981475
?	127.38409340155081	-190.62894624479082	68.46058378313623	73.28554225100227	295.823485083311	2591.2517297950535	1047.2696950462373	-3815.05859374464	11.153423452516526
?	118.62980496796274	-2567.681868031014	62.78642413065896	-77.97926787443991	695.0675981885058	17298.666722679292	1364.0869792752167	9505.212941608084	2.9124819298555717
?	-1	356.9908524330017	64.56162038941423	5.395330116619728	1160.7568212172764	6572.668222484798	1522.530342126642	2629.8681457105	1.0783426289582432
?	136.47934758961284	2548.428039223714	63.056190636489944	229.31292414359754	1023.701009312746	-13646.15825244629	1495.5803865607418	-2050.916644238494	0.062223262472861585
?	126.42140196118582	-43.56543507959094	76.02726659659412	245.26644665292056	478.4489085949612	-10303.584493374325	1419.9845099147171	-1623.9616137364942	9.323048999025001
?	134.3010758356333	715.106392960985	75.31951296913596	-33.676366062382755	508.5217846440305	307.2045564824302	1414.3823058739172	1037.0289349530403	12.233624801743108
?	162.1767216092351	867.6869740090408	74.34344829347498	-190.52563577200556	493.80913641908273	-511.8727847464602	1471.8359566623692	762.685050901254	12.712406984353908
?	177.68542453608538	281.8852008011837	65.79323118053567	-425.7621014500568	482.9281454067075	-297.33969653733965	1452.51655841898	-1183.1729685912649	11.551728012682165
?	176.2709816492943	-3573.7084907217045	53.05534322097212	-448.19354386276717	478.94215159221574	1219.4392166141722	1412.677308232806	-2167.1466941390536	-1
?	-1	-3545.419632985883	43.38355398739729	-443.69771169210094	543.9001062374161	4455.713997258923	1344.1592237120271	790.7068969028289	-1
?	-1	2254.894677914065	30.870457636367053	427.9668880218496	701.7278514551621	-734.1359924946646	1452.2126530779474	-9300.890175253884	-1
?	111.74473389570335	2558.4468032776886	64.7818983884898	930.1615029548564	507.1933066126829	-5841.381695895465	879.1147149493326	-15025.00741675085	3.762355309897315
?	126.92234016388454	754.7830913324519	77.37853278410991	198.69564049665325	409.65876666038855	-1970.274282639961	700.9622822404042	-2679.244694285005	11.975939539244433
?	149.48388846232598	428.78494159092685	74.71668041332246	-138.4197916639538	408.67959248068473	-323.754016643463	745.1524802350822	4321.756669883605	14.179265282145971
?	148.3615872434309	-332.4435696244714	70.45754320091221	-309.44886511308897	393.4710658282154	1015.2136078030096	917.0501157345847	11334.774902190331	10.821996716096683
?	132.8617099811024	-312.69907258283666	59.244237157668	-54.85754811420117	459.44027287083526	1872.2710158482444	1311.8912253445992	10019.356135398104	6.949756283938747
?	132.72663361428906	-148.11490511671465	67.71466579520215	288.01247338767996	487.0846166206277	1083.0753355321283	1418.0179225044903	-2151.0725627013044	6.600261543473983
?	125.45596472526665	-65.55678792906741	73.64486082705201	-29.149657397446138	513.5940396474417	-1560.4482369461298	1204.337597209534	-5796.59542003882	9.791620850939998
?	129.44879421783568	284.59904592545263	66.25718292532984	0.20213867237970345	409.0622047733211	-2151.8443605325574	1128.188151502549	6090.174198326203	8.46679124699719
?	139.6859170215393	172.47488577081342	73.654967760671	-11.285876191732303	406.00182162081376	297.27926156082816	1508.8463071258443	10815.22868575997	13.192476667130999
?	138.07253850637636	-2813.7183404307834	65.69288911574323	-421.49813106640653	423.92616785136255	3721.4154746751037	1668.949585790548	3199.918107737505	10.687048294765424
?	-1	-2781.4507701275247	52.58006120735065	-301.09011163775807	592.0725953545691	3148.3610840321335	1668.8422125127197	2997.477078922054	-1
?	-1	2825.148692709877	50.63838353385531	169.40222252511802	581.3442220529694	-4841.862371781252	1818.823439736651	1410.6866454006818	-1
?	140.25743463549398	2659.4181880015612	61.05017233360656	172.00417068394273	349.9794767655063	-637.8352026294937	1739.3765447827539	-496.7777438434946	3.4435880922735977
?	131.97090940007817	-2825.1486927098895	59.238592068052455	-113.29995952048219	549.4524619214947	9940.37016561973	1793.9845525444762	1129.121818629596	6.320769385829529
?	-1	-2659.418188001573	55.38517435758247	-123.39998654533902	846.9979850464911	-2831.68289094069	1795.8326357142334	-7212.890298381529	-1
?	-1	2316.448652144995	53.068592740785526	376.24531393841687	407.8683173744607	-7959.93664541935	1433.340037625401	-18257.086779990852	-1
?	114.82243260724934	2237.8650656356613	74.19744005450325	403.13979864988755	449.001152775525	1271.244210586899	882.978296714694	-11327.421984862349	8.325243285555452
?	110.89325328178268	45.43825006721777	73.22558267327983	-97.34409490618054	471.4305279038054	-1.9563393030102885	866.9689383822856	-1415.718281496093	18.132057427213955
?	117.09434511061022	1912.6233547985794	69.33023530919424	-248.14322114600773	448.9033358103745	-108.76496442943828	812.1923826398896	-219.61767183598644	8.869684812194738
?	206.5244210217113	-2361.8869022122126	60.81842161597949	-423.11146449963593	465.9922796823335	2367.756111621623	855.9880547904863	3136.5669631477067	4.772967761674334
?	-1	-4150.488420434241	48.174662084212514	-364.851063966363	567.2911413914552	1464.3886730533536	969.0207307972744	3097.4125960106626	-1
?	-1	1725.6216101915204	42.575868417661404	183.02889901470232	539.2117133350009	-1985.7324509983837	1010.8586845910189	9627.589693055004	-1
?	85.28108050957572	1779.4585899919002	57.3261070349476	544.5441282874308	468.00451884153637	-3609.3858360185427	1450.4002154500229	12715.717431373234	3.199651728519679
?	87.9729294995947	30.211502013129454	69.80307483203285	37.27524208373011	358.7424215340744	-23.5490313270453	1646.6445561596784	10204.663960013426	9.603083441480713
?	86.79165561023218	-1779.4585899919002	59.189869139134096	-127.70132979308772	466.8270672751841	7392.796279816158	1960.6334134506924	3949.5363720488926	-1
?	-1	527.150120107031	63.418008342378485	279.9117707686631	728.382235524881	-1519.1626932292886	1844.1213747621223	-13794.268992121304	2.35706901295719
?	113.14916161558364	2148.273710602702	73.1854576775672	-50.202316705272985	390.86893261371995	-6539.721859733906	1270.9199638446296	-8979.026265112007	5.4399598147874935
?	106.41368553013471	546.6466778061888	60.907892507114845	-323.9521491012248	401.3961425381869	2977.880674492252	1395.1700615065236	4634.659126056852	10.194140004873418
?	140.48149550589298	529.2899939956623	56.98785022250602	310.21899706030194	539.762966338332	-499.7361477524959	1502.6529201474714	-9426.099267116746	-1
?	132.87818522991773	-190.10138183584343	76.41884236012989	446.5422601834618	376.4093351505622	-2949.663314224771	923.8650981506879	-12011.15932772767	12.619301962431129
?	130.97642641410084	-397.05752933812306	79.31496323167903	-143.22725595595324	392.279800627094	-342.0333495950752	902.09495376109	5705.160615064215	20.418733343566352
?	113.02530876301165	-587.0330701147198	69.25747956233225	-367.9478049929084	359.3076676708085	-66.44348661975552	1209.1231289038976	13394.439110787533	10.162333671144037
?	101.62477290836496	0.9465801948454133	60.917572982033676	140.84942444201056	388.95762629610624	2008.6825273971945	1571.8169093004642	756.1025370792349	3.883002559180935
?	113.07263777275392	116.37629263737735	76.29995078443275	243.10857227315978	459.74179404066786	1558.4476364270993	1246.9282557578592	-11037.860476064996	9.421272773001977
?	107.4435875402338	-35.134791076534796	73.07300159569162	-124.34795526396572	466.88000811746093	-942.4335975515043	1019.9238854972164	-796.2030224500342	11.956570271605065
?	111.31589821892719	21.376648210725552	70.08255302123449	-20.67255798987596	412.6201141630928	-1669.1936217121215	1207.1181046353577	10979.66515106831	11.845039551038937
?	108.51241995077008	-55.00127265333808	72.03937369619783	-258.27265514114265	383.42032703185515	789.0953513431094	1568.9071430506299	10737.121285807121	13.558052298680764
?	108.5658345862603	-2190.248399015409	57.1689202641774	-421.48046377958343	452.07488173024814	2874.8766923120456	1743.9741689257119	4994.025545954391	-1
?	-1	-146.6695665296836	50.96535050721873	47.66812318379013	527.1641616474569	-951.8726909140355	1818.6084203483485	682.8931338686131	-1
?	101.23235625977614	2058.0920331334646	59.5523264233669	227.41010065496448	404.48124718454653	-3760.5535817434356	1778.1188256191424	-910.2125384511178	5.549086569279889
?	101.90460165667287	-2044.64712519553	62.335855539966914	-72.09946310641084	339.1364825602858	4572.633866501642	1773.0977934257928	759.6155228431535	10.521569762286575
?	-1	-2058.0920331334646	55.94735326804637	-211.87569502685494	633.1129405096278	4529.719135034734	1816.0996017613	472.4354305784999	-1
?	-1	2310.4200903795513	51.742070788624204	50.43759598607583	565.6224393120217	-6543.866241242818	1796.7195649547177	-12138.135841936144	-1
?	114.52100451897715	2319.5718933231756	58.46923306735015	493.4923137961005	305.9196284474881	-2375.798994676256	1209.192809664495	-18449.021418626766	9.102878725884466
?	114.97859466615836	100.34409647309879	76.41668647842914	374.52021533629824	446.83248957820933	3488.6392392300977	874.2684940233827	-6231.594585038478	12.294765157190403
?	119.53820934263207	341.1428429529224	77.195243834165	-17.022275962423866	480.35159040899237	815.7746220262169	897.6130804125721	457.71667318700275	19.18067717899628
?	132.03573681380442	680.6181114516652	75.56557268030795	-66.07452730685846	487.62122067952004	-167.08901805299493	897.1543276827327	416.7326913129174	10.397888170930639
?	153.5691149152152	695.4155945354594	73.89151746882209	-93.2906287665205	471.99713950634265	-184.28588722755373	918.4497149782179	1261.5333398739313	11.703303308790824
?	166.80651654057726	1348.0035614296767	70.90104124198194	-239.2317777375004	478.4069263181424	-665.3572956145196	960.2309946764291	1285.9098342219454	14.925130042392373
?	220.9692929866988	-3356.130330811557	61.92992858194711	-420.8547844889184	438.7292747256168	-202.27060912502978	982.745206689315	55.04097865426522	6.3370158893542925
?	-1	-4439.385859733992	49.8583020175361	-224.49943830861025	468.29339586189093	-454.45891681138096	962.9830436091423	136.510503472387	-1
?	-1	0	50.70495666651664	98.18647054582236	416.0063288850478	-3394.15103338968	989.5707318629343	3089.969502166877	-1
?	-1	2137.0663455612885	54.7676255448272	486.274864007309	298.58584419240754	581.5691417514925	1117.4815187174856	3566.303777559491	-1
?	105.85331727806405	2346.3713356751387	75.018699866882	424.1415751131312	445.08478597262234	3819.1097193615815	1167.8859207409082	-3405.539410458235	8.188119991049321
?	116.31856678375652	467.9988281849085	75.97470430048368	-15.342564358655919	489.5413301604859	-318.66330436765224	947.2045481945745	-4624.0781708637205	10.57063599083347
?	129.2532586873094	221.22919859722992	74.25157164894921	-20.92201474707402	429.1516207542398	-1984.8944522148659	936.682012197723	8126.61674974832	12.12905144289492
?	127.38002671361798	598.7551454843684	74.92860356312998	-142.26825205710804	390.296607549743	-1124.8684331718682	1353.535385681989	14740.895257966811	12.71229506614971
?	159.1910159615277	4760.9565369382235	67.13815904609383	-271.81747210163843	372.9081990956466	1498.221085002353	1673.726775096061	3824.4023465610826	9.735679866183912
?	365.4278535605283	-744.4376061605366	61.33772995804811	153.53789389257767	465.2076617998604	2333.9342504881406	1544.7555030100425	-12402.013620234482	1.017871777918936
?	121.96913565350101	-4909.384993823084	74.81505374072269	240.44412676465313	489.6049116200532	35.58174363725483	1053.626094084339	-13764.216551578213	7.422699255358019
?	119.95860386937497	-49.43435166054048	73.35993629628072	-361.19586362905125	466.9867489817231	-579.738247440067	856.5446754311344	-1684.9743480379643	13.806540689434007
?	119.497418070474	12.118136021818245	56.75526055927019	-250.07158406718634	460.61799924804995	622.4470808064324	969.3773766824411	8726.309423545423	7.267185367008881
?	120.56451067046588	-262.25871713584473	60.85635709292145	372.77030955223955	498.1091030220446	-781.994339915024	1292.860146608404	-1831.0762917186091	0.06658459325255257
?	106.3844822136818	-363.66195636533934	75.3937760368821	136.87290467742434	421.5182822522989	-1192.2134094699536	877.823562096511	-11783.178975973748	9.07697079157888
?	102.38141285219898	37.12477122657091	67.70000232679264	-409.0674221073407	438.49843254854716	340.2784011898644	703.7011978097187	-407.0115575568721	14.232553353983977
?	108.24072077501035	-2067.628257043987	54.94040493151514	-494.6984307952666	438.53220231179205	1300.4531918791872	857.4729842186674	7508.968062781218	-1
?	-1	-2184.8144155002146	42.9650807870294	-182.17257754117932	503.5210921425063	889.5429154754411	1079.1496009487782	11995.312205931354	-1
?	-1	0	45.831776054456206	243.9467547198096	483.00934808556394	6084.401147297259	1457.238594515233	10113.478855463372	-1
?	-1	1817.9866970565517	55.16241852301984	509.81606679109825	807.7411495073682	158.69808173046238	1584.823543721945	-10194.284090676749	-1
?	89.89933485282727	1764.606375340072	71.32257939401103	324.58035166296355	490.94425217208703	-9212.458176498283	947.5243899813974	-15870.342028802494	8.647862441547863
?	87.23031876700328	124.47430657101437	71.39143610616796	-12.046863690875725	347.1182406824557	-3198.181851113359	791.3064422818231	23.737339463452912	8.747053632519144
?	96.12305018137796	309.51283188498616	70.72023620946725	134.36785234921265	331.03515961641966	3056.3529106550964	948.71125695457	9895.549720505604	12.140112763553578
?	102.70596036125254	176.89315420384509	78.10982872362857	60.159679975825426	499.93588621520996	1997.4748894522886	1286.0839283071016	10405.71412340937	15.670330627779801
?	104.96770789157019	44.90575580875189	73.7282202082585	-437.71624344058307	430.90890408903374	-1572.6947300113352	1468.9969631250367	2298.017010176044	8.444440377657427
?	104.95124815169012	-7.431082866530145	56.22401655159949	-354.4201242608622	421.3011497146435	4388.690708268105	1400.9847788159034	-1318.575340613011	-1
?	104.59615374824368	-312.50764899362537	56.00721399521546	141.09618589267805	650.3434395024382	3000.3583340926666	1403.0681960943864	-3000.340911882646	-1
?	89.32586570200891	-379.0654021006193	63.27882584623337	300.1804726338526	571.3190664192763	-5528.186798034624	1250.9677332217716	-4630.571467795187	4.164383063918591
?	85.64288364321278	-140.39672480851004	71.01623762690804	242.53362920101566	373.93409960070795	-373.2708411210355	1171.5396227046278	230.4792053361697	11.993048377700104
?	82.30602946158344	-48.04023081023263	75.40550730628411	-73.70568653506322	552.6555243632246	969.3399214538806	1262.49169348858	2009.2194261140528	8.117472430233567
?	83.24087210270116	320.32913605830856	67.33095330015489	-366.25304799888283	422.4010956734018	-2578.98535675389	1272.0005940103301	-47.88531663757129	4.174577383326437
?	98.3224862644988	367.24626077561953	57.09285490634003	190.74458424389474	423.70625652553053	282.2085126811145	1260.0974276567015	3815.681175271725	-1
?	101.60318514148207	199.67571077176657	76.86818251234959	411.2116368277778	436.5115213074575	779.974320133753	1462.7846527739157	3999.001347284098	8.931549708659482
?	108.3062718030871	147.23547601711255	77.65343674772885	-196.179791518653	462.70497253221805	-368.70936999680924	1460.0474950209057	-2718.6196988030047	15.088967733854185
?	108.96495894233767	49.53869566554108	67.05919293641698	-491.3028905780756	418.0760528076171	-604.4843941477653	1326.853667833766	-1695.501363809764	9.341877781390217
?	110.78320658636414	6261.031780606006	53.08829221882515	37.807970970082316	432.4807528248299	1343.1670492680237	1375.2724268304178	-4504.241374871602	-1
?	422.01654797263683	-480.69688170873746	68.94959148492109	288.70758535917395	485.23440527101803	1063.327506698743	1101.6415990901867	-10892.175616797264	6.202472187348438
?	86.74836250092736	-8460.330959452767	67.5236714867838	-325.5887893758714	485.64712815976685	-449.2580695644442	830.6636459905566	-4206.489149127234	9.600815171090513
?	-1	454.0608860674472	52.670152016127574	-71.55631257673645	462.7715017927959	-175.9464028129566	891.3171416338257	11692.81172737525	-1
?	109.45140680429964	1993.8041208141822	63.94585585794699	367.3506894538203	476.84980801911905	385.3913201314517	1415.304232359317	8422.225698239592	4.687159358279601
?	98.69020604070876	-243.07621914972202	71.03768648881852	-134.85821027424427	482.0410677993684	3115.918654616704	1312.4284265458039	3499.5810596460874	7.613500261200166
?	97.29759584681358	-1993.8041208141822	57.2029453442348	-460.1864238429237	632.6457407499537	3027.964916524931	1590.2832853416207	6158.0336719710695	-1
?	-1	157.281715361205	48.02836529667242	205.4479233195008	633.4393136256144	-3037.2533474493202	1620.3301101443562	-2176.91364622416	-1
?	105.1616816148738	1986.7111950417925	67.4753415102098	434.3546720341358	480.7830733774882	-5705.462905278258	1481.4376030304131	1347.8243992355103	4.207835767972278
?	98.33555975208927	-2123.2336322974834	69.74609889837913	-355.58714005700466	348.16616836170255	-2241.45522736726	1687.7213301061315	-69.51940988811681	9.487571386686845
?	-1	-1986.7111950417925	49.69598450735963	-463.34495277005567	368.71031200912563	3545.269179862314	1477.9616325360073	-1154.5837345279137	-1
?	-1	2161.699685066948	46.57885125987643	253.13539491310968	525.4296273548176	1153.983454175105	1629.992143379736	4922.078668289181	-1
?	107.084984253347	2146.531046447422	62.35275425301507	563.798324447547	426.4094847178807	-4601.6206323481165	1724.0655659504655	839.8272814124932	8.064399691382707
?	106.3265523223707	-6.159453901662197	74.76876748225368	263.03999184351846	295.3485957374126	-2692.560641089886	1671.9835074503605	-1112.447323910773	26.145078905501133
?	106.7770115582639	-143.13393961543193	75.50475384519095	-131.21433564177028	291.78145266338686	-294.54168085910953	1668.443199754927	-896.1514051367326	22.147136309157286
?	99.16985534159913	-370.9498551380371	68.20805070016519	-336.13821746926027	280.6215116944572	-936.6232550994646	1627.175937193524	-1757.7315335683686	13.08497626716942
?	88.2295188013621	-153.0671599533019	58.697842971727994	-279.1765064759572	244.9502899084138	-267.7313301351465	1580.556623076509	2837.499905449523	9.337414383617531
?	91.51649734393406	81.94303720525966	54.24922537636738	184.15205238069242	267.2349451876999	744.1154591879215	1769.0509324659997	2496.2433588698423	-1
?	92.32667066162507	-79.92756906859682	67.90544559076258	286.9947216261484	282.15606286780974	201.3151998830422	1705.3687910200006	-5495.68986361162	16.70238075181407
?	87.52011889050424	-1866.533413232508	68.59896145767475	-281.6080592661541	277.300705181852	3530.8196004169895	1494.2664392854197	-3904.4549882929828	12.897436185777895
?	-1	-1770.402377810091	53.82504262745493	-188.43775645989763	458.6970428886586	6873.104876857394	1510.1460416053521	-8380.256704696856	-1
?	-1	1912.4561039140976	59.1770736346799	458.0250516358004	620.9559490247204	-465.7279495497988	1075.2536040505784	-11046.043737385415	-2.2354841701433807
?	94.62280519570454	1907.5461124391932	76.72629520924487	171.84038145447633	435.41064541116873	-5024.777594903156	957.8438547360834	3896.0832620496194	10.360058067797526
?	94.37730562195932	107.07544766240754	67.76909270740369	-131.8914912505473	369.71706927956353	-2253.376172956256	1270.0577671530586	13393.670954267474	8.76937356304677
?	99.9765775788249	110.14515754637938	70.13172064671753	95.20968369028742	322.74183676335633	-1165.829149196091	1627.5274024494547	5643.35518270693	13.184106964840812
?	99.88456349927827	-11.819046011060877	72.52957689191804	95.99356159387446	311.4256118197592	1732.156193058659	1552.2255262884041	-6141.928089947841	16.472455600619238
?	99.38562527827186	-187.20162855365638	74.93139872641123	47.12396279383813	409.349646416289	3525.0246326534557	1320.4309979520638	-6760.288944671025	12.938440278237973
?	90.52448207159549	-377.8436336247156	74.88577503160994	-277.7051399773043	487.67684345243134	1445.7093095200805	1214.211079054854	6123.573143018802	8.408823837761332
?	80.49344359703615	-1830.4896414319162	61.046141727546065	-294.8712068175184	481.63511189229274	3445.5243566799113	1626.6096551030028	11175.835139914174	2.050258387652284
?	-1	316.6363639298075	60.14221469073407	285.8281430211494	659.9530612864263	-1140.4036508656118	1773.0028360505607	-8318.777003437446	-1
?	96.32526179352647	1758.7206150167963	75.33754887860349	200.1310676351207	424.61492934901236	-5029.6459441465	1210.670804931132	-13070.029049444049	4.9740170455785035
?	86.9360307508395	-259.5980433083017	70.14876807249007	-15.576973956609718	408.4707640791022	2336.140058474112	1119.5013835783607	606.5558384034897	6.794659821974102
?	83.34535962811142	-140.82707493565658	74.558700180773	76.61084856262049	541.4219322727175	1684.1392531543945	1240.9985968513063	2874.6077478260086	11.049506540406895
?	79.8946770040567	-79.4978454358997	73.97931050062108	-147.1729684363532	492.6777267368216	-3633.3686275203722	1263.2317709696606	-1486.9006964616126	8.666478948353372
?	79.37046735631645	81.03698582450448	67.20005175895537	-270.88980533150783	359.75350089669956	-2147.7629100008503	1166.653562028226	-2876.129040780812	5.728628496094683
?	83.94652629528191	405.0946196023324	60.43482023404574	117.97902944074151	385.2895812367795	607.5015128181302	1119.4253189306205	-3867.6083949176245	5.313590225145904
?	99.625198336433	512.540661770987	73.09900323099242	302.55747123362545	390.12857653760597	-915.3968920489352	973.2731422823454	5708.647106203359	8.549809605243135
?	109.57355938383117	163.46218247342762	75.56269379572696	-260.91127622856226	339.5197366343329	-578.0518561199128	1404.8576742407874	9972.60197717065	12.59881134459145
?	107.79830746010435	-236.3607048988709	60.053439419564356	-166.15724674471895	361.2259837316104	1371.3507667689341	1471.9032411408762	3436.3686203446046	8.756873332797596
?	97.75552413888767	-474.5332599278805	67.25483145849104	208.47664555759695	408.08727497277937	-558.6972402315322	1576.676105258017	-1013.8324167732972	6.058167756203274
?	84.07164446371041	-445.4107102047708	70.47727169744417	-63.42706338116949	333.2911217200339	-1782.2796493230016	1421.2116203022115	-1229.3001533662753	8.302992136974664
?	75.4849886286492	8757.044719796677	64.08347828943258	66.42055290311613	318.9732925066296	4072.199948364666	1515.2110975897035	-2305.4882431703427	-2.5902536731990558
?	521.9238804535427	-1529.6997725729896	73.79829934259996	-0.5061345792356082	536.9011191382665	4032.467321022576	1305.9372081436948	-2601.7562693541595	2.662032356790763
?	-1	-8508.553898683153	64.0581715604708	-91.38025934213066	520.5966585577577	-2791.976098211868	1385.123284121996	5719.322026223333	-0.6262025715575773
?	96.49618551938657	1956.0626572438734	69.22928637549344	63.6065959153259	397.3023142276736	-3101.280272772652	1591.9033094548604	8937.812361498045	5.738424680893982
?	96.80313286219332	-1949.9237103877383	67.23850135623708	-38.652961580098825	365.53264491912563	6633.087986084677	1832.0139021968967	4830.879328416467	7.381366972850967
?	-1	300.3491347794846	67.29663829648851	208.12085829633918	728.9567135319063	564.6246417296707	1833.4472758756829	-6188.894981821758	-0.9906999725853239
?	111.8205896011675	1962.8735185424491	77.644544271054	64.65668922312767	393.76387700560906	-6933.026430219361	1522.5691531058098	-6422.098075412605	6.7081244658249926
?	97.1436759271221	3014.3041449088428	70.52947275764488	-467.88862034783887	382.3053920209395	527.2112738005042	1512.3423721050538	2682.9112283448835	7.676979552743137
?	262.5357968466091	3233.3375510660167	54.25011325366214	-305.8145910251499	420.1244406956342	-473.132256463453	1656.7147145230535	4967.431709455945	-1
?	258.81055348042236	-3538.372838612709	55.23874320638744	246.80473155302315	358.64877919776694	-2710.3506464877296	1760.7139575778501	-1851.8028477052721	-1
?	85.61715491597116	-5196.211069608374	66.59034983131348	-99.07498596058703	284.60690837124577	1057.0746756662672	1564.1245721377886	-6587.279276858832	9.568773996952434
?	-1	353.06270904041423	50.28499390835802	52.15330561531215	411.50251298108105	4673.439197444382	1431.3499937349038	-1591.8687735209644	-1
?	103.27029036799212	2231.688999145633	69.19801511207912	546.2307046453536	518.2788682434682	-1055.3426540662256	1484.5311334617393	5295.872635211046	3.6682171344932737
?	110.58444995728323	217.72825789374284	77.59652914062609	132.9898201740407	358.735380277769	-4293.622550255262	1696.14362549546	4796.327514067643	10.995793826036763
?	114.15670326267941	-129.42232415183568	75.84750612078125	-68.94116755936993	303.59774073070207	-1620.6105582809093	1724.3475091651248	1675.9232679778631	16.48972352789692
?	104.11333374969135	-425.90324079792845	74.14947076265754	-159.30519874440847	277.7048523637224	-559.0547178082932	1779.9397888943543	2545.1654427282256	18.505584846399522
?	92.86154122278269	-2102.266674993797	67.88224618356071	-480.3133319676033	275.645004840287	371.1439009453822	1851.605781301538	-811.799377884929	8.766034739064322
?	-1	-1877.230824455627	50.13380416427704	-390.57620893275396	296.2620474109918	4275.456308746227	1739.3498200001072	-4796.136858989871	-1
?	-1	0	48.353435736922734	41.27705423784915	489.4178202776014	10674.59411274271	1611.798938352041	-5058.780374990571	-1
?	-1	10803.386952849653	52.197656876169525	207.34717267186585	829.9917530481348	2012.0453771131313	1486.410801250575	-10683.583947324967	-1
?	539.1693476424903	7215.438060280555	58.720794370516174	375.8105584180833	590.0200891332594	-6351.523065669813	1077.619740985785	-12227.917640505904	-1
?	359.7719030140329	-9079.02151400509	70.98818479707396	216.16168402178067	512.4155997646396	-3218.0884221776987	875.0149192252712	-1307.0414360394234	3.0094405942156537
?	85.21827194222938	-5532.335319340661	69.52887857160536	22.104849019893294	429.11566802437216	-2163.180870150968	1012.2676691838129	6668.199411515232	7.427238096575721
?	83.1551370469959	-116.79222321043231	72.09342724806864	41.80315508143988	404.2565562570897	-95.28804304282154	1208.4248898010376	5818.363840014701	10.563372032012785
?	79.37866078170768	-1683.1027409398941	71.61903632567739	-371.86591303031804	424.351265872231	914.7254421351995	1303.185861184552	2324.19038650877	11.138020092659733
?	-1	445.2750347640798	53.50013159655247	-71.91061175418082	449.9928283638503	1625.4756378978238	1324.6344091264777	-1831.9409987545046	-1
?	101.64241251991199	1960.4846851010213	68.02350573796829	458.0202095435648	505.62504776712336	808.0944147196805	1211.5888112468256	-9742.792846869053	0.9418692553512745
?	97.02423425505246	-224.24807907962384	76.40114207373104	65.94692203667071	490.3975490998349	-1732.3353542174407	837.4947667830181	-9484.501014710259	12.999107408420418
?	90.43000856593064	-196.5544542876197	71.32085183980188	-186.79553558188692	419.0082800562501	-1875.5488330911164	737.3637605113059	-826.8296948701956	8.522438000592139
?	87.19651154067134	6.827020767006121	67.06136529463656	70.40066841086784	396.62010744527777	1197.7199950098486	796.1532820395078	953.5545741545435	7.134346056259267
?	90.77135960428095	-94.0554978523887	74.84088526034532	-10.402907504069526	478.8942798067434	1215.020673619168	785.0414892190338	1998.1166275154976	14.238670715904572
?	82.49373664805184	-302.6556705179092	66.54121991943308	-335.55774657182303	457.37114112623703	-1425.851321515452	896.0591134152841	6736.915458927574	8.086022224803836
?	75.63857607838527	9282.388979043171	58.06299793175393	35.19797376961499	407.6017137309698	904.607977445041	1121.8872621654173	5360.994986376608	-1
?	546.613185600217	9683.318763589205	68.30111860791385	-7.010672226178983	502.6015399984897	3421.075456802354	1164.1088627341182	4359.478237686828	1.420378885493017
?	559.8045142578524	-8797.459659611568	57.71246432044497	-182.42212323193937	578.6554865710899	2446.3426732410544	1339.8611740497618	5941.0661116510455	-0.8923577784208296
?	106.74020261963236	-9025.032125379004	59.18001244631675	395.8631641982867	624.9186736605442	-1363.4544969878903	1461.1621683166748	-1899.7666883004288	2.735856990443743
?	108.55290798889574	170.9467262179028	77.50562253035959	321.32885752677026	510.48276172169443	-4684.029757339434	1244.872839634739	2880.907865530421	9.457873970651288
?	115.28753893052762	-2.4967785553658572	75.24645532265549	-145.02781490484912	390.7171857935692	-3752.586040037961	1605.2075615931979	8653.620569534287	8.777048363874991
?	108.42806906112745	-495.0576784810355	70.25423178511703	-284.29232819733664	322.8534597197937	-1353.2183619547595	1677.5538681114595	-2077.4561188904477	14.0652234392135
?	90.53465500647549	-73.86998708827045	61.03183891278846	-381.1595007854271	323.05626769583023	191.1110799541741	1501.334755648674	-5486.228316166306	11.527983882180816
?	104.73456970671387	-1830.6931001294838	51.1962567458454	-179.81156364454904	332.40901371750255	6359.156399192799	1403.2424523031402	1874.2497530359021	-1
?	-1	-2114.6913941342473	52.04126073056088	-146.63275790391629	641.0140876554747	5302.757329188572	1595.0472433004704	1921.9625661773398	-1
?	-1	0	43.864618850649485	-104.39420122822207	597.5468801769349	6689.141119716167	1499.3405806120086	1003.3516739348755	-1
?	-1	0	46.8215506691497	242.28403607245934	975.4711436412878	9765.759549749573	1645.214826997215	1898.501562883171	-1
?	-1	2597.7330277136657	55.978820654272624	486.9761018095723	1085.8348576644205	-8085.705621394851	1594.2656587561685	-12109.345183854417	-1
?	128.88665138568513	2614.1849900053685	71.17035575962866	317.70924186810623	571.1858625715395	-11602.945677964934	1039.7475678044855	-6758.6095468268095	7.958717056184329
?	129.7092495002703	-2597.7330277136657	71.86428274767816	-379.27974413256027	505.68757376616554	-576.5878988389804	1256.3351814148232	9348.285134690266	10.222573682292303
?	-1	-2614.1849900053685	52.20636855300038	-368.7124932878419	542.35646762959	2571.567007248916	1507.1618245390055	10045.14251052697	-1
?	-1	19.999999999999716	53.428658083285804	-1044.1273710599928	634.2659241286132	-10847.129352591646	1758.5923069411788	-30143.23649077968	-1
