rowLabel	avP	dP	avI	dI	f1	dF1	f2	dF2	h
?	337.8547367629292	6209.408052894944	65.33470248088672	1162.748465779176	420.7007593872185	7347.390568728781	1018.7682645502457	21732.15346872	17.780668988777613
?	310.47040264474725	-6777.094735258584	58.13742328895881	-453.863573370793	367.36952843643905	386.76964545195233	1086.6076734360001	3853.7544300856143	13.662341098606134
?	-1	-6229.408052894943	42.64152381234707	-302.07944244226246	440.0392416598161	618.1908470932317	1211.4559860545264	2775.972420451507	-1
?	-1	0	43.03345116684568	110.27595009448706	398.27907079110065	-36.500020257697095	1225.4062944585755	474.3208763015401	-1
?	-1	10802.67909554666	48.15532131707142	394.15476949717424	438.2142406469313	3912.5617627859397	1235.1720298696034	-1733.5876350332824	-1
?	539.1339547773329	3193.9612749692396	62.74118964170439	516.109162157924	593.9071589303976	3194.1108379472184	1138.7269127069114	-8346.533774788826	-2.0364759360079225
?	158.69806374846195	-7622.376672181121	73.96077942496761	227.28458319395335	597.9197825442922	-1390.5800584367287	817.8453411301622	226.64769698166316	5.767438530019616
?	158.01512116827692	404.7710113220252	74.10541880140205	-80.07371152518688	524.3781560085612	-2090.7392242603096	1150.0592975559946	11711.993432645058	8.838921953836174
?	178.9366143145632	968.0581292460263	69.95709384870827	76.93359166021652	493.3828213312767	1820.6959660966963	1403.445012762415	5908.525057571929	8.674292466950416
?	206.41802763057822	723.3268353568168	77.95209838441288	-164.3621220621789	615.412954313396	228.25204142875924	1445.485550434591	-1796.9960034077671	12.552154924706121
?	215.10295608240403	-4148.360552611561	61.738987745599324	-648.2042070676771	504.7954234027147	939.3633352630005	1313.5952125920267	631.4478499169439	12.85419435755931
?	-1	203.85517122842072	45.541888031028996	-191.62924798029803	662.381121076546	1061.6629224550277	1477.0579429304382	4757.937648267016	-1
?	225.29571464382508	4276.596773103285	52.157525346584414	434.71188480219246	557.8785695254661	-6982.23719037561	1551.4920950053777	6623.155843328954	-1
?	212.82983865516445	-408.7090222165946	67.27748227113864	-199.62077730624966	313.2692615577652	-912.5399227800577	1808.2157350968862	3567.682003266838	9.091406591985644
?	204.86026353299533	-4276.596773103285	42.17648648127192	-469.4203837879637	512.2515733864632	4129.460297136011	1729.8761951687197	-1385.2924250699505	-1
?	-1	-55.1960759781087	43.80646308174043	613.7373157568798	519.7422764145659	-2405.954668738259	1738.9511138433886	-8299.29446113612	-1
?	202.1004597340899	3952.418497774154	72.86335226911594	602.9330877935607	391.9538399495501	-2400.3355029837226	1314.9114721119133	-6590.575936945328	7.641185306665736
?	196.62092488870786	-432.5339038755074	73.9531174714185	-218.56129495964333	399.7255012653797	1507.4631618495673	1409.422316996122	5211.605635585702	22.827735291772495
?	180.4737645403145	-3952.418497774154	61.93528752113376	-424.7344913987256	467.32699804202855	5427.232855345044	1575.4917538911986	5773.518720082688	7.79367947768018
?	-1	1403.1421118531775	52.716392901482195	43.76034754327327	671.0871440326322	3367.1659831098327	1698.0982530002566	1309.414361866413	-1
?	250.63087013297329	4873.802951994609	64.12330489829742	348.35244713613605	635.68529719752	-5051.547738220703	1640.9624719845192	-7665.00224807772	2.13829845376404
?	242.6901475997307	-5032.617402659461	70.13401525828901	83.83211362676114	418.5097571215968	-3834.577608819292	1314.8481405963703	-11285.932507522488	13.499338600197156
?	-1	-4873.802951994609	68.31491057963548	-414.83922909944005	443.9564167565552	2890.955239611204	1076.6658466083943	1500.3379802057348	0.633148013879929
?	-1	0	49.39205380331699	68.07435945329439	563.0575191021571	1439.5008227558615	1389.865039606657	5284.900349608665	9.336531915801587
?	-1	3961.738355327206	71.7186285523002	262.38499616855694	515.9314578943483	-856.6510399486416	1340.9108640888278	4503.720507274034	-2.4687675756438385
?	197.08691776636047	4209.644322214265	62.51130361174485	-61.95322156658756	520.224967104725	-2304.749203772335	1615.051064970359	13173.27883707949	-1
?	209.48221611071344	698.5227653953928	68.62096747397082	137.86199468833348	400.6939977057315	-2156.4936765888583	1999.5748059428029	1552.5498255228772	6.785605636437351
?	232.01305603613014	-788.0233587857287	69.40440334616153	-164.91088494456136	412.400283275282	2232.0484926413274	1692.678556246503	-21028.093454106373	9.933017389745348
?	170.08104817142697	-1707.096793842742	60.37542322674275	47.16926536448564	512.2964223377979	4228.874300900927	948.1701332374832	-13831.99297830249	12.814193941458027
?	146.65821634399296	-3421.6209634285365	71.76286661438581	-96.7419683846588	623.8439983203285	4722.315992943795	1001.0789073313778	4970.990769146706	5.216712435851372
?	-1	-2953.1643268798566	55.5383248075098	-111.74434725917554	748.4122219849879	-704.7608364070304	1196.7196716948188	10541.071744957388	-1
?	-1	4385.8795015591795	66.17564925142703	172.96522320888386	588.605956499977	-2475.7654380674967	1528.1324945792476	5612.06716815977	-2.094478602564257
?	218.29397507795917	4008.03013001998	64.186585967954	150.1264497795738	624.623950081613	-2641.381434179659	1477.3230301028075	-10200.53367482115	2.4188931106225313
?	199.40150650099918	-529.4538617398372	73.68197174040573	-211.35990656442183	456.5368847909939	-2732.441607916902	1018.1058108381897	-8603.448634365383	11.838645884267043
?	191.8212819909673	-4008.03013001998	53.6185906397329	-610.0633839653933	488.00186968576776	2740.0746598930755	1047.150598384538	6266.099833426055	13.116600676401335
?	-1	131.5404688177232	43.17880254213603	143.53629055521697	593.5406177856478	208.26281475104886	1331.4108025094927	15070.309418479455	-1
?	198.39830543185346	4010.4225251604366	60.795405167493755	581.9279533462326	498.4150104233202	-3767.122035066086	1800.6660693085114	12331.819759604312	6.054137163277202
?	199.521126258022	175.44187249055412	72.27520020944769	122.93322041711025	405.1845160323433	-1887.2877162781579	1948.0017904897088	-1757.9719886446112	19.396382013046647
?	207.17039905638117	-4010.4225251604366	66.94206618834927	-573.4147544051269	404.05062460941224	887.8634020702399	1712.7674698762808	-1897.5672188644223	13.587950371808803
?	-1	-868.8626783446696	43.60446248919132	130.85837922515157	449.57768613585534	4802.5782360810135	1853.1234295464876	-9068.449934109676	-1
?	163.72726513914785	2952.82607315653	73.48498514960683	620.5817017992612	644.1795364134621	3993.209892645461	1259.3449731707985	-12844.122964856524	2.523018246157863
?	146.64130365782597	-627.0214005839529	74.63354757915427	-155.92148030956278	649.2381807681277	-116.9753880755688	1210.9172813036637	-475.77865594141883	11.779161913404241
?	132.37619510995032	-506.5908894317793	65.68891113412872	-143.19644353188488	638.3307670096837	-2169.6876366077945	1235.5560403737277	1419.6854684250734	9.312958208967093
?	121.3117591862371	-266.54783535172993	67.47372540256005	86.32367535701295	540.7537989377383	-484.82921398002816	1281.901554724917	388.25401554654627	8.3287518502794
?	119.04880334236387	-93.10485552227452	70.00509490197935	-186.13883233117244	614.0893063106823	610.768230862045	1254.968741151055	-2801.023294754974	7.563793551223506
?	116.65651641012339	1649.050286835264	58.16678378600146	19.903424387670228	571.2922104808405	-2262.7413713020055	1141.850389987169	1903.6367957103926	2.4776115189724086
?	201.50131768412678	1904.1019642019867	71.00026612136286	21.142407716036832	500.95223774558247	-4783.322707557586	1350.1505809365742	3818.3720471666857	1.8028570766372356
?	211.86161462022238	-4050.02635368255	59.2239041718033	-401.0917706804689	332.12607510296203	2255.460277154133	1332.7689923455025	4012.2496481749436	5.656233359778611
?	-1	-4257.232292404463	50.94567758733948	-129.6977368831732	613.7252516032887	5980.062066929972	1550.7630633453207	6398.689134926876	-1
?	-1	4706.13022532596	52.73901732764466	424.1825213566872	631.1291784494596	-1822.5457400597015	1652.7034490918452	5310.618598053489	0.16375212147071
?	234.30651126629718	4399.184710169744	72.15480365517377	484.66456147695055	522.597964600304	-4547.5371001372305	1816.2939932479942	-4964.226762665438	4.943955017521807
?	218.95923550848642	-1227.5923037153636	76.9722454014921	-26.471807419652386	403.7523234425989	-1733.8697210074229	1404.4921109585741	-9666.11953680246	12.06540579406677
?	172.92689608052922	-1544.2885282229877	70.83121328419115	-65.15535766155631	435.9044785499331	-291.9122339243187	1332.988016407873	2318.9131229107707	6.539948925778172
?	141.7448090973373	-744.004675090952	73.7144775184143	-184.151183285533	389.156711746383	399.28382037062335	1520.4377671041123	4842.709896130099	11.226715459192302
?	135.72666232598175	-2854.8961819467563	61.623654119914534	-235.0085372353743	455.8686695684642	4315.661641479183	1575.123511214377	1531.9979911574328	-1
?	-1	2093.1605174156157	61.964050656645625	54.70963180687638	604.9397938203414	-911.6910432227198	1597.0376666619836	3224.6478741747046	-1.6097502752627726
?	240.38468819676217	4730.496975486083	64.35913571025834	203.72095821179684	410.2841174073284	-4946.835272557522	1736.3559049231117	3231.6502916937293	6.389781947496221
?	235.52484877430334	-4827.693763935261	72.15009856723543	-99.52955436718021	357.5980301924661	7117.480893556097	1758.6201812466695	2487.617460881633	11.366057535908283
?	-1	-4730.496975486083	59.38265799189935	-453.9150324894769	766.158162085132	5992.3800844873	1860.736777967193	1099.7258619534698	-1
?	-1	0	49.45434694276167	-434.089970178086	657.2170344168301	-3906.246783467123	1813.6064743443428	-48.161957430579776	-1
?	-1	3902.181400148206	37.67815948299513	434.28782876387544	570.8458229117765	-3039.474063742369	1858.328680095664	-4544.271163901115	-1
?	194.10907000740963	3683.8838326152604	71.16873838095536	761.0632519105634	505.24333122971217	-1408.6440490484829	1586.3929161492879	-2752.5679927776273	5.390507803926428
?	183.19419163076236	-6.912552650701993	75.73132207852316	39.96072998460207	500.4136204593526	949.0888253992944	1720.700280456783	-1157.1166576193714	19.050770604972325
?	193.76344237487453	-57.38803912043827	73.16677488018546	-222.36789861107349	552.6977724996767	-2075.526455825755	1528.5370832683195	-6733.070881954728	11.331507333769903
?	180.32478967474046	-1097.4123258693965	64.61292714796953	-88.3568377987365	396.63729766806523	-1391.9848007824867	1384.0467363590478	-4391.561542045581	7.600717260108159
?	138.8928260814049	-1187.9518508523208	68.74893299024865	-40.700633424391555	483.09853246055263	3863.880096727328	1308.9590061660413	-1492.0846646937123	5.793586283638279
?	120.92719713212463	-2797.856521628108	62.57789547674996	-473.7578514471275	589.8313025044309	877.3360294131143	1309.4425031243625	2072.9253847703176	10.835729104054309
?	-1	-2438.5439426425014	45.06104041789236	-463.082665928867	526.9653339312082	-1705.5050910686684	1412.6052754045568	5131.695277145732	-1
?	-1	0	39.42376218030669	-215.42261978447362	504.5560479509978	3293.8596576941704	1566.0272669816482	3163.50933023725	-1
?	-1	0	34.289909428668714	-194.75105016983255	691.6583168159161	970.90121770873	1570.7807419164187	-600.967223906598	-1
?	-1	0	29.686209671815096	542.725489940146	553.1011088364342	-4885.731542571598	1535.9789057863184	-6830.660918481969	-1
?	-1	0	61.426183925675915	428.25769013019783	447.3717396873371	3188.7054706677372	1229.2476959923215	2124.1240043694856	1.8261204411511323
?	-1	0	51.09909417832491	-190.93548840761937	712.5363823698204	5792.093996960126	1642.1851060047923	9881.286937102821	-1
?	-1	4134.675054312683	51.87940950529498	381.9460696559063	736.9764395353424	-1855.0155104789517	1723.3120428474608	-2750.2582113136855	-1
?	205.73375271563341	4302.876225923844	70.19639766112016	505.10520809570687	619.7856068458732	-2592.734991681807	1504.6721954391085	-3743.939838492292	2.207804473579652
?	214.14381129619142	499.28034396948595	77.13466991008023	84.052442334108	607.3396899512525	-1237.9945393155024	1536.1150509228469	-1256.855201194653	12.281733642462088
?	230.69776991410762	-69.18288020938088	74.39901977782554	-154.92544565049624	557.8858798800983	-3265.682001019043	1441.829435379376	-278.96184644530973	9.892262070038157
?	210.68466728572238	-1346.314849006134	69.38839762755545	-193.89324521595807	444.0555899003009	-2742.089613127958	1522.1669586005814	1090.1616255450965	9.674665075186955
?	163.38202746380117	-1375.2658667439757	64.70435751702767	-500.29048301959443	420.7813992237009	927.6923671325948	1496.3375166566307	-1390.9831363068229	6.853808759811159
?	141.92137394852384	-546.6945714722461	44.37387347657582	-124.55708528689841	490.4402082569305	-572.2667724694768	1452.6178017852405	1189.829481334859	-1
?	136.04729889018896	36.102063351085135	58.476503252682775	547.6022082256249	392.16806060022714	-2594.0696735218944	1555.8289907233734	7736.008820953502	10.23177590109226
?	143.7264771160781	394.9582411767247	71.75398388785696	48.15509627581068	360.7367245808362	-1384.5072121617698	1839.4182428329143	7490.254711695433	7.8860872979577765
?	155.79521094902512	-2894.529542321572	60.8842580664733	-436.6788709026662	322.9426999921389	2818.0476855697984	1930.3417263081437	-2692.7534155594462	8.382412617204649
?	-1	234.43934752329224	49.92004034272373	220.99827608892363	501.63910885932563	4463.642124249528	1704.7805720549425	-11638.714053083613	3.3950901227744357
?	167.5171783251897	3414.8608569669013	71.93417187091944	426.47502478670725	546.1248062046145	3631.641005042964	1348.4060236539651	-14869.177920650895	3.397132561351386
?	169.74304284834446	18.412827778006495	71.24379158205902	-133.20376060312006	683.2211591114732	1378.2497868500404	961.3216760224004	-9386.560622197689	16.51065096797347
?	168.43781971409	-3414.8608569669013	65.27398384076346	-543.0177835365711	615.0372955471163	-4082.3798936917055	879.0779925440824	2275.6928618688735	16.327132912130335
?	-1	34.30072325697166	44.09290240523056	-70.26157991927644	479.10216442688863	-57.31030671473284	1075.1063191158437	9534.895438489239	-1
?	170.1528558769386	3306.8811088802486	61.760904844799654	585.7498001077063	612.1717802113797	2712.114073876574	1355.8227644685426	-3497.494959796794	1.4516999873035903
?	164.34405544401184	-51.13185815525601	73.38039241061577	192.17979612120286	614.7078681207169	443.97731777233435	900.2315711260046	-9323.234400067948	10.713452905448563
?	167.5962629691758	231.8064738892738	71.36989465085976	-82.68617863549709	634.3706460999963	-680.815935174519	889.6610444651468	738.9672057298279	17.335313218262712
?	175.9343791384755	118.4202005663245	69.24608347884093	-215.44258916061798	580.667071361991	-1112.1522006640173	937.1799314124959	-3087.479724383897	20.750792472706923
?	173.517272997492	-3538.6875827695226	60.5977651928289	-584.3269335636093	578.7630360667956	950.2911670007586	735.2870582459525	2619.7120340505057	16.127098366143237
?	-1	-3490.3454599498523	40.02973680066057	-416.9045566105276	628.1816297120288	3628.9133228282517	1068.1655331150207	14290.747748835574	-1
?	-1	0	39.7525373623026	38.22810588004898	760.2087022082076	968.2199518556456	1449.8244456877287	5208.873945524397	-1
?	-1	2715.654559226881	41.941142094663014	324.9299084093012	676.5926273048109	-4636.172413999964	1328.6092303912396	-4289.098705360049	-1
?	134.78272796134357	3109.1442388831824	55.9990327827676	589.8492246874565	528.4000815082102	-3733.454734904327	1235.369510419727	-8017.6514695749065	-1
?	154.45721194415856	535.2784032181872	71.43360332903573	109.7095098078159	489.9198905595952	-1960.194061462877	927.7266569124957	-4515.3934951631345	13.707161696892095
?	161.54664812225283	-3109.1442388831824	61.484508273158376	-640.6377166582545	430.3903784350667	-1202.5622078702245	1009.5998356615711	6662.764162374559	17.887456898440416
?	-1	-3250.9329624450684	39.401717496123126	-206.77655038857242	429.7917801660842	1702.7144024994486	1260.8648650312225	9916.424459390666	-1
?	-1	3164.088407349675	51.14568075372979	656.3928446697017	515.5260985600388	61.04746788956867	1505.4210586311026	11625.605363145802	3.7111088224819895
?	157.20442036748318	3007.9355363443997	72.2213597296081	224.54314165538244	432.84415356056263	-4038.60863381827	1842.1451331885105	9690.336529341064	8.916385159439662
?	149.39677681721946	-693.2442741102328	62.372837836498874	-204.18124613541497	313.59566686912603	-2696.70491314143	1989.937885098154	2408.6803058213395	10.170775209585926
?	122.54220666197166	-817.07676646113	62.012297422837385	81.46461339929118	298.0089079034916	854.8282999926468	1962.579148479577	-1421.7068808953404	9.67826847568331
?	108.54293849416311	-369.9159706384042	66.44606850646342	-57.7443612638887	356.3370818687582	1955.8447544294804	1918.8525410533873	-3250.6735032772963	8.941832892775304
?	104.04640813005152	-2190.85876988327	59.12507935964296	-446.7941464007841	395.8011456249653	800.016611636068	1800.0454733157128	-8496.010602166287	9.527178832589016
?	-1	-2100.928162601038	44.106361186424294	-339.810393989595	396.3379124505615	-1479.4966880193153	1494.0520109450745	-2090.9960608926694	-1
?	-1	0	42.13455966016327	-18.328029459547885	321.82631122399977	-1360.0682516091276	1695.4956702710797	4539.439846788858	-1
?	-1	0	43.1899597134469	337.95590381521856	328.33449987010533	2887.681006695909	1721.0240032845165	-5601.990190443559	-1
?	-1	2548.7277226831297	59.032354850924136	489.6969889060826	466.2103615587947	842.9894730677604	1415.3961607489027	-6067.843764560229	-1
?	126.43638613415602	2568.1735073519417	67.67480915875095	272.6693183409746	370.4839735234932	-1240.742913991355	1417.6318150565062	-678.9446524771644	4.8312814673991165
?	127.40867536759663	-4.701453978781291	72.66582076797282	-250.96510179221485	404.1732158592272	945.1921312722845	1381.4489281250446	-3066.438240947825	10.204202027637205
?	126.20131343521696	-2568.1735073519417	55.12655406914025	-477.4789954747156	417.74358008710726	3507.870471407751	1264.3099030091155	-981.0303595439417	8.19373905156022
?	-1	-2544.0262687043482	48.79187099423712	-75.17292903592447	579.5667394296141	5225.786114968682	1332.3974101478477	-3785.658452066159	-1
?	-1	3251.1729277986146	51.36790761734404	509.43885680114556	679.0328858355405	-283.6119163756654	1075.0269804058082	-7461.4835967728495	-1
?	161.55864638993015	3171.6279675164924	74.26381383429431	60.57377025574958	565.3861436108309	-4999.341829979805	959.3232303092066	-68.18883554538867	7.727224291787157
?	157.58139837582405	131.09600728773376	54.396596130131506	-238.16005861898077	429.0657943365511	-3594.594191645761	1071.6175386285388	10371.279453083012	3.036173210888763
?	168.1134467543168	564.2341710870446	62.355810903345315	336.1794500604949	385.6564340285435	1411.3686942052213	1477.8872029633553	11117.013452525305	4.65375043161066
?	185.79310693017618	713.9007568120351	71.20556863315619	55.49062700670041	499.6342290468119	1496.6539839939908	1627.468211254802	612.4947621355271	11.007199501350113
?	203.80848459491844	380.49631703225	65.13034225368033	-399.19280196951945	460.4891332282428	-1404.9519271790148	1508.5119410701316	-1204.5043539026162	12.841817747644578
?	204.8179227817886	-4096.1696918983835	51.24592853468029	-407.20536758772454	429.38663268786144	3799.5653101979005	1567.2429935596715	3013.5889256906394	-1
?	-1	-1327.205474172189	44.77007387429417	318.69143181713326	650.4673987381372	-173.5136694515433	1659.191387354663	1738.9143984552873	-1
?	138.4576490731794	2574.65687938112	67.1805001255369	111.61660639408578	420.7109492152843	-6196.753238054938	1654.1887134824356	340.0547570857919	3.9185888108593
?	127.73284396905552	-2789.152981463598	50.35090419399844	-278.2809047086671	340.6297368353913	3944.6609374173286	1676.1941252089525	-10131.188599868332	-1
?	-1	161.3309309303139	53.26645489010359	415.96876085003845	617.94399608615	4266.1480831520375	1147.6292834890207	-18230.13706642023	-1
?	135.7993905155712	2650.764845464668	71.14934223650029	382.09323998945786	553.9371409929925	-213.53324496647778	764.6872718879444	-8755.38682768034	9.430326449060765
?	131.53824227323292	-176.1658072524799	72.37111688957641	14.379001325729968	607.2673338378262	1796.223579538409	709.8599421050053	-1512.4597809794009	19.223192240410853
?	126.99110015294723	-122.02975762777571	71.86829230278678	-15.683700813031917	643.7483199699126	733.2374695926436	689.0642828389746	1729.3893425877302	19.933891758800197
?	125.43675439184416	-89.59325851871685	71.58693184892482	-74.04235179974931	643.9292073174582	-3575.9748275518473	796.3294092343915	10036.368757257433	12.48682906320908
?	122.5114372270114	330.0435144974458	68.16617471279933	-25.45373597776072	464.94957859232085	-885.9403660699841	1190.8827207018444	11704.425444748145	6.385821900020399
?	141.9389301167164	439.5995392966786	70.31424505003679	-260.77986164211774	599.6321890139592	1394.6095548396663	1381.5506814717967	4693.010043439083	7.033092583447417
?	144.49141419184525	-2858.778602334338	55.12718163069349	-323.4905081343375	534.6800563343039	-1286.4140720263845	1425.5332228737977	3599.684230353477	-1
?	-1	784.0449379094912	54.13971964331997	136.41818915807795	535.3114854126402	-3403.2514563031095	1561.5348929894699	6440.804176044294	-1
?	183.69366108731967	3476.1920746071482	61.948091088597366	193.13450921212277	364.51748351914904	-1395.2391832508947	1747.5734316760113	-282.6067477644766	-1
?	172.8096037303568	-3693.8732217464067	63.796445103926075	-414.23529198440536	465.5495262500957	2939.4078008902457	1547.404555601246	-1304.259826304724	1.5676284857570384
?	-1	-588.8421218289446	41.23632648937717	27.533109452425705	511.4878735636608	2463.3420519624037	1682.3604403607753	3268.1345906975985	-1
?	143.36749763890967	2676.1898651510537	65.17310057654736	609.0010301551769	588.7166288482155	-2872.3932704833837	1710.8112851361254	-275.6471769896153	4.431899664054667
?	132.80949325755222	-236.65872006882154	71.6863779971359	103.83061256818999	367.8682100394921	-4927.555780094039	1668.5780815112946	-3095.380448590251	10.278228633438111
?	131.53456163546863	174.8290216855964	70.36463120495684	56.54690904107915	342.3388398435144	2961.3051088774164	1556.0422627066134	1.0207124392718505	15.971003453267755
?	141.550944341832	170.67066555033082	74.51372344918985	-118.42713026901961	515.9334654833624	1227.5269968030236	1668.6291171332582	4012.193622406194	9.511893832089964
?	140.06809491298515	390.60666528790955	64.44327469150588	-261.93624230341845	403.71518968366536	-1588.0196644179455	1756.6519438269224	2531.358599999594	7.457406007054031
?	161.08127760622742	476.8287157981598	61.41691133401898	-87.75808268547155	436.5324822624654	-272.5147143346588	1795.1970471332374	884.6262953540813	-1
?	163.90953070289305	-3241.62555212456	60.055370557232315	-299.16233536481707	390.08945396693247	2795.7283028479123	1800.8832585946263	1563.838538998908	-1
?	-1	-3298.1906140578726	46.45879456577818	-189.25025146169443	576.3188974048605	5121.868922101084	1873.3889740831826	2448.855156201593	-1
?	-1	3440.6513287475254	50.59285798414763	369.5474402759577	646.1829000719857	-1294.108617922525	1923.3260164047056	573.2474997171105	-1
?	171.03256643737566	3041.6509011065973	64.936166579576	251.86003147157837	511.6134665087345	-3225.6213380945474	1902.051349069038	-2701.3744333984964	4.379085969053077
?	151.08254505532932	-3440.6513287475254	63.1858595577265	-120.23252135970125	484.9018331672589	3558.8905040791874	1788.2572947347812	-5379.3376353075755	4.582526869328452
?	-1	355.7953942507153	58.924540511590955	199.78183215849995	689.5579917126933	1105.4569017547549	1633.0844673036602	-6990.570909840005	2.80767743136015
?	168.87231476786502	10773.762913568744	73.17495116565146	4.424441376211108	540.1746782549965	-2421.540601395522	1438.7287492427822	-3538.684403063675	0.23005923252959679
?	537.6881456784353	-3397.4462953573125	59.14576258040151	-636.8444643515254	568.4809616429176	1116.4263078593574	1456.150247150477	491.43612621445476	4.09757979167861
?	-1	-10773.762913568744	41.33272794807531	-402.55290470140795	595.9959936479642	1421.0861502388484	1463.3005555535049	32.003371366945544	-1
?	-1	0	39.018117345331184	419.202075106715	639.5352691548598	2064.1436645717686	1457.7504157188243	-1718.5397552066586	-1
?	-1	0	62.29283170341098	547.5898234968398	699.2031768765522	-3107.9464782135865	1377.3735677931722	-2093.211363174103	-0.3250752265685472
?	-1	0	66.39760852017308	-170.53244688401978	484.13794524418097	-2719.9005256911123	1353.0898475601196	5404.196525749063	0.16880593895855298
?	-1	2789.7070702737083	53.76620935921002	49.30422224642502	563.2081505919971	-1397.0974440585865	1647.5833940806244	8362.276842974732	-1
?	138.4853535136849	2560.5005229521353	68.86281963249432	232.8314874829246	414.2830730412519	-3282.881764761627	1771.2036897088547	-543.9990130084672	4.614472759607894
?	127.02502614760631	-2789.7070702737083	65.40778373335621	-305.3775522156117	399.0640623539163	5478.970401410292	1620.3834434302012	-356.1164917155669	9.429501241645244
?	-1	750.669504820117	53.593942021713794	196.82949795711707	688.2315931117655	2592.995208495687	1753.3978651230764	-5124.666521255281	-1
?	164.55850138861203	3313.671204659622	75.24925863121203	491.93397597405794	528.7138227787002	-1402.5380414523788	1364.150117367438	-8657.071723446428	0.23963160319819504
?	164.6835602329805	259.36420660789145	78.1906408204166	69.66422590360533	618.1046910391468	3116.81223618026	1320.5442789507565	1452.5455820891245	5.794496059447372
?	177.52671171900656	266.7028367673892	78.73246992639228	-327.08868188109096	684.5544345877127	-699.3779967029165	1436.777396471894	4167.507255242276	8.715197100958049
?	178.01870207135016	-505.548071274388	61.83620672636182	-372.9773377736711	583.1357912040005	-1047.8602986081876	1528.9196417128733	-138.56179733231133	2.5240602414864473
?	152.2493081552868	-456.49025396929153	60.083603037708464	70.91361503923663	632.1614196573025	-197.3153712953348	1429.8493066052783	-5303.996201136058	-1
?	155.19418937288526	374.1861209485987	65.3818874783237	259.3003479906058	573.2700226392336	-759.9734107173623	1263.7198316560666	-7270.14939513033	7.550751465809778
?	170.958614202717	619.3302847092733	73.04862043723894	122.81189042748959	594.1627491214339	277.33171029443673	1066.3418368487567	-5417.041495605108	15.235845513157534
?	186.16070360834937	943.2416129702411	71.52248199969827	-0.10031345541278681	587.1366081539557	133.99065506223488	992.8677568758073	-2492.738322993099	14.115834333461512
?	218.12069485122973	978.1282174914694	73.0436047644683	20.18682120685582	600.8622818745457	-795.7953474221382	941.7049206991	-1159.9073026891615	13.370121389948329
?	235.06711448292353	-354.5497204604499	72.53182306004108	-368.99639420844824	547.3468407828482	-1470.8761410175084	934.8723917413485	4217.677863553819	16.591899560216277
?	200.39320882820698	-4721.342289658403	54.593785054045625	-138.1187112945253	527.3184748236693	-2530.768249188067	1152.588813876794	8522.350316207525	-1
?	-1	-1722.259740148517	65.62588749531471	333.6290180576874	420.808428323443	-1229.2518076069161	1360.9899075517308	4509.5175084851235	-1.2129603800542432
?	114.2802218207799	2293.9845358990046	71.27523595693023	-283.9532135135081	465.85588444332257	1056.8543187495616	1378.0646893010532	1714.1039323395792	6.905806730658362
?	113.69922679495187	-2305.604436415565	51.42822681963911	-650.6412019976211	473.65114426092185	3065.8242492431527	1446.695104168711	2286.108266761084	9.336017286424838
?	-1	-2293.9845358990046	38.74317585704871	-60.77738076015662	619.1470969054824	7027.458220626899	1492.370102639109	4722.943232432445	-1
?	-1	0	48.38935778163123	211.64735782329285	825.0240552922718	5320.041039304464	1682.8422657903366	3156.664286411656	-1
?	-1	0	49.325543748213505	10.175149788613707	885.1491488707094	344.90662210843277	1650.2033169596941	228.28336175205226	-1
?	-1	0	48.898115271061926	-65.72744151852709	842.2693863976937	-2406.8277331626587	1694.2564338779393	-128.92039722893333	-1
?	-1	0	46.039171672287104	-77.53355402746965	764.8077622125747	-1244.2552967001989	1643.7572970982474	-829.3535477909718	-1
?	-1	0	45.02143756968839	-65.92708287378463	780.0566215626828	424.7209995912666	1652.7887564883902	406.2568532382089	-1
?	-1	0	42.742817528597826	-107.83453332546617	786.0438121921384	-1596.713741448193	1664.070139760158	616.0112093959837	-1
?	-1	0	39.629710903415	-214.9745630443475	700.220934490272	-4179.770343011957	1683.5893169581898	-1882.8787114449192	-1
?	-1	0	31.9940893763803	-63.38332404646247	577.0552950415375	-2926.87149880026	1569.9262041879108	-2480.3207039307254	-1
?	-1	0	36.460544701091834	409.44973785995137	553.877359550257	-1114.457460774006	1559.5732817616517	2017.7079799508542	-1
?	-1	3176.7748495733613	52.46657626937816	552.6210073086913	521.3324220028364	-339.39698945126537	1670.811603185455	383.6991303837285	-1
?	157.83874247867033	2885.6995589878734	64.09159506652679	284.5957164105676	536.9075100776935	-1439.0310051006986	1578.7582382808384	-2910.211016869652	3.9246220879428955
?	143.2849779493957	-3176.7748495733613	66.69636208990674	-261.1609650906136	449.3808717478005	3464.6862526331583	1525.3010523419703	816.9063345565858	8.43261926190822
?	-1	-2885.6995589878734	51.033546811995926	-223.2159331391801	710.1418227093539	7753.427124888059	1619.6035550086683	146.8997125501871	-1
?	-1	0	55.53556543294758	-9.06008226939791	837.0522279922089	2692.421386247268	1532.6460379694797	-6490.762797880024	-1
?	-1	3142.1266378235937	50.580542698526024	239.49166739724717	844.7628920217192	-3815.8936021264644	1295.0654151146625	-11942.226790581826	-1
?	156.10633189118192	2991.082661398175	67.51014880281011	484.99593961138777	646.257547885883	-4738.685018948275	935.5346984403799	-10386.465777308347	5.553916203327856
?	148.55413306991088	-235.40650453754785	74.83033967909576	138.18549298141423	607.828641074302	-1379.1134019209117	775.7421262492378	-3514.7390813981383	23.162716777382126
?	144.33600666430436	1739.082166816759	74.41942345188092	-114.76822057681836	577.3018777898365	-1637.718541224187	759.7977443704705	1196.7034412984628	23.809120096272988
?	235.50824141075006	2570.716301919099	69.09192865025476	-429.0054744064807	525.9427140130915	-616.2890517275495	835.5772983141618	2063.832926707676	8.665170198783514
?	272.8718217602611	-4730.164828214934	52.96914973155658	-308.8155066891334	546.4874252034585	434.3453157189703	862.9893907058557	8081.6666303224165	-1
?	-1	-2598.1604796833603	53.65115331579787	204.82953399137736	547.6599797990403	-870.2280326448876	1239.6606298302884	14845.985634225317	-1
?	142.96379777609127	2885.7310854875795	63.21062643112559	39.19092475952881	502.97602357121355	-1208.9199453288788	1605.2886724171321	7757.743009174714	2.7288409982181783
?	143.28655427438102	729.9526292950792	55.61069955377434	-8.225179667617251	487.21398253259554	405.5725822866577	1627.5477802890296	3591.2969889922706	4.57532347703855
?	179.46142924084575	367.04393422490955	62.79936744774472	32.34965885380742	523.2546526855467	-3262.0891349229796	1784.8535218667482	4077.2916165933216	5.378391952145989
?	161.63875098562676	-3609.2285848168635	57.22818249646473	-339.34683876967824	324.10952578644424	13.59976762668092	1831.4123611186985	938.4489433478487	11.104505734108557
?	-1	-3252.7750197124888	45.83202550926057	-43.45731722602148	523.9346410668808	8105.773960854925	1831.7759690341413	-4556.444935011681	-1
?	-1	19.999999999999716	55.05531663516363	-916.6405101851983	729.3982238291962	-10478.692821337467	1603.5901143681112	-36635.51938068231	-1
