rowLabel	avP	dP	avI	dI	f1	dF1	f2	dF2	h
?	191.54387418350603	4140.193583213415	74.7986553505544	1493.0537394212731	497.17478844969014	10046.638550969843	891.8043751458679	21549.97881604368	3.8762702502856103
?	207.00967916067077	618.7996969799826	74.65268697106366	7.528993060872438	502.3319275484922	-744.4217736623534	1077.498940802184	5777.697626591948	12.745349366922962
?	222.48385903250517	519.0111818000563	75.17510500359802	24.206632013423068	459.95369976657247	-2001.11196294492	1180.6892564754653	-3882.728362889744	20.23848453193715
?	232.9602382506736	109.37904619242889	75.86301857173481	-273.8083015685978	402.2763294012462	-2154.5746532319977	883.3625226576968	2045.5880912018079	17.489292804542963
?	227.9528113421266	-55.082543405168295	61.484689925168134	-287.72944500928895	352.2249671049726	3639.7990493786137	1282.9686610355557	14370.601141397403	-1
?	230.20611108041518	-4579.056226842533	61.47654632127037	67.82766556099988	584.2662818701768	11764.921804151014	1601.8925797275667	6636.138322450617	-0.1076585854341647
?	-1	-4624.122221608305	64.87607320321813	105.22376007466352	940.4710573125232	9173.026123547124	1614.7755771580864	-1468.6291660366217	-1
?	-1	3282.5317159606866	66.73773432500354	148.96844929234393	1042.917588047533	-9490.346309275883	1528.4611214257357	-4098.733209033813	-1
?	163.12658579803428	3173.858197167849	72.32449566783532	154.620050326528	465.9537418487291	-13538.566476620843	1409.8389167063958	-2168.219094429019	6.9525230940452865
?	157.69290985839243	-95.24695872862993	74.46873684132994	97.60249694096333	365.98926421649094	1430.207142367515	1420.0501667042847	542.044544415594	11.330541075753896
?	158.3642378616028	10.456051101111816	77.20462051488349	18.369183155616025	537.4640989671049	7938.795527115551	1436.9411439271755	-1022.1660201847217	5.051773576729838
?	158.21571241344802	172.94503372793812	75.38719599911075	-71.1627813748637	762.9290405722688	3403.3621220453088	1368.9418656950486	-1569.0823496398148	11.111230779392326
?	167.0114895479997	248.66066331386128	73.6464814461403	-196.76980508237858	707.6322050693705	-5339.232992827261	1358.4870264451847	607.8919204916105	11.742615786149482
?	170.6487455791411	242.00398538489458	65.5487057449918	-208.4565589824373	495.96739093090554	-6253.68229924889	1399.3364617196291	8946.647784543135	8.464627781805573
?	179.11168881724444	511.03675409768596	63.223653497018425	60.478686516230994	394.9480901069257	-3313.2972377795777	1805.8194156723418	15707.941269870726	9.391276576933905
?	196.2005832840254	795.7615272794219	68.57264007080336	162.62419015689233	330.3025290419265	-2165.1147597169634	2184.733525213166	375.8854542592459	13.098860110292913
?	218.89976518121557	607.9650204608669	71.35486300486305	-12.326736591159591	286.6923521210774	-1112.387497322284	1824.6136883853042	-6205.8474419859695	13.795172832583214
?	226.59883430706878	-4397.995303624308	67.95630324124538	-337.57206662967235	274.68315417581226	1634.7636909670164	1874.4411531138674	594.0072025462717	15.716477644833711
?	-1	-4551.976686141372	54.47625967337942	-267.6550695803667	368.4305366694283	8034.55505173861	1854.3140485126178	-12988.877543537072	-1
?	-1	4458.45023998491	54.57354976222703	71.91316825666614	676.4109067627431	5748.085443039247	1224.9972759370132	-13487.459596467064	-1
?	221.9225119992452	4518.584821423373	58.07191808621272	167.46727018888294	655.8348088213903	-880.6245005920201	1179.9410686892654	516.9880850094473	-1
?	224.92924107116883	-987.7325307689719	62.946913271671185	268.08060007674504	632.3796817331421	907.2602369735652	1250.8466801874856	11602.753616726239	-1
?	172.53588546079655	-1142.6392011985167	71.47594809004998	319.58158237807186	701.1978206700686	-3165.480393184576	1760.078749525578	7229.559057178874	1.7452232054751753
?	167.79728101124294	-161.15618358767946	78.92599239057479	159.752553413593	474.10566207391315	-4359.902869341205	1612.3246330464297	-4661.907131359735	6.920995580751844
?	164.47807628141257	-81.41438241023245	79.46357576072964	-7.073857516836022	483.2026772030082	24.857290897165264	1526.983392957591	-2033.7960712762997	17.767311355265786
?	163.72656189073132	-106.45071834460727	78.57229951473299	-154.39918631585655	475.3485266187714	510.9453588567301	1510.6348294826146	-191.81326264701494	18.549707396315924
?	159.1555403641822	1097.2308188762424	71.7436164449368	-340.0968468214533	508.7499451458447	1655.502347706864	1517.3927298252402	-6896.911481074829	13.066744818120549
?	218.5881028345435	1113.3246856149688	61.56745717366031	-234.154041772862	558.1236440041147	822.5935444771658	1165.7892554288728	2384.240226193299	-1
?	214.82177464493068	-118.33567407673958	60.035914356293695	-19.36981852442896	549.879622369703	1406.8902433680717	1636.6047411349052	11421.442779337684	-1
?	212.6713191307065	-279.47234235924816	60.59896624743886	133.8488243448521	628.4681561725183	-1774.0041235264978	1736.8613943957575	2887.404272681035	-1
?	200.84815752696827	-304.947213016782	66.7283555735363	47.8716154198771	461.1794161933781	-195.14899274459123	1780.974954768957	1188.895897504948	5.92575985749116
?	197.4239584798674	-4036.963150539362	62.99254701843272	-81.2895389804897	618.7107065352888	4493.209893179261	1796.306189271005	1800.4161295480828	-1
?	-1	-3968.4791695973445	62.66387862451182	-22.660168110601667	685.8399108523413	-646.2304123535904	1870.9957612463613	1214.0058465540267	-1
?	-1	0	61.85953861290263	-71.56193297000223	586.3991859176092	-3327.579144778735	1857.0064815987064	-844.9049516131382	-1
?	-1	0	59.0857819760117	-110.7180936905758	519.4609536134044	-2364.7783163914405	1828.7505136657044	-1340.9726700920453	-1
?	-1	0	56.32363392837384	-15.470686919571207	468.1602700980371	-2589.8071660210553	1789.957848094104	-3818.904291563355	-1
?	-1	1562.6708819832386	58.31224763003314	290.14446838215065	389.9705953123515	-2365.9820430942286	1637.8052990875365	-4173.629007103669	-1
?	77.133544099162	1565.1180048156411	70.83085734748138	346.4670773428094	349.86116794332554	286.48633340195124	1581.2763977389204	-1661.225780168928	5.011565340250642
?	77.25590024078213	647.3935992787951	75.63560149717362	152.37589116107543	404.2949119824491	3610.7790651094015	1554.74401007909	-1681.8043855682647	5.817815580384279
?	109.50322406310178	1519.676974392427	78.44965190553516	50.67035125603628	530.4001211987958	7003.087748249138	1497.186178460507	-1985.227359696121	3.6110208916213944
?	153.2397489604032	971.9541246654546	78.16911905997543	-191.7565735801848	754.4492993949048	1569.4849201984778	1455.4826420942843	-4850.563488104039	7.230511156944543
?	158.10093029637434	953.246307087943	68.86182322652596	-395.5139979061884	608.8743672087194	-2993.1872933322134	1254.658004055306	1969.4955340340928	3.354667290668703
?	200.90206431480019	-3182.0186059274984	58.39341916466608	-83.13228877963668	604.7899347282946	549.6357883711831	1553.9574187959886	7421.603893475525	-1
?	-1	-4038.041286296018	64.70520878754414	242.00170992953687	636.3561566272784	704.927012888443	1625.738198729081	2856.827758997334	-1
?	-1	3466.8977345800417	70.49350466114288	177.10330498733532	640.0362853727166	-1186.0087484211292	1696.7988067458548	-5516.690317160366	-1.7009587831657953
?	172.34488672900147	3708.4642900595754	73.56037403691087	134.88860445440358	577.0557192062222	-2360.725489548587	1349.9036828710637	-14919.522123159953	0.6164979941512878
?	184.4232145029781	512.9506412292342	77.23793488386303	-69.77734982340077	522.0000108952877	-4439.521742042706	950.8227005878598	-4680.354849377252	11.882302273453991
?	197.9924187904631	256.3875352197508	70.07150654574085	-104.86908124351552	355.0796321040877	-2697.8764478338785	1115.8859404022019	1768.8743412889853	13.757311885111482
?	197.2425912639656	-342.83454554409053	71.99448082168728	99.12445608211932	387.10618850359424	3071.3418265765354	1039.2664176523087	-2724.309686167506	15.727559391434236
?	180.85069151325862	-616.7088704101575	75.0277293498468	-51.651046436483526	508.6467234329139	2110.5455750172478	979.670456093827	10685.623449193723	13.996350001692244
?	166.40714774345784	-3637.0138302651853	69.41192849986311	-154.15641711951704	492.63346725445626	6715.29894944769	1573.547590111993	15466.212585315505	12.696931130068053
?	-1	-3348.1429548691685	67.31990849387097	10.795198431638408	844.4116709052972	7455.656094613925	1752.9810853595995	1882.0413304683254	-1
?	-1	0	69.95168842144503	63.17894248247421	865.4162719851512	855.396111319786	1667.649656635409	-768.2682305876215	-3.7771142838682983
?	-1	3223.7029376694936	70.47885561799467	8.738950221143144	887.1814764712864	-6703.010770913375	1714.5676738302186	354.82984306507785	-2.650504850521229
?	160.18514688347412	3093.471072076711	70.38863593250218	97.08070832888842	530.2657334394836	-8985.244611962264	1685.3911487886628	-9675.940871006835	1.5775466908394815
?	153.67355360383502	-216.21399179274553	75.33289103443907	107.51027029281583	437.9192458731748	-1541.153383311748	1230.7706302798786	-14215.628120351166	11.774562050862581
?	149.37444729383688	-138.85821374824152	75.76414944714296	19.376506096821014	453.20806427389647	-262.809155955674	974.609742771107	-5070.26526630226	19.924561496968366
?	146.73064291642297	-138.7236825428345	76.30171633928012	-17.626294232391395	424.77878807539116	-1591.2950506849756	977.2573669647665	3411.4609299593153	17.003890895492447
?	142.43826316669518	-180.92043234841307	74.88283473552339	-31.35477330614418	373.64331173964797	-1601.4693718134583	1145.1827892690721	4110.244248869925	12.03917386952109
?	137.68462129900234	-427.37713803436446	74.73397767397292	-147.19385080510955	344.70531948471853	1621.041635662507	1182.769579408262	569.6293566974712	12.985333925113002
?	121.06940626497703	-309.77790757289137	67.52314219526794	-266.024763987789	454.69539352277303	2186.085023937122	1173.6642571039456	4085.482514493493	0.744566393719397
?	122.19572592035783	362.88908948911984	61.432739474583514	29.777185690475214	454.00957068157425	2219.6307199809735	1387.0437051329359	8679.324676121018	-1
?	139.21386073943296	258.2661695569832	69.01200147979169	317.83737992720404	565.6769295218213	67.05708864032341	1607.630490909995	4982.5754283123515	1.7585336609616866
?	135.10903439820694	-195.81481608032232	77.32460847094366	100.0531815754622	457.3624251135904	-529.0803955453313	1636.1724765485526	106.95320481921082	7.917252088602217
?	129.42311993541688	-71.95030378763275	74.01466055856479	-235.54875429166427	539.2229097445548	1401.9131960949624	1612.9781511509555	-2508.938601541863	3.5129164535767297
?	131.51151920882532	335.6673754344337	65.54717075636049	-193.23503616663385	527.4580849183383	-3819.04359914682	1510.72554647146	-4295.152789067958	2.438425492364268
?	146.2064887071385	975.4604129960802	64.35290875023313	148.2438098276435	348.2707297872145	144.00057894105026	1398.2205116975583	-6334.175807924894	-1
?	180.28453985862916	818.740058908249	72.95936124774264	268.0400855360507	534.6581138653908	2922.5580902971774	1194.0167560752163	-9894.418182019077	1.843762221691396
?	187.1434916525508	452.16516167271993	77.75491302703561	10.104129067172245	494.3986343020729	-2148.319666124923	903.4996025966062	689.9609176595393	9.45970620335335
?	202.89279794226508	-12.694857012260217	73.46456770110125	-452.1336932641251	427.242130559145	717.1488748243589	1228.5148019581932	9795.839699121849	11.024847572362289
?	186.5087488019378	-4077.855958845316	55.14822836382944	-285.30215639720296	530.2560780432907	6694.429982269496	1393.291587552697	6770.525537259228	-1
?	-1	109.63965585064084	59.19945988124115	290.3015962128382	761.9636296726186	-2144.148637302116	1567.0410788211534	13950.19245390858	2.979531167639915
?	191.99073159446982	3513.903170678388	69.6633081744713	316.96077357707946	423.04864617818527	-7246.651636847807	2090.8012102481234	9486.217221820769	8.556723775927276
?	174.69515853391877	-805.2961159128279	75.04749856009507	-4.983256616655201	399.63104783022953	1385.1449889049131	2041.3519399121901	-12285.87882719349	8.944956432780044
?	151.72592579882857	-726.0604142613059	69.41414534363854	-163.17041739231144	492.3058956234307	5274.881402290952	1476.507268888451	-18977.594407816956	5.195765696873052
?	138.3921378208536	-484.4337696419629	66.88897769047952	-1.9665884631456334	663.3751179447762	5714.703996452568	1092.4722195213458	-10072.871768458921	5.14345957203583
?	127.50423731673051	-419.51387743937096	69.31581592048126	53.9732257858653	778.0410954460581	1217.8879808990425	972.8636804655068	-3371.8486484308987	5.131951755860267
?	117.41644394888513	73.32210588301447	69.58763897977278	-22.31292420064286	724.2695169897281	-4439.046976267659	923.8797870998014	5113.468983918051	5.538658804514519
?	131.17034261088122	-2368.328878977711	68.20016971044912	-10.42075499619049	556.0887466326759	565.5933648838502	1228.5371296614085	14135.606921938788	2.814089854903756
?	-1	2088.8363664334283	69.06660122996325	54.2947030062364	752.5491852339205	3132.041540295574	1630.6601331967383	4958.296492614171	-1.151028515102265
?	235.61216093255226	3145.2655362404957	70.91490486076093	53.905199896404575	712.6908236474541	-3309.449563222011	1476.4519542921162	-10117.08155745092	2.6543816487888057
?	156.26327681202423	-2206.6484434726494	71.76186122478347	37.705823674214535	587.0767070728206	-2087.5146403798776	1124.8060553241942	-8543.895002045218	1.243830234132378
?	125.27973875892017	-694.8742967926452	72.80019604447165	17.878096408187282	608.3150916284606	309.1372568365329	1049.2572041898568	2715.498623930576	4.830133004201919
?	121.5195619723921	-2525.5947751784124	72.65576604519283	10.225394229727023	602.5335699146472	-933.4258477731725	1260.5809865207225	12846.527329751221	0.7403605191756364
?	-1	-2450.3912394478507	73.311465755958	21.658483535453932	561.6437992398021	2762.2430419610837	1691.5835706774155	10663.261709721615	-0.49193636324496987
?	-1	6169.758552382652	73.73869022196553	-149.24883514534	740.6457220127008	83.23881388168532	1793.7440720068014	-1264.1711633551495	-1.1490680168080896
?	307.4879276191315	3684.556056935651	65.84902399869102	-1.9833257018987709	565.8057399338863	-3611.403149998586	1628.3750125096583	-8122.88081343436	3.1452405010818643
?	183.2278028467819	-3241.161296506063	73.63952393687059	106.08173652558928	560.0755645127722	137.61780645036018	1387.6000313350849	790.1969258415267	3.897591694926132
?	145.4298627938289	2330.029385706115	71.15311082497047	-84.45606389559346	572.6866302564043	3043.2240358494023	1667.8848588017345	5342.871441892517	2.135877967273873
?	299.72927213208726	-2928.5972558765884	69.41672074209093	58.88525223038861	712.2367663052418	5673.27642443418	1654.7436034297098	2472.415467084397	1.3242178627259014
?	-1	-6014.585442641766	74.09737343648989	96.97122700274042	856.3504514781123	3833.5923539794408	1791.505632155954	804.2156295342448	-1.9901242078105839
?	-1	0	74.26528209222794	-9.389790696600391	903.9163840042131	1918.299199822868	1694.9543849064219	-2601.071005713793	-3.539495973345732
?	-1	0	73.62788390165987	-99.55601899673532	952.2654114692554	-533.6613776091596	1661.4520818702647	-1110.5207920606601	-3.6006417704244478
?	-1	3722.2727443856706	69.28748114239119	-45.66494080699004	877.2333151237552	-8583.79096842859	1639.428345303389	-1242.5205757972751	-2.4493124170075085
?	185.11363721928288	3663.5052399114097	71.34463686131038	75.39852874208036	523.0758630478274	-6830.9854445261535	1599.3260530804012	5649.625835628382	1.0684054494660074
?	182.17526199556983	2841.191618887222	73.05740757949519	77.26531957989066	535.6840428974488	-331.9252779261274	1921.9096370848072	2900.4038810218676	3.891672245352943
?	327.17321816364347	4124.1215093837045	75.2079028403049	114.0459419343439	506.4795991515211	-1714.3158989443616	1744.346247131494	-5421.921793020511	3.804447644110435
?	388.3813374647543	354.86512250965814	78.75970467621237	53.08692300824267	449.968247950231	-728.7903432091722	1650.8135474337826	-56.92327426830181	8.074203802684982
?	344.9164742891263	-7787.626749295114	77.86224899071702	-136.76472293281952	470.0400819910626	2866.496510170294	1741.500083418079	-6058.100424439121	3.168293814913859
?	-1	-5391.816878286708	71.92146852957141	-60.42150774990084	593.2930734587452	1338.0185260198962	1347.9085262118276	-3045.2011550985044	0.1276862808197476
?	75.32563037479189	3424.529246984265	74.84117360322199	89.3462985555212	536.9410082920572	4086.873699741153	1589.2400256631543	-158.50730177037406	1.8185966676857248
?	170.22646234921262	2235.190768904057	76.38878345734746	-147.3391266580685	797.6367584458021	5826.051490149687	1339.983161123309	-5250.538441780019	2.9265948147216547
?	187.08516881999435	-3424.529246984265	67.47421727031859	-382.5853353592961	828.2435827995405	-983.6863163506076	1326.7131035741543	4460.983404604578	7.848986650828493
?	-1	-3761.7033763999	57.25951668938272	-68.37447004299686	748.4524426282719	293.1454903668838	1563.032331353537	7863.103026254749	-1
?	-1	0	64.05549376816876	284.39328076770454	842.9008573178846	2923.799463735692	1719.8682548868903	6471.608431449281	-0.9806316243014854
?	-1	0	71.4791807277679	213.30908604030603	894.642415815056	3136.9561110395853	1886.612752926	7504.036254668985	3.4899369906280255
?	-1	3049.1393670722177	74.72094807018402	-81.1942252132323	999.7486628698633	-3953.9820699358693	2095.0700676203382	-141.99763038640464	5.028104743353567
?	151.45696835361034	3007.736561604436	67.4194694671063	-2.5081062919139274	696.9433123182632	-10803.023510232546	1879.5128714066798	915.8243600970706	0.7007164731886645
?	149.38682808022125	-42.31906626618483	74.59554275558833	103.13257254997049	459.5974873582379	-5065.332526217457	2140.8612856251916	8962.348520263668	10.264903010822193
?	149.3410150403011	197.90192646727817	72.5760980946048	-95.02544719995149	443.6766860073913	500.0658748422865	2327.6302974198616	685.1244480910488	9.95766520947484
?	159.28192440358512	667.1436490553243	69.84427039559077	-101.68879451788435	484.60078110035215	199.66983171669725	2175.117508029744	-13552.844103731375	4.456016456369037
?	182.6981974930672	747.4139356041733	67.4916583687106	-134.01686254081488	453.66017759322614	-1158.7729631684858	1649.9880922332952	-10409.184836870005	8.076077939069682
?	196.65262118379366	1410.8632632559318	63.14342726855005	-154.04384364788538	426.66213294192806	-1504.9711771663815	1654.6582661862456	-6332.704087830448	9.38581972537579
?	253.24136065586353	1195.2735443136576	59.78946618631636	-41.040211028151255	378.41161873490734	3716.3512420562015	1333.352887841774	-12.379316012193202	-1
?	256.4162983994763	-2241.4515526727855	61.091416717142494	47.017543891224875	612.4796950447375	3351.8900389207733	1654.039300385636	11961.458755465306	-1
?	141.16878302222466	-2330.4875400683973	62.140343380877596	64.60544480553375	546.0061206809454	-3391.9482649122137	1931.4258256150372	6857.533371210568	-1
?	139.89192139605686	-2843.3756604445034	64.32168895741917	60.41963963748451	442.8822817991274	-502.0658917736154	1996.915968946163	120.06008999158482	-1
?	-1	-2817.8384279211473	65.16132536275181	43.94195939532567	520.9028260922647	5516.385081559936	1937.4288301146164	-4708.086073877287	-1
?	-1	0	66.51878692718545	-48.75241528220758	718.7015358771232	2581.7570009248197	1761.5116652522995	-1186.864539300377	-1
?	-1	4281.399178038072	62.72370459864144	-21.96004002182442	649.9906761385053	-2901.849622838671	1878.0856031495978	-4453.924788711772	-1
?	213.06995890190285	4075.95196577776	65.42078492609423	196.30322140105363	573.6090547351902	-2018.2510868667218	1538.8154258167117	-3625.6093900053556	-1
?	202.7975982888873	-4281.399178038072	72.53886566869409	81.25734814723813	549.0781217951695	-1209.183670865625	1696.8051336493306	6913.506652710823	2.560987693431065
?	-1	-4075.95196577776	69.48365233345612	-221.435602991049	513.1498711919091	788.288451016229	1884.4907584522516	-3773.7038529999695	3.748559879963191
?	-1	3918.867389017225	61.467085519141676	89.11631170038422	588.4925443459808	1784.0650504266837	1508.1199409993328	336.69087566065747	-1
?	194.94336945086056	3977.557186585743	73.93946791847532	245.9769040182346	602.353123713243	-3588.5067836584235	1901.3253022352844	13578.861427210317	2.2073175289022275
?	197.87785932928642	81.47006062462054	73.76593072005336	-206.77571784634895	409.0672051630603	-3348.201506720281	2187.063012359846	-2080.8257533748274	12.202348175258177
?	199.01687248209157	-3977.557186585743	63.600682026157905	-316.9593129389193	434.94304837722956	2002.8617306544666	1797.2840145665434	-6833.313974528903	7.193687608432579
?	-1	-486.1686164189746	57.91796507310745	117.249677160693	509.21029169578327	2035.3341791377777	1845.3973136334023	2943.124895623538	-1
?	174.70844166114293	3394.6646801163024	69.46316588419253	307.56108031525366	536.7097573341181	-1298.7767766447212	1944.4402593477198	5121.461210595612	2.7775878658931115
?	168.73323400581452	-3514.168833222871	73.29601908887008	136.4457678341403	444.27145286354744	5346.1797799114975	2101.470374163182	1574.2626124721903	8.76698577538166
?	-1	-3394.6646801163024	76.28545427589953	-28.21545016080914	804.018746329692	3711.7231915395287	2023.153389971329	-7574.078351499793	3.148080554286812
?	-1	3398.2463437129327	71.88524658082963	30.270641607241195	629.8576124405232	-6063.905251398787	1722.7664565881937	-17685.020535619846	0.8963332309504319
?	168.91231718564603	3441.905322864422	77.79898635626158	109.01091570113844	500.82348375975374	-2803.3704002956797	1138.9023631903399	-13290.774086356165	11.276216314805694
?	171.0952661432205	91.1545082228216	77.33579236588653	-1.7235560980501026	489.6890924257397	-854.3782339999617	1058.2277522703878	-241.77415480471694	15.165813280814541
?	173.4700425967871	-94.53890980297763	77.71280855135908	-124.89951626139616	458.1045720597558	3828.3749215054318	1126.813655450104	11962.151176395415	13.89988889684003
?	166.36832065307163	-3489.4008519357544	71.09081655281675	-213.08892062970236	681.1078385010106	4563.078281446983	1656.3353110901564	11593.762626932717	3.191973649303251
?	-1	-3347.3664130614447	67.058362519874	-109.54197686336936	686.2584861321042	300.08593851923587	1706.5017867967379	-1551.446799763481	-1.8429581632894243
?	-1	3317.887769787881	65.6137177096483	209.96461873555506	696.1121354269724	-3394.6226067062944	1578.7629711019827	-3741.8848100455803	-1
?	164.89438848939346	3196.5463687608326	77.55659345665171	-25.700763387439544	516.5273557967901	-2435.15315727531	1519.4075462944595	-3099.3722449376146	3.4095334784310083
?	158.82731843804106	-3317.887769787881	64.32867954027633	-343.095179891882	574.3544775632073	3328.014098127242	1423.7943588551025	242.0551609758067	4.907122974670914
?	-1	-3196.5463687608326	60.40183446205767	-146.14977578980097	682.9280607031516	539.5680124098586	1531.5103043432498	2754.274975482559	-1
?	-1	3626.9910840719263	57.0211907507863	206.55313461016678	601.3328781837001	-3303.701240414039	1561.50810762923	-6136.7760594548545	-1
?	180.34955420359566	3847.4174046800786	70.72949119256597	364.4233334232412	517.7429986824502	2005.6674976050615	1224.6715013705082	-8751.616694501112	7.899332014241435
?	191.37087023400323	222.6055911309154	75.2423574219483	5.871878291593496	701.6162530639529	6999.057889432852	1123.9272729041759	2306.6782729195475	8.868347470748063
?	191.4798337601414	200.8847014612384	71.02308510714565	-218.25511705215766	867.6958931540916	-531.9430691080444	1340.0054150164851	4535.4948735511	11.859758790992686
?	201.41510530706512	-3849.5966752028417	64.32960156934045	-324.9095157858999	675.0190996085507	-5852.838635676339	1350.70201658173	1843.4592751796547	7.375917699756905
?	-1	-4048.302106141317	54.77760931785071	-223.47426762956752	575.0539613702756	-4556.984865893762	1432.1783787754675	4486.97528884489	-1
?	-1	4385.264116257269	53.15588818786212	36.56161820870663	447.1698563138635	-2656.248574405659	1575.0507810239737	6023.7640653670305	-1
?	218.26320581286265	3077.540757489578	56.605690228286036	118.64701066734114	442.24153264999313	1912.2413939125465	1733.366582043818	-284.24856303453555	-1
?	152.87703787447836	-1368.708931750755	59.08823872122915	343.99123793936275	542.7819260094905	-597.5546054191351	1560.838352872247	-8075.994794736263	3.838952757661894
?	149.82775922532514	-219.9737694409881	73.80525212525411	290.124461014589	412.3638023790365	-2923.526310502249	1329.5668423070063	-4906.376579341758	11.281954737661176
?	141.878349402429	-139.4274598036957	73.59446177195855	-9.831987679176883	396.60561048437853	44.54141094553522	1315.51952390516	701.584590192231	12.837682769413297
?	142.85638623514038	2627.1424122427775	73.31365274129527	-17.67011127486348	414.59087292631324	929.3963567088007	1364.6460718166177	-3153.6313519343707	7.189173932445579
?	273.2354700145674	4007.8168735721647	72.71095620821538	-119.70513014805974	443.0754283198184	3169.90862605223	1157.837956308442	-3125.2772973931924	4.78732696642855
?	343.2472299137479	-2389.5406979560967	67.3283962338923	79.82238974214567	573.0863042289242	-532.14756788372	1208.3822069469586	-2883.603576449206	-0.9156517132167581
?	153.758435116763	-3774.6443380315222	76.70207569532265	216.01393379539437	416.4680499256325	-3839.618204071988	1013.6577774859823	-4540.327760608409	5.61256834110227
?	154.51501301217246	-61.411309771101166	78.12909292366199	-76.14870612704037	381.10539402532544	374.7544128473011	981.365818916539	1316.2237062826673	10.860351379679452
?	150.68786962820795	290.9336775497927	72.89464038897064	-4.4992245313449235	435.2057705679975	-155.5503945175627	1079.4689628001154	3912.845750782931	3.5184911490817057
?	169.06169688966204	204.9267480628386	77.90413169709474	32.983728788225164	373.32787429944733	686.2881344922245	1177.0081064556848	1997.8369933670117	10.629011620250736
?	160.93420703134984	-3401.233937793253	74.5438268283819	-141.3447298793559	469.5201772926086	3844.6040150643194	1179.3608124684656	1381.5567694839824	2.668942164564835
?	-1	6.317619950772747	70.83689520312697	61.50217828486459	565.5580750526626	-429.80597439872514	1246.0859449298837	14775.143452534352	-1.1450511341109009
?	161.25008802888848	3110.2784150807006	77.61893574262517	89.66299367825044	448.02987857267203	-3481.4102934782277	1918.1179850951937	13560.450596111808	4.187201671137745
?	154.51392075403723	-569.1766589092645	75.32004488703956	-140.00828427461073	391.48756037874875	336.56778680941306	1924.1084747354837	-11108.882658307022	6.990599911928382
?	132.79125508342486	28.370935176616452	70.61852152889453	35.03091280186034	464.8582679131429	-1089.5355450174548	1362.6738521798347	-11129.293874569705	3.5408470849231746
?	155.93246751286807	1064.5799681230246	77.0715905271326	168.3071449729694	337.01078312787524	-2422.26975994793	1367.6437810069906	10382.023447023541	10.239318457671512
?	186.02025348957685	1072.2522591289312	79.03387877754312	-11.844801421277227	343.7447799157447	-731.1874147688376	1881.7750245310192	9169.83370559577	9.17092553333691
?	209.5450804693154	1059.19912807724	76.47935045606873	-16.881399562264832	300.45141238943285	-1135.523779754286	1826.1354662867857	-131.54193704955372	11.213254329731928
?	238.9802098934396	1276.3158151714504	78.18980879942987	17.900579420502282	286.9685909280296	990.8591550420904	1875.1979276785414	3224.9865413114726	11.58770454649505
?	273.3608712278888	963.3106836537132	77.37437942709386	-45.342980934602714	349.99437014153807	2610.0509360235665	1987.3847933523616	-1638.5828380629705	12.59533224547832
?	287.14574407612594	99.13865460969733	75.9226597526997	-51.165473407065306	417.4711377292098	3240.5098978371366	1793.2687857753917	-10450.546620825737	12.737019797913872
?	278.31780395837376	-340.1036557237555	74.81610575674056	-14.682684343817774	512.0198650333972	1722.6812362309322	1464.8574623110674	-6552.228503126501	16.77311107235834
?	270.1405612899379	-1900.9750841270043	75.1885255355088	-11.017865433354771	503.6051995407576	-1441.4671490420324	1465.657360619062	-626.746498219941	15.156430865195281
?	183.2690497520222	-3710.0942788806096	74.26521248507281	-71.19126658642399	439.94650758129455	-2197.5122168664025	1433.5201374000699	69.51371438795732	4.277391294444874
?	84.6358473459048	-1948.1639115814237	71.62896220618755	-88.40492924697702	393.72958869743593	-816.0971013435731	1469.13304633846	-1244.5746374250944	9.734775199105872
?	85.86085417294963	1062.1251568651396	69.8449660227239	85.32480941407208	399.1416525141153	-803.4344880606034	1371.2914055288143	-1044.2930839292455	5.994551377809766
?	137.74210518916254	2512.4563456611795	75.89520267689122	144.6678190248698	353.5578642944052	532.6875292220715	1416.918392141997	14479.30627226467	7.675620298820694
?	211.4836714560104	1835.749531597254	77.07835697396749	-54.98500627397199	425.7760289752193	1875.2472632636131	2095.256719142058	16447.096784459645	10.57509447034154
?	229.52958176902655	677.17619320952	73.14595236319258	-60.86524974903652	447.3202274575872	60.511134845188785	2239.273231364991	-1353.3801535999135	12.540782093043394
?	245.34248111648688	361.2838587782926	74.03509448651562	0.7417254937501988	428.80158571747876	-2685.4800652812555	2027.5877114620614	-19068.13776433741	11.790574675095465
?	247.59377470794144	-25.669030488249607	73.18303863788009	-21.257746706047538	313.0462241935225	-1827.0605257917898	1285.8663431481068	-14978.990947894787	23.987075409883353
?	244.05902959207438	-189.97376104157823	72.97220715121323	6.658428111098165	337.448559427888	1123.9674302795845	1278.6381640673114	11625.493574390019	21.601477438740954
?	238.0950866558624	-511.8722994383013	73.515960043435	43.92044900552173	369.2445957075025	2132.3971827172413	1867.141021867616	17670.39141220299	15.027572321893654
?	218.46541462015895	-603.6886986592458	75.16822960148934	-41.09487890614274	444.06841856375155	1216.3128639292174	2162.1577346774734	6404.754910127376	10.830510141565389
?	207.91065172289967	-585.6821881112804	71.46121609812784	-279.32304392335425	430.06023890396426	3383.6912299657897	2187.3787673739894	-11624.014154855044	12.92183591443117
?	189.18130521459452	-4178.213034457934	61.20207740532143	-223.09552581751754	613.2529800620434	5714.255724589163	1580.957026934713	-10814.635829494333	-1
?	-1	359.9354325059983	60.3064398072518	189.89230788583356	715.7730251334265	-3439.40208991614	1646.646975899265	-4563.236681360194	-1
?	207.1780768398947	4317.380264747298	70.69669279961325	252.38401332654288	441.282875566234	-6087.23029433813	1352.7951928667	-12775.459809767064	13.836863537514867
?	214.86901323736797	-167.7386539802551	72.92564047357912	-138.3747007180671	411.4115104165156	1173.2432238832432	1007.8739854109027	-894.7043407355804	15.39112487259953
?	198.7911441408818	-73.32297657450862	63.77795776370979	-234.4275729132867	499.945036760397	2050.8032198468713	1308.0599758299204	11015.250786759489	11.576014288781959
?	211.20286440864248	-3995.8228828175793	61.20426182791462	83.28456379203682	513.9516714088607	5363.571307122856	1558.636524748885	9132.098451574922	-1
?	-1	-542.2035693534203	67.9421859533117	201.95356364367083	768.1236021165436	-1049.9231116928033	1764.664898408673	10975.55406741559	2.6029611633286933
?	184.09268594097108	3835.52060242212	71.3019400100983	139.95405064590386	461.45551582421973	-7742.181268162811	2107.4142281196723	7929.476437816166	4.788495434263247
?	190.77603012110873	-54.7065934307225	74.93988848560699	76.36537363581829	381.01453870839754	-1286.3945024595841	2161.138720299487	-6460.341334650701	10.269379120779044
?	181.35735626943492	-236.33978524294668	75.12020869188928	62.70835584447351	397.1357907012396	960.0714908477687	1784.3971613871327	-4334.349606371381	7.415108316204366
?	178.95904085896123	75.24472737124036	78.0753062778307	57.51893749061313	429.01811325078666	854.4630429275654	1944.4212399809148	2728.8144917557406	11.570416665520856
?	185.119592637997	528.0081734608909	77.99615556641997	49.27566133395161	439.8589428476185	-237.91532864717058	1920.8378859749216	-3567.5835117835136	13.787969110862075
?	205.35944953200615	908.5523031397072	80.53908934452832	1.8453071503560374	417.12234681842796	49.63030866483266	1766.0420643917366	-2590.8568874542284	14.359903325936505
?	230.547207794983	253.78227206934278	78.08842092393778	-122.84184387282177	442.34045828086016	522.5861520439349	1791.2950416022084	-938.2713418778398	13.695497619607702
?	218.04856313547347	-591.1935399571179	74.39699715088715	-254.76387569111617	443.2516544206251	6320.269222208586	1719.128497297844	-5021.199450887118	9.493687416301068
?	200.98753079712668	-4360.971262709408	65.35022713938179	-1487.9399430177218	758.353919391294	-8865.033088412376	1540.235069057849	-34382.56994595639	-1
