rowLabel	avP	dP	avI	dI	f1	dF1	f2	dF2	h
?	110.90285823215835	2098.756825988502	62.667251949247195	1136.58990987428	597.5912052373885	10154.47311333464	1275.5433368649876	27540.32695498123	8.137617533716776
?	104.93784129942512	206.67708994047246	56.829495493714006	96.73522418654883	507.72365566673204	-2708.0440218566696	1377.0163477490614	5522.696531037868	-1
?	121.23671272918197	579.7893611785074	67.50401315857464	322.2541730886066	462.18900414455504	-1851.9378659469764	1551.678163416881	8669.757035042487	10.521274688869685
?	133.9273093583505	492.2427025339685	72.94220414814434	136.37284326902179	415.1267623693832	-896.2470272895987	1810.504199501186	4676.068119894295	17.740610150027468
?	145.8488478558804	424.38867706070266	74.32265532202572	-18.655789315571102	417.3766527800751	-343.8816986384655	1785.4815694115957	-172.67521519849655	19.42028987284825
?	155.14674321138563	152.49839096782696	72.00941468236579	-80.89548301232556	397.9326774374599	-1675.2846293970804	1801.870438741261	-2153.949200038392	23.823161515761726
?	153.47376740427174	-516.1125301753618	70.27788117140945	33.15458229352743	333.6124213102211	-938.2145547836913	1677.7841094096761	-1158.8864885708474	16.010363435359505
?	129.34111670261754	-809.8624535011597	73.66714379704216	-292.47415608600056	351.02194969827536	-196.55042462193825	1743.9261143127187	2426.724118141756	10.681571386013747
?	112.98064472921376	-2606.8223340523514	55.65417336710942	-418.32526287226455	323.7849000791242	5528.044885142685	1799.120315316764	-3981.3186563464715	3.786035072038744
?	-1	-163.23543084921513	52.750880653428936	176.67818418260995	627.4241939554096	11321.717593187215	1544.8601814953952	-7412.794073066249	-1
?	104.81887318675301	2098.7372775711924	64.48808257623992	312.08655535125644	889.8707797384849	-619.0094113377535	1428.4806116634516	-4636.704427676295	2.7757621204745497
?	103.93686387855972	-2116.3774637350584	68.35520842099177	-454.0235122807359	596.4737233885219	-1574.4899323602758	1313.0249601115802	5557.893705375695	8.561482286194504
?	-1	26.022248838680444	41.786906962203105	-164.87635617831657	811.146283120471	-3660.180824799219	1706.3752969322366	11240.829786118551	-1
?	105.23797632049374	2090.459795941191	60.11139061207594	375.8383758511965	413.46468214856077	-10400.26570624313	1875.0664494175082	2543.5596505738636	8.69029992568532
?	103.52298979705964	-2124.759526409873	60.578825754762946	-363.9550549269904	291.132997808314	4603.888581509007	1833.5532794609298	-3144.457959143985	9.955183767559381
?	-1	315.66986151840894	41.9136378657264	256.90932015720284	643.6591112240113	4286.609693686667	1717.8435514603088	-10674.791121890212	-1
?	119.3064828729801	2334.4731939232483	73.4242917626231	593.1262544124238	505.46348249264753	-3165.558575544423	1299.8137233664188	-17035.806383914023	-0.9136573263489879
?	115.72365969616251	-80.04503476297536	71.56995058634762	-108.68032221027666	485.38118244679004	206.08022518335116	866.053232264607	-6327.620154914106	16.541956676938206
?	115.30423113483133	-2334.4731939232483	67.99027565210926	-320.79313422766546	515.7674937518151	11264.004297279915	983.4327156207132	19842.83892833611	15.682577654904742
?	-1	-2326.0846226966296	55.53029387496433	-239.87799129649747	1048.5813973107863	7609.851471924866	1858.1951786814134	15800.251184309067	-1
?	-1	2046.526919283832	55.9963760872844	371.87826607097855	896.2600673480579	-13140.76695283812	1773.4452748361655	-8876.495634959534	-1
?	101.32634596419169	1925.6581837943024	74.12420717851327	242.66018528677967	391.5430496688798	-12476.506798478897	1414.3703969334363	-3858.1167839835425	10.876790786859809
?	95.28290918971521	-35.94951030474701	68.1293853516234	-63.9746913502463	272.43472742411245	-2471.7906626597087	1580.5394356369882	5452.105922006499	10.03679520629783
?	99.52887044895434	54.29597066792889	70.92547261100096	-35.89691251879114	267.95351653589427	-31.838982699498473	1686.9756930337614	-2794.999809086296	14.421438736172295
?	97.99770772311166	-18.309042917863376	66.33453972568384	68.65261225413826	270.8427782891375	3069.430762527587	1440.7894451826733	-2801.928452412924	13.047515840335755
?	98.61341830306117	-133.55234920917684	74.35810322370787	-83.54972942193164	421.42505466227374	2016.1576196919195	1546.8792704131151	1988.6265227091217	12.863330201843127
?	91.32009026265281	-1992.2683660612215	62.157053254587254	-479.6425714054186	371.6506592737336	1347.1511438295681	1540.2207713181294	895.4836745035337	5.3643458124836165
?	-1	222.20118283715928	50.37597465343692	258.38549475604003	488.7826118537522	2972.5797170899973	1591.6534541382919	-4375.427247182894	4.452031336331982
?	102.43014940451079	1983.3052753099232	75.07632799238927	285.1978386418101	520.2796451282336	-3711.4680581048688	1321.4494089589846	-12428.803539793613	8.567136686358216
?	98.16526376549625	7.105917667634565	64.63586658552744	-146.36551498995445	303.2092089485086	-2178.0285459924917	970.2132771486107	-9986.11266344876	17.543568891348997
?	102.78544528789251	84.7146270446725	67.75805224289154	73.61666081884486	411.3782178286089	3781.921000851925	822.1437757865461	1765.590508973524	11.69989469289354
?	102.40099511772988	-2075.7089057578482	68.31669962646969	-347.1256108207447	492.305258991105	1224.7593854047318	1058.492802597287	14890.018644092672	7.962765362645794
?	-1	-21.556407197493268	50.40177170185429	-58.92836195335685	472.61618709884556	1373.8097614639548	1566.6447079911804	16848.312427546327	-1
?	101.32317475785521	1969.4067380803676	65.37028152880184	510.3447033126714	560.9957470643028	-1669.9234140189897	1900.9084239746041	6183.24690714226	1.087259834204125
?	97.47033690401847	-181.91758878268797	75.91900686748788	3.4599619941886286	389.120016397896	-4713.962073875431	1875.8070533482937	-4314.102061723739	17.43094474317693
?	92.2272953187208	-1969.4067380803676	65.54327962851127	-597.2823219763561	325.29764337053103	1018.087747685661	1685.203320888417	-5722.509974169319	11.103076153229834
?	-1	102.35116631499088	46.05489076867005	156.1735945564807	440.0244037821791	551.6971839424612	1589.6815546398275	1238.344173398085	-1
?	97.34485363447035	1733.4464166910918	73.35195935633531	416.8935611658246	352.8825025676541	-3068.3429703207535	1747.1205295583213	-10636.741360648033	9.363308740937578
?	85.67232083455467	-79.38841539207765	66.8995688269613	-144.61553225083705	286.6072552661413	-1933.0492458299175	1057.8444866074253	-7603.305526216275	6.230554481992597
?	93.37543286486647	287.5540392900989	66.12118274379346	177.0318104970571	256.23004027615815	722.9803164383922	1366.9552532475072	9769.845931018206	9.466162436520266
?	100.05002279905956	103.23532140580377	75.75115935181412	86.31908154155556	322.75627108806077	2505.2744180346403	1546.336783158334	7585.560136616327	14.385473914655691
?	98.53719893515664	-2021.0004559811985	70.43713682087122	-335.384363599427	381.4937611778897	12214.045166192183	1746.2332600783222	5046.528108496273	14.9704879992722
?	-1	-1990.7439787031399	58.981941171842834	-203.19321685006173	933.4585293976678	10507.293706794368	1798.6631885831466	1407.4205128961698	-1
?	-1	2541.3594202600357	60.277475978368166	132.38340621962513	906.8584465176062	-6579.778140030469	1816.6042857231305	667.6513352087274	-1
?	126.06797101300133	2428.3700775830225	65.60111148282407	310.6810881579956	604.4696223961455	-10998.051832764864	1832.0457553435829	-2012.150939150272	0.4693463645342342
?	120.4185038791507	-370.42667648820685	75.81153038626789	15.624637477154463	356.955854879365	-5075.222274104987	1715.9967387656172	-2585.533128798197	18.489497816589584
?	107.54663718859105	-2428.3700775830225	66.38234335668179	-709.0919315536403	350.708508690897	2889.6335856811925	1702.7690989036735	2480.6067919872744	10.170990075837299
?	-1	-2170.932743771829	40.356933808586	-416.586103888699	501.4375341634241	8605.46475088014	1840.0270783649805	4261.39169473565	-1
?	-1	0	45.553038162246914	185.85585125490832	780.9817462349025	7233.180462077003	1915.8386836404552	878.2519407478216	-1
?	-1	0	49.64972637133138	84.74407908302227	863.0965572672729	2163.6638052297585	1883.9396754023714	-27.693615533626243	-1
?	-1	0	49.79024211639801	-138.90227117084171	889.16493649639	-3196.8296072063936	1914.454002863774	-1532.3586857923156	-1
?	-1	0	42.70461281278932	-114.63317754778343	703.2550769069538	-6893.196608671366	1807.321741112756	-2275.6265672644568	-1
?	-1	2015.9156966560704	44.05858323900886	638.5152140835683	544.505106062823	-6355.080161789359	1800.6726745005515	-134.65594933525202	-1
?	99.79578483280316	0	74.63037351696762	109.73524022565239	385.501068817487	-3431.236913734591	1800.5889436459934	-2205.9676393157665	3.79857728260246
?	-1	248.67900333454972	49.54534525029146	-232.15626661610682	372.94326037609403	2026.3739902922139	1690.3742925347635	-1685.9720073551412	-1
?	112.2297349995306	2164.5959566906636	63.02256018616232	462.9017530823051	486.81976833209734	-780.1191807959133	1716.2903432782366	5247.91507951983	4.329798266555366
?	107.22979783453279	-2264.59469999062	72.69043290440663	-471.5413168429526	333.9373013362985	-1500.8836477632617	1952.7700465107541	3578.5534991414615	9.516031080488862
?	-1	997.4911436771031	39.445494344014776	-275.26760858818204	411.7755859439345	5081.204981255445	1895.218018235309	-11997.616929764568	-1
?	157.10435501838776	2968.319031638509	58.92705247499758	755.0168804790001	587.9975503990698	48.22679291368121	1352.8892000225278	-10937.464092966818	5.531222567485997
?	147.41595158192493	-294.3864307656803	77.19633836796464	233.08324369863155	414.18692558961857	-4289.084614813706	1348.34481358697	6738.967333845368	15.273770792150751
?	142.3850334801038	-47.270467904857185	70.58121465992912	-321.79225569967787	373.5433196583853	-1858.6060784489698	1689.837566714795	-3829.337361385742	15.280433603248213
?	145.05242818668208	206.2292483471926	61.10672558298081	-92.27700933047605	321.2566216671704	-793.9522443600043	1156.8779455176837	1273.4048266978925	19.175709567571882
?	152.6964958974634	183.97041636030687	65.96736419340533	-9.515099883084053	333.84570744038524	-1029.2369203109993	1753.5078080496894	7814.692037156206	21.825079067864813
?	154.2509490046974	-369.6625726730743	60.63097058882661	-108.5933588608783	269.7947756516206	29.86762296001654	1547.6125473754926	-4331.242062278654	21.10084228086995
?	134.21336726380974	-508.2286519045074	60.537696250361435	257.2875374303697	335.33908858838606	2053.9933646806144	1536.9457049357575	4927.978333423079	12.684726109386684
?	128.8395164094721	-2704.2673452762047	73.49534746034505	-43.801069559181954	372.494443885651	10660.07366427586	1794.0114640466456	1976.3217367163477	15.634305769903287
?	-1	154.0012331877824	58.347642772402345	-230.96341956412144	868.3427718021771	7068.6782740759445	1635.7617917715745	-275.2536508743934	-1
?	136.5395780688612	2497.2655849027833	61.947176482139014	349.418438447974	725.9283575894469	-7512.193520864799	1780.248781502926	-2902.947570523826	5.538675046300749
?	123.86327924513871	-455.5456896128023	75.81856469480098	87.87340308117794	492.73309575893853	-6051.390587955981	1490.6144132453837	-9159.505281703114	9.174446372802908
?	113.76229358822117	-68.2970611311671	66.3408466361979	-162.00229184399348	423.35882819164897	-3298.788610732096	1322.273517417772	4617.406573219917	9.067361080504577
?	120.44842618858037	19.263251725551594	67.71845010260134	17.130330869913227	327.7936652223343	-1691.1578713398026	1721.4847419063788	6403.030721137375	15.627605329525167
?	114.72545617449875	-208.4387098899008	67.19736317969355	-193.13862935649422	338.80093462465913	891.6007787120757	1642.4250534746395	-3388.0937939895084	14.559052879472725
?	110.02649069408537	-96.0079440836771	58.06151863477666	-47.192883514275536	372.37370415793794	-749.582672830043	1552.080052206904	-2751.2118278347184	-1
?	109.92505897031491	7.029886809563688	64.83771900397979	330.85411934271895	301.3218009831571	320.83453057684665	1504.864462082904	-3178.7405479192307	7.13453186422218
?	110.37798503456355	-2218.501179406306	74.60422460191255	-461.68482937132404	388.4154306867802	1951.6443247819632	1393.143024810943	-415.14883094693835	12.347043317854109
?	-1	-2227.559700691279	41.753477535413666	-675.7062312775759	398.90401722225494	1934.9520754657715	1484.1070205355572	3713.486625863188	-1
?	-1	2132.812589398193	40.81891303803388	675.876706127669	485.16303446006845	-5.844844759037662	1578.8173561041017	-5931.119662921854	-1
?	105.64062946990926	1987.750166663908	75.547312841797	623.8047220059447	398.61177498430305	-3390.2964118765176	1187.5510373894656	-2493.4233185105263	12.211543645791995
?	98.38750833319504	-56.86651313270821	72.009149138331	-78.79965962117979	315.64821386624317	-2485.9327599531034	1454.1461901785758	1866.902453079467	14.567334805400051
?	102.79730381327386	404.6597155338384	71.60732986073802	-7.850057686508506	274.3151369866483	-565.5331441721044	1280.8961600434386	9288.730232146369	15.801493090985193
?	118.62049410988689	414.4122185531507	71.61664625400557	-156.3474122496747	287.37155665763805	7323.544109451722	1918.5827017858926	11538.24128498647	15.483033424115362
?	123.51791474093132	-2392.4098821977464	63.78995924825431	-213.00030743517175	640.4923424592331	12158.224558882022	1857.80822429276	-1904.3188563415583	7.664641447252731
?	-1	-2490.3582948186354	60.966630882247024	-21.275062734234	895.282784601737	5971.685795438291	1823.366758968815	-606.8212720849646	-2.0638054359846327
?	-1	0	62.726206111542616	-84.52885393868628	939.0766322311466	-5869.837251334709	1827.467160688512	-3032.3521489492005	-0.10637630809883587
?	-1	0	56.740188185312725	-555.846811557723	601.7909220350026	-6485.5632337305315	1671.7491515213555	-384.66190433828297	-1
?	-1	2418.2712469558473	34.933865533656565	163.39673471690858	614.7984705446212	903.1799254522693	1808.234065471598	-4808.029205557508	-1
?	119.91356234779194	2110.2348333889076	64.91002492115813	767.2950556626026	646.9499183076159	-363.9728872370883	1431.347691243481	-9387.101366101562	-0.2926297453406569
?	104.511741669445	-2418.2712469558473	73.29861831678656	-196.0993471525076	596.5998261827668	3340.820789851644	1338.8789971665215	5314.7918703384275	3.282768407891967
?	-1	-4.207745755207967	55.10505756353278	-174.73130841730443	813.9909578001975	1376.3356541550074	1697.0872847604014	8410.017398282806	-1
?	104.3013543816846	2047.6613740618534	64.56205289592137	402.33090175657736	665.416608890517	-6879.841026301737	1759.3798670806602	-4497.069516306749	2.7532786772382245
?	101.3830687030923	-188.70371259634777	75.22160265136158	-17.77699342973029	469.9989064851119	-6524.624466014365	1472.2338089450648	-16081.751222935638	10.797663013090176
?	94.86616875186725	-157.15888340352564	63.67320322443486	-120.88490205196919	339.18538558979986	-2731.9252781440177	955.2923059338812	-368.1472949486501	5.860344211769381
?	93.52512453291605	-72.87437641045497	69.17735754876314	-61.667688589248336	333.4026425779115	5838.03104560721	1453.8264441976323	16884.571602623648	11.089797274102526
?	91.22244993134451	-1890.5024906583278	60.58981879497245	-564.9854631202203	631.0869378701593	8790.028205730774	1799.5208860650605	8401.324442434208	0.6825591693662976
?	-1	-1844.4489986268968	40.928084392752226	-150.0291110071758	772.9040528644487	3093.7630862715146	1873.8926663193413	470.7054894082392	-1
?	-1	1847.0366823173067	53.08836324461369	576.1132546898509	785.7750921837345	-10446.218476304091	1823.0561605354724	-2230.948080210677	3.143717209665255
?	91.351834115865	0	69.73374712724467	-292.7347181121327	250.59312904924593	-9969.081035190027	1762.3452623088078	-2245.716478227372	9.365756599694057
?	-1	-71.28254790417341	38.4516273390071	-26.633543046055006	287.32104042423487	3306.6306509549536	1710.7703366241042	-4474.840836509654	-1
?	87.78770672065635	1729.4819090865474	68.40206997494192	623.6401418958146	415.924661596993	2367.11954037385	1538.603220483326	2395.3289518975403	9.799609096981635
?	85.47409545432706	-1775.7541344131332	69.63363443379772	-375.7097571644244	405.67701744292697	9611.94025830963	1830.5367842189808	4392.04355532727	7.796080258826585
?	-1	-1729.4819090865474	49.61658211672077	-310.9518921802929	896.5216745124728	11903.600716241624	1758.2053982496886	638.844119221269	-1
?	-1	2189.175317949641	54.086039824783136	368.504969932277	1000.8570532550061	-7498.444232501205	1862.478990180044	30.29809457806106	-1
?	108.45876589748165	2131.664853816711	68.04183061333455	394.598527096541	521.5994628874139	-10771.77777125714	1759.7203029785917	-15866.684930980793	5.409128525024758
?	105.58324269083516	-66.71686400074118	73.81596617961012	86.73764929033243	462.26816469215106	-1001.513548027557	1069.1447436310073	-16606.031946317184	16.08720519560386
?	105.12292269744461	-187.2599317182833	72.37871307785116	-34.81970666012882	471.5237854860362	-2366.581723976488	929.4187056627355	5811.054210931596	14.827653019989793
?	96.22024610492103	-269.98438319508193	72.07498084660368	51.97928531283044	343.9390784933271	-1239.7205438302851	1359.697454177586	5984.684691169228	10.843272546880378
?	91.62370353769056	-106.55508904133863	74.97767734349267	-67.18453235607707	409.5377582945222	-536.0123281500008	1228.6529402211959	3966.9770282839004	12.656928138358369
?	90.89249165285412	47.42782483325033	68.71575422879984	-239.02364468754072	317.13846208582714	-2515.2703378623073	1558.0463055917803	7516.270004691918	10.146637111153657
?	93.99509477935307	152.7291610913832	63.02649510911568	-64.01343261493389	283.77424140140727	-864.3789792346532	1604.4664404557905	4665.787601622226	7.106281542665611
?	98.52894970742325	320.7305903423065	65.51508259805316	109.31553129571536	273.91951312409464	1758.4698477749776	1791.3356856728908	-2553.9388105483386	14.23468608885147
?	110.03162429646834	237.74100355629997	68.49227167390143	136.06086349347513	371.69773379015584	3610.093684590369	1476.769499928374	-22087.872833490954	5.9228503863576885
?	110.41599988523821	-105.04944752804741	72.31812577272689	-44.71551352635815	454.42419735361244	-162.9197581263719	686.942043998347	-14641.64270498307	17.37978563575286
?	104.77915192006598	-2228.319997704772	66.25649599758353	-468.0619333392476	363.55174588383727	2470.3356505379666	744.687364679223	16458.21958115195	10.022645317777423
?	-1	433.25757073951775	48.91502910576459	165.3404250524841	577.9409798805103	2771.1899773283935	1509.8530230559415	5085.0490367712655	2.1385825046489786
?	126.4420304570418	2417.5709856054145	74.5235172502077	288.0934771114001	502.11124475025645	-494.1202087200367	998.9398165177854	-10233.939142674779	4.968569905553691
?	119.87854928027029	-2548.840609140845	63.31970296133454	-733.3882195922316	553.2349694445086	3858.41847072802	998.1560659222045	12391.13503364922	6.4590053597943475
?	-1	143.0431129445895	37.854106270596255	-375.6146746570446	695.0321682866568	-3167.3831452938393	1618.4965682002442	9759.80443455695	-1
?	127.03070492749974	2453.132840384164	44.53896922848238	728.7333351234621	394.86581217981717	-4831.822154494049	1486.1462876500502	-13475.32353165009	-1.9474798748573596
?	121.65664201920777	-317.43910277392246	74.29077302676923	568.5849971885749	453.44106056195517	2080.1142303052275	944.730391617742	-10692.88431089941	15.443177495939063
?	111.15874978880368	-274.74682875231605	72.96821908791102	-57.283646896531685	498.87152369507817	2178.381723531596	951.5020721050817	2954.7893573286105	12.798640919293206
?	107.91930058159201	-203.73210644802683	71.42659068194266	-19.54143305404024	562.3601467385346	1894.1401958654205	1092.469859484172	5791.311479204126	14.725336649107927
?	100.97214446640237	-433.89163044542425	71.99114743520902	-20.60211706669016	593.5785334883489	271.9838470022601	1241.067646065287	9574.995348754193	11.486747267580563
?	86.22471905932088	-476.8008315752144	70.39648482860815	-101.65170260068045	575.9593390886475	-3978.5603335634078	1571.21962692188	6506.97611092206	8.966166291662521
?	77.13210288764174	-150.84663642712056	66.90856230517501	-70.16279713531358	394.65051681017917	-4549.438312588048	1566.4164516113888	-1584.4474946430557	-0.9626593246682239
?	78.68238723796488	58.51800483238342	66.88834497184249	-83.49697194172124	348.487423459246	3141.790480858233	1491.9972521897275	-3276.560465451924	-0.5429378219815828
?	80.0580031292609	-1593.6477447593031	62.73371370808896	-410.8488439088997	551.7400408530903	8137.420189386975	1402.5884283387932	3139.184049302246	2.891487309105905
?	-1	-1621.1600625852236	46.34590277639757	-234.6462030833578	755.3584329285933	5602.892230777863	1648.9564546548393	7408.228259933202	-1
?	-1	0	51.001403553921115	171.57890019376526	831.8846523919824	1814.8621408278673	1772.999841335452	3567.448095943263	-1
?	-1	0	54.924847786085806	105.9716281376246	846.1015399699863	-442.47405399851164	1827.3288594520018	204.6217031749764	-1
?	-1	0	56.29998496080233	48.781997653297424	809.7609496920569	839.832026898576	1783.2309264942007	-2325.919443192178	-1
?	-1	0	57.36394766875067	4.968094882045779	888.093141314915	100.62893813649715	1711.0328872923933	-2171.6357260892105	-1
?	-1	0	56.548389704904615	-183.88831507648698	814.7923965988817	-4434.2421669542	1674.6491401897406	-2196.8945962704024	-1
?	-1	2745.8913918192793	48.16953191492635	-267.5602339981054	666.3810329672058	-6338.098217142094	1601.1881574788736	1731.4415816381704	-1
?	136.29456959096348	2518.6640130711444	43.17037800499939	487.15837326060324	497.88748574177816	-7598.867928756136	1761.2212192716488	-3248.7062524175167	-1
?	124.93320065355677	18.000726327038088	72.52745057795643	660.2805595935548	286.4376365294003	-2426.8285064510355	1438.7528448579983	-8102.320282677922	7.524769548188173
?	137.19460590731538	144.06648972242147	76.18440598467701	-147.712801221958	376.5460604192268	482.8227195657456	1356.1052051377542	175.60324107807054	20.733761858649682
?	132.13652513967781	196.11923107363808	65.14181051685856	-70.7390040256669	310.5787725076875	925.2440870866404	1447.5330069119018	-1424.4038952411943	13.331475491955251
?	147.00056746099725	287.9659071897514	72.64745578339368	118.48072221036787	422.8082647735587	3366.7574642536015	1284.8850103756947	-10176.362459786978	11.420808564636996
?	146.53482049916533	-188.4734538711332	71.06584662737693	-140.54319531773126	478.916645720367	-19.911998740087782	938.7148839225547	-6912.065938028059	17.767057807640867
?	137.57689476744062	-2950.696409983317	65.62029601750714	-463.7363756983856	421.8126648365543	3806.8910223483567	939.281713474293	9893.966304909603	14.571532742033506
?	-1	-2771.537895348822	47.87902784245773	-213.9451317820157	669.2611968377842	3009.3239117155617	1433.413199168033	6255.425260293516	-1
?	-1	2896.5118393594757	54.9230394284064	511.2944222819284	572.2788604223318	-4917.0755951775545	1252.0529764889677	-4990.245787600046	-1
?	143.82559196797328	2817.513062523825	73.44374895655406	433.03795982471667	423.4074170789073	-3360.826639728645	1183.9009097880316	3046.409043484766	14.51650528185603
?	139.87565312619074	-186.31289001977856	76.57493741964215	38.69793646351197	404.2375284359002	-386.1644869316367	1404.3734286632055	9223.733182538701	22.972816842083482
?	134.50994746698439	-232.8774969473849	75.37864577972965	-479.33054427136267	404.09919273232555	-939.0435854493443	1645.087568914965	5040.909789653215	17.071211593806403
?	128.23177827882154	30.630943904537954	52.608410206074105	-507.81460212334974	357.2853491634331	1501.9734369713701	1656.4189181458653	641.5063965258992	5.6233422672451265
?	136.04149466221128	81.61597075810477	49.987915673562256	464.55278264512526	479.1978645808938	744.1394575680753	1677.1628887412598	859.5928540008785	3.970498126489451
?	132.31257681672676	-353.1982607612657	75.83604933833028	311.76980733524823	394.49232204183676	-2580.0989742263996	1699.398560845909	-4255.050541787238	14.711627783448932
?	118.38158162414805	-200.45859673755203	65.57640604032461	-114.71342124576735	350.1929158695743	-795.2470732066166	1464.4103616518987	-5340.861109342855	12.456416273114378
?	122.2896469798492	143.2643487126685	70.10037827604194	128.63201812821404	354.72996838150607	-137.15942240027678	1432.3555053787672	4230.232256462438	17.302748004047018
?	125.54479905978145	53.394315642750506	72.00800694673529	88.30715666300054	343.33494474956046	-513.4109565127569	1675.9219744750199	7850.190618864527	13.532886546618922
?	124.95936276198671	-203.49772876193114	74.51573610919195	-153.2651719011403	329.0594205558683	-1879.9258931721856	1824.8650363219922	-5275.126874344397	16.671875840019013
?	115.36991262168493	-145.66976710195542	64.3447483516783	21.539779166516347	249.33865009095152	92.75753414444726	1412.165630757801	-5856.72975204727	10.76684170799931
?	117.67587440688897	38.06805134831804	75.59272506751776	192.73288514034488	333.69729726309066	1713.0738216391226	1532.0285487196297	3628.9780705427293	13.222768966613435
?	117.27331518910083	-134.83199225883047	73.98139260869552	-307.05208043021366	334.99234117290735	-32.94851557859613	1593.6145342849368	2803.8162991746103	17.980540910385933
?	110.93427479394747	103.5792318822312	60.24012104600713	-131.4742266613648	332.04987148416086	-295.1265099191038	1672.2193636783597	2738.896723689582	7.290160113077411
?	122.45227678321237	255.414018879246	67.4076812756273	276.75939196448564	320.2360156769522	342.9903876144261	1730.5593704694154	-4599.23249610856	15.996041319479314
?	123.70497573790972	17.82322998643827	74.07809064423137	151.63356596283134	349.1993908648821	1259.8429273354986	1442.2577388729326	-7665.030964302573	16.888785330944334
?	123.34343828253428	-31.920189956712306	74.98935957376884	-16.90608075443271	383.2281620437269	-271.1041051832545	1347.307822254288	5721.787838509069	15.168234347301496
?	122.10896624007411	-224.27614375649875	73.23278660650973	-608.2991062560308	335.64418560571943	-497.84660161484516	1728.347130798385	5389.423956733977	14.50479198447996
?	112.12963109470938	-42.53849506774568	44.574404260967405	-137.50088177371512	358.33583196298474	3482.9807684843395	1616.779020090986	-193.4726935674298	-1
?	119.9820414866868	-22.63776636811936	66.35774251782388	601.7174600845714	509.79322402993887	2047.4541257704157	1718.6734961200134	-1628.0627191460821	2.9634802732560583
?	110.9977427763034	-272.786513138749	74.6602772651964	24.604124666309353	460.708538251507	-3436.1691228529594	1535.3758841336808	-2618.152374012592	10.272923378006684
?	106.34271582974915	-103.9188444223006	67.58794875113937	-403.7251947543056	337.98476788728846	-3071.0955624748144	1587.765877419382	4753.082324961202	11.923805610185111
?	105.8018005551883	297.2362314554406	54.47401752748083	-143.71671083032433	307.1537601277641	4102.229353813797	1773.0300003817442	3794.687892104617	7.895978266621121
?	121.20452740252139	276.91277959824566	60.402113209623046	366.3919582715764	543.0962355779813	3814.8266660379513	1777.5002720246155	-6677.688609518355	0.2199202002929681
?	119.64743953510077	-32.65976128643427	72.79361544105991	172.52981858843978	497.89509342966437	-2932.535692012796	1439.1455699058217	-961.0840169574203	15.129233828490399
?	119.57153933819966	-2412.948790701981	69.02860413904516	-605.0083778824857	396.46945097733936	-1089.3657601672287	1729.4460711767438	4945.892972558316	11.265062908737786
?	-1	-2411.430786763959	42.5431965469352	-250.99767670363207	443.42680542130216	11110.628744722482	1686.440218533741	174.1936043388362	-1
?	-1	2911.7117063801215	56.478720303863376	413.664843616157	952.0008882134714	3523.66670148736	1738.1557513936857	4477.207982224618	3.2635003376449423
?	144.58558531900815	2770.694723258776	63.22643872774334	404.9107110263029	619.6101404956727	-13450.985784636741	1910.300617644975	3278.901123208201	4.527225942579792
?	137.53473616294076	-257.3738908956532	76.72425585517881	304.78749963816364	279.4515989816248	-5853.4730953102335	1902.100807554098	-11160.121534907727	12.62196477933222
?	131.7168907742253	-189.29137473339907	78.46581370965174	-41.59473160981887	326.93648573015685	1654.5463216673845	1352.2945408995809	-17707.45349604858	16.458345423367643
?	128.07016742627067	-217.0165212247713	74.64451927468784	-371.0244534397455	362.1789150649952	-1198.3067180545856	1016.7281327516565	-5259.773456694914	18.418468811451014
?	120.86606471298659	-72.31055588926961	59.9145910376642	20.626475432128746	267.0211498274267	-83.92625159832954	1089.3058680648314	16848.033841825	8.80574493596049
?	124.45463963180714	-119.10236215500619	75.67584304629429	234.82266206247283	357.98260248507864	3561.2567320937756	1859.1298248429184	7734.838476028439	15.902749875096253
?	114.91094660523619	-309.4033114995405	71.65572414078801	-178.7504696134113	445.083986432118	1726.4228081786114	1476.0477918662589	-19394.992127443937	9.102199388679976
?	108.9844740568299	8.168006344612762	66.7383195656236	59.22928988028731	444.30374289401044	-355.87049290750605	889.3802184707078	-11935.228055798085	12.490525678398884
?	115.31934692246683	110.54694475434827	74.61718863480242	174.13597524802478	427.29046178674247	-775.2784405521587	879.2863890763462	10129.246928608063	20.351167831820156
?	114.51182129454739	1.5840894299944128	75.44511832802496	28.61337760158721	405.53982086640195	-2037.2356476244722	1395.842564901118	15697.992763679378	17.119660156217474
?	115.39855139396656	-98.27406762972802	76.0478575148818	-175.22908646283986	325.4286794055174	-2415.2123883986087	1664.1860272603262	-2680.5059660696934	19.497743130101888
?	109.59811791306092	-222.3868326408464	66.68366400488284	-237.54835578648712	284.7792014464698	-1310.4205440727317	1261.8172665976315	-14168.96247685483	14.502434951067535
?	104.27920976192408	-135.53148772951408	64.17043972555727	-54.340492609947056	259.9076522018799	-1119.7090789131717	955.7379034175747	-3027.849868144092	20.301850262118904
?	102.82154352658512	172.9184875450518	63.96663937438545	206.01070391313547	228.79374750081044	2593.9928277368226	1110.4247731904247	989.0485839179696	17.305386476648426
?	112.92513413917679	332.46733549183443	74.4709749212142	244.44650773364168	389.6072935887229	3328.823386141988	1005.1903326134739	-901.1124142462639	7.930884888594301
?	119.44491030117707	567.6396138081432	76.18896476106771	-6.0158187350170635	395.2349168079122	-836.2096081487215	1065.369152478111	11364.997220101593	12.41652596785378
?	141.30711482958435	720.5100343773838	74.17018398446334	-164.9197320582345	347.7968131812862	-2086.4191454212014	1573.4401936185616	6509.368755995763	13.967703967579052
?	155.47041202004678	279.3160256540324	67.94297815815587	-208.36361229824166	290.91395953685065	-1774.6286105002614	1390.8375902779037	-18671.342818293888	15.024260593782277
?	155.27291611228617	-563.7867824483806	63.752003369551105	-150.14873972767148	259.0653826562719	179.84076873468183	639.8730527038539	-4732.306127454932	24.205729838189793
?	127.28107289762735	-743.719931649718	60.435541171772186	238.47414465445073	299.9059979735849	2172.6748455931192	1154.2222839051537	23391.390761285344	8.254004630581504
?	118.08691952979974	-397.74715091666883	75.67571060227381	58.41229725910042	367.6991249359294	6415.822763987511	1809.4425907681375	13054.139391358418	14.174715048843021
?	107.39371535179363	-2381.738390595961	63.35615603472725	-565.7397548574592	620.697136172965	9776.064438412288	1806.929253473084	-337.1702162476138	7.263869329666727
?	-1	342.8213881906009	47.38872285940045	-282.3505682601833	856.5023468565507	3241.92889483839	1792.5840799557566	-799.7045531980507	-1
?	124.53478476132392	2380.325450426276	49.23862762171788	494.3249602047424	782.7935809148868	-11407.601961150589	1766.9440258131808	3969.6227657292757	-1
?	118.01627252131549	-264.3222011011192	72.10497086963792	373.7711389533298	286.12224879901316	-9749.31800278451	1991.0652182422232	-16047.777122991693	15.545280651728081
?	111.31867470626777	-140.21071100463786	67.92718456938464	63.526951749923576	295.32768077565436	2866.5573916907624	964.5551696635848	-3143.0029346156844	17.330717143331988
?	111.0057369710835	-115.5304560212017	75.28131845713415	123.11345282144141	429.45011838355333	4508.219985970709	1833.9150715114367	9597.365965431136	15.286408622396715
?	105.5421519052076	-2240.114739421638	74.0828572104568	-602.1760417082362	520.738680074193	-179.09388796819457	1444.4234679351484	-10685.354783850602	9.110210864076546
?	-1	-2130.8430381041217	45.17251637172191	-710.5077446022278	420.4954239851435	-704.201088131497	1299.647332318899	1429.4989330757223	-1
?	-1	19.999999999999716	38.5574699803449	-903.4503274344254	485.52862566761763	-8409.90847970275	1515.8984145889356	-25992.94664637761	3.0498275738405445
